favorites	(2,62874)
almilla	(5,18057), (4,18057)
tirteafuera	(5,30148), (4,30148), (5,30278), (4,30278), (5,30696), (4,30696), (5,30704), (4,30704), (5,31569), (5,30162), (4,31569), (4,30162), (5,31674), (4,31674), (5,32732), (4,32732), (5,30142), (4,30142)
instances	(0,3426), (2,45957), (1,5351), (2,55016), (0,3672), (2,35405)
flee	(2,60419), (2,60358), (2,41064), (2,54734), (2,37728)
agarrale	(5,31386), (4,31386)
fled	(2,44227), (2,44230), (6,11339), (2,56967), (2,54792), (1,14057), (2,56970), (0,4617), (0,2634), (0,4364), (0,1616), (1,15220), (2,58517), (2,56982), (6,6304), (0,6554), (0,4511), (1,1922), (0,3681), (2,59109), (2,1638), (2,56934), (1,2054), (2,54698), (0,2858), (2,10732), (0,2859), (0,428), (2,56945), (6,12406), (0,4401), (1,10387), (1,14035), (1,14036), (2,58486), (2,58488), (2,42937), (2,56891), (0,3194), (2,10044), (2,56956), (3,9825), (2,17536)
solitudeshe	(2,61439)
numerical	(2,36706), (2,35737)
ageeanwards	(1,2686)
brazas	(4,23923), (5,23848), (4,23848), (5,23916), (4,23916), (5,23923)
rouleau	(3,13860), (3,13846)
taxing	(3,4758), (3,5355)
flew	(2,8321), (2,10498), (2,34309), (2,51717), (2,43655), (2,43656), (2,18314), (1,5930), (2,58637), (1,3762), (1,11443), (2,27033), (2,27417), (6,5150), (6,5667), (2,27428), (0,5479), (2,16297), (2,27435), (2,47919), (2,18352), (2,42547), (2,18358), (2,46906), (2,46907), (1,9949), (1,15454), (2,31811), (6,6473), (2,15431), (2,43080), (1,9966), (2,15956), (2,31701), (6,8410), (2,25942), (2,31706), (2,43996), (2,8031), (2,28513), (2,54241), (3,2118), (1,517), (1,4485), (2,37481), (1,5259), (2,43630), (1,6031), (2,8305), (2,26612), (2,43508), (2,42741), (2,8310), (2,43510), (2,8311), (2,37495), (2,42871), (2,37496), (2,8315), (2,39551), (2,27136)
limitless	(2,57276), (2,54334)
laudanum	(6,5131), (1,5942), (1,6009), (3,2252), (0,5900)
quintanona	(5,16758), (4,16758), (5,24231), (4,24231), (5,16761), (4,16761), (5,3325), (4,3325), (5,4350), (4,4350)
abrasemos	(5,28720), (4,28720)
asegurandole	(5,10744), (4,10744), (5,16076), (4,16076), (5,3038), (4,3038)
resplandecen	(5,17889), (4,17889)
dunwhite	(0,1482)
navio	(5,25736), (4,25736), (5,11406), (4,11406), (5,14303), (4,14303)
correspondiendoles	(5,34370), (4,34370)
solitarios	(5,7661), (4,7661)
response	(1,5969), (1,5972), (1,15093), (3,10553), (1,14151), (1,8250), (1,10091), (2,48524), (3,10110), (3,6991), (3,1376), (2,53631)
lecion	(5,16706), (4,16706)
responsive	(3,10678), (2,18909)
herself	(2,61446), (2,52236), (2,49168), (2,61456), (3,12275), (2,24597), (2,61464), (2,61468), (2,52254), (3,4097), (3,13316), (3,15365), (2,61476), (2,57381), (2,36903), (2,16427), (2,25646), (2,62511), (2,12338), (2,5174), (2,38966), (2,38967), (3,4121), (2,17464), (2,12346), (2,57403), (2,29758), (2,29761), (2,62529), (2,1090), (2,12356), (2,52295), (2,6220), (2,29784), (2,34904), (2,29786), (2,61540), (2,29798), (2,30822), (3,15432), (2,57449), (2,30827), (2,24684), (2,62573), (2,57455), (2,27763), (2,31860), (2,30838), (2,61559), (0,2230), (2,57469), (2,12415), (3,11363), (3,15459), (2,27782), (2,59531), (2,30860), (2,31884), (2,61581), (2,16527), (2,61583), (2,31895), (2,57495), (2,5275), (2,30880), (3,15491), (2,62632), (0,232), (2,31914), (1,3275), (1,4299), (2,61612), (1,13519), (2,29876), (2,38070), (3,155), (3,14492), (2,31932), (2,31937), (2,31941), (2,12489), (2,28873), (3,8364), (6,1105), (3,2222), (6,11349), (2,25810), (2,27859), (2,5332), (2,4309), (1,11509), (3,15547), (2,17628), (3,15550), (2,28894), (2,60647), (2,57578), (2,1262), (2,12529), (0,2356), (2,57590), (2,61686), (2,25847), (2,33017), (2,28923), (2,25853), (2,30975), (2,29952), (2,57600), (3,15587), (3,15588), (2,25859), (2,25867), (2,25868), (2,11534), (2,5394), (2,60690), (3,7413), (2,57622), (3,11512), (2,57629), (2,27945), (2,52522), (2,1329), (2,27954), (2,50486), (3,14616), (3,14619), (2,18746), (2,18747), (2,18749), (2,31043), (2,27972), (2,23882), (3,1324), (3,14636), (2,12628), (2,27988), (2,25941), (2,27990), (2,27992), (1,11640), (2,29019), (2,31067), (2,60763), (0,2458), (2,5470), (2,60766), (2,16735), (2,25952), (2,46433), (2,60771), (2,60774), (2,60775), (0,4520), (2,39274), (2,60783), (2,39282), (3,11604), (2,25972), (1,12693), (2,61823), (1,4520), (2,61836), (0,2509), (2,24976), (2,31120), (2,61842), (2,38291), (2,49566), (3,7552), (2,12706), (2,12716), (2,50607), (2,60847), (2,30129), (0,3571), (2,25015), (2,60856), (2,31162), (2,2491), (2,12732), (2,12735), (2,31167), (2,32193), (6,5448), (1,14819), (2,45510), (2,61894), (2,40391), (2,30154), (6,5456), (2,28108), (2,25043), (2,28115), (2,31187), (2,39380), (0,2579), (2,45526), (2,25047), (2,19928), (2,38360), (2,59866), (2,27099), (0,2588), (6,2406), (1,10755), (2,36327), (2,35309), (2,46573), (2,31215), (2,26099), (2,35316), (1,3615), (2,5633), (2,35329), (1,3619), (1,14883), (2,50694), (2,58893), (1,11824), (2,38419), (2,58900), (1,14900), (6,2458), (2,38422), (2,27159), (2,35355), (2,50716), (2,50717), (1,3645), (3,5631), (2,27172), (2,4646), (2,27178), (2,50732), (2,45614), (2,35375), (2,62000), (2,35378), (2,50742), (2,27191), (2,20024), (2,32312), (2,5690), (2,50752), (2,62018), (2,50761), (2,35402), (6,477), (0,663), (2,59995), (3,13885), (1,3714), (3,7748), (2,35427), (2,38499), (2,29284), (2,29286), (1,11913), (2,4715), (6,10735), (2,29293), (2,30318), (2,60017), (2,29298), (2,61042), (2,35443), (2,4726), (2,35446), (2,28281), (3,5725), (2,31360), (2,12931), (2,44679), (2,38536), (3,7790), (2,62093), (1,8878), (2,38545), (2,44691), (2,44692), (2,1688), (0,3799), (2,44700), (2,29341), (3,8831), (2,48804), (2,29353), (2,38577), (2,28338), (2,2739), (2,61108), (2,50870), (2,12984), (2,31416), (2,35520), (2,30407), (2,28361), (0,780), (2,35535), (2,61135), (3,7857), (2,35536), (2,2769), (3,7858), (2,13009), (2,20178), (2,38610), (2,44756), (2,35545), (1,11003), (3,4806), (2,24295), (2,39658), (2,13035), (2,39672), (2,39673), (1,14107), (2,51965), (2,35583), (2,51968), (3,8935), (2,27400), (2,26377), (2,32521), (2,35595), (2,35596), (6,11921), (2,61198), (2,26383), (3,6901), (2,26391), (2,13082), (2,51995), (2,51997), (1,3901), (6,2727), (2,44837), (2,3879), (3,14090), (2,49961), (1,3915), (2,45872), (1,15184), (2,3903), (2,44863), (1,14177), (2,24387), (2,24395), (2,61261), (2,4942), (2,27470), (2,27481), (2,51034), (2,52063), (2,51042), (2,51043), (2,51044), (2,21359), (2,51055), (1,1937), (2,2932), (1,1941), (1,1943), (1,1944), (2,21381), (2,13194), (2,44941), (2,30610), (2,30611), (0,2022), (3,12170), (2,49068), (2,52142), (2,59310), (3,14225), (2,52144), (2,30644), (2,12213), (2,18359), (2,26554), (1,13274), (2,25532), (2,30652), (1,4061), (2,38850), (2,8131), (2,38853), (2,51142), (2,52172), (2,38863), (2,30672), (0,1039), (2,24531), (2,12244), (2,27607), (2,12248), (2,30681), (3,15291), (2,24538), (2,38874), (3,15293), (2,61404), (2,30688), (2,30690), (2,16355), (2,30693), (2,30696), (2,38888), (2,38893), (2,59374), (2,17391), (2,52207), (2,57327), (2,38896), (2,57328), (2,49137), (2,2036), (1,5145)
sinificativo	(4,29107), (5,29107)
rival	(2,3345), (2,41617), (2,44305), (6,10092), (5,21788), (4,21788), (2,12251), (2,27340), (0,238)
