lijereza	(1,8992), (1,9824), (1,9984), (1,17216), (1,2082), (1,12903), (1,16585), (1,15178), (1,13772), (1,11725), (1,2222), (1,14254), (1,5743), (1,14415), (1,4401), (1,2194), (1,1619), (1,6900), (1,10516), (1,1815), (1,11415), (1,12152), (1,10207)
bajado	(3,1538), (3,1798), (1,6761)
monstruosa	(5,2200)
xlv	(4,6032)
numerous	(0,14016), (4,9196)
original11	(0,515)
dispondre	(1,18290)
sess	(5,3126), (5,2570), (5,2699), (5,752), (5,2513)
trazados	(5,5686), (5,6681)
requerian	(1,7277), (5,7425)
seta	(0,9315), (0,1735)
jesuitas	(5,6405), (3,651), (3,653)
pedirse	(0,4090)
aras	(2,1618), (1,1925), (5,5258)
vaticano	(1,7791)
butifarros	(4,4075)
basta	(5,4004), (2,2627), (5,6310), (3,677), (2,2628), (5,6951), (1,17703), (4,1810), (1,16689), (2,211), (1,626), (4,5334), (4,4952), (4,8216), (4,1177), (1,11126), (0,12887), (5,445), (1,18297), (1,3322), (5,3967), (1,9341), (1,831), (4,5730), (4,6498), (5,5509), (2,6563), (1,1283), (4,5222), (1,4483), (5,6727), (2,2790), (4,8424), (4,1903), (2,6512), (1,5968), (2,2738), (1,790), (0,757), (4,7546), (1,16537), (4,319), (4,4928), (1,12701), (4,4929), (1,5790)
monstruoso	(5,1479), (2,2366)
baste	(3,150), (1,9341)
tierrafirme	(0,12856), (1,9388), (0,11853)
introducen	(0,225)
reconoce	(3,1983), (5,3507)
vieren	(1,12400), (0,1986), (0,3037), (1,17823)
expresen	(3,2674)
seso	(4,3044), (4,7141), (4,5674), (4,2987), (1,18795), (4,6623), (1,18796), (2,6942), (2,3103), (4,8209)
basto	(0,7535), (1,370), (5,982), (5,4235), (5,239), (5,6831), (0,6109)
vieres	(4,7126), (0,10852), (1,4086), (4,7113), (4,3197)
deseaba	(1,4132), (1,9640), (1,6890), (1,6954), (3,1198), (1,7212), (4,7888), (0,8269), (5,2102), (1,13234), (1,16434), (0,7890), (5,3384), (2,1750), (0,7637), (4,5917), (1,15803), (1,6845), (1,8894), (1,13696), (1,4163), (1,16773), (1,1158), (1,15814), (2,5225), (0,7336), (1,3660), (1,3597), (0,7916), (5,3219), (1,3280), (4,2676), (1,6226), (1,9620), (1,18580), (1,9941), (0,7222), (1,13083), (1,13406)
encendida	(1,12368), (1,11030), (4,635), (5,1247)
bajaes	(1,3825), (1,3750), (1,4054), (1,4424), (1,4057), (1,3498), (1,3611), (1,2988), (1,3660)
amargura	(2,6097), (1,1786), (5,6782), (2,5852), (2,1373), (2,1677), (5,5346), (2,6175)
volunteers	(0,14016), (2,8323), (5,9129), (1,19175), (4,9100), (1,19244), (4,9168), (5,9074), (1,19247), (4,9171), (5,9143), (5,9146), (0,13974), (0,13919), (0,13988), (4,9195), (0,13991), (3,3277), (2,8306), (3,3222), (3,3291), (2,8251), (3,3294), (1,19230), (2,8320), (4,9154)
desbordadas	(5,1593)
vanitatem	(4,8307)
pedirte	(1,9090), (1,8775), (1,5560), (1,1069)
sacamuelas	(4,2094)
sere	(4,658), (4,532), (1,630), (4,8285), (0,3164), (1,14335), (1,6401), (4,3941), (2,4836), (1,1029), (4,7723), (2,2987), (2,3435), (1,3531), (4,8302), (1,17675), (1,18830), (2,880), (1,5583), (2,2353), (1,11152), (1,12114), (2,5108), (2,7284), (2,4789), (1,4564), (4,1592), (4,5693), (2,3070), (4,2690), (4,3906)
encendido	(1,9298), (1,3557), (2,759), (1,2950), (2,1544), (1,12375), (2,5338), (1,10042), (2,6301), (2,7805), (1,14957)
puntuacion	(0,42), (4,258)
sera	(4,2500), (4,3525), (2,3588), (4,6598), (2,3080), (0,5191), (2,4622), (1,6191), (2,531), (1,9780), (1,3638), (1,6719), (4,490), (1,8775), (2,6191), (0,8304), (1,6739), (4,4087), (5,5080), (1,8788), (2,6712), (0,3704), (2,6715), (2,6206), (2,6723), (3,549), (4,1546), (1,3175), (1,4711), (0,8327), (4,1037), (1,2668), (4,8207), (4,1553), (0,5773), (1,1135), (0,3726), (4,3609), (1,13943), (2,4698), (4,5660), (2,6234), (2,6235), (4,5662), (0,7835), (4,5664), (0,9373), (4,5668), (0,5794), (3,2632), (0,678), (4,3626), (0,3753), (0,9385), (0,9389), (4,4659), (1,660), (4,2105), (1,1693), (4,578), (4,7746), (1,13983), (4,581), (1,164), (1,165), (4,3147), (4,5195), (4,8268), (4,8270), (0,3276), (2,4750), (1,15021), (4,5715), (1,14514), (0,3282), (0,2260), (4,5720), (2,7318), (1,15030), (0,2262), (1,12471), (0,5335), (1,10936), (2,5276), (0,5338), (4,4192), (4,7266), (1,10944), (1,11456), (4,8294), (0,5862), (1,11980), (3,1685), (2,7860), (1,8403), (0,3827), (1,11476), (4,3193), (4,5754), (1,16602), (1,18138), (1,18653), (2,5825), (4,1157), (0,8961), (0,9474), (0,3845), (4,652), (4,1167), (0,5390), (1,12015), (0,1807), (0,3855), (0,2833), (1,4850), (0,5398), (1,12023), (4,5275), (0,5399), (4,3228), (0,5401), (0,2332), (1,15101), (2,2784), (5,1670), (1,6402), (0,3366), (3,2763), (4,6316), (2,747), (4,2228), (0,1842), (4,6841), (2,1273), (0,11575), (2,2810), (1,15641), (1,3871), (4,7878), (1,18731), (0,3410), (4,4825), (0,4439), (1,12090), (0,4954), (0,3422), (1,15172), (0,1897), (2,1325), (2,6448), (4,5367), (4,763), (1,5980), (4,4354), (4,5892), (1,10082), (1,18275), (1,1893), (4,2827), (0,2952), (1,12137), (0,3468), (1,13166), (1,11119), (4,5907), (1,18801), (0,2965), (0,1943), (1,10618), (0,5018), (0,1435), (2,3934), (0,926), (0,1950), (1,4992), (2,4450), (1,899), (4,8487), (3,2889), (1,6023), (0,4010), (0,4011), (1,18828), (1,6541), (2,1394), (2,5495), (2,891), (2,1403), (1,1948), (2,1406), (0,5060), (2,7559), (2,1417), (0,3530), (1,16299), (0,9166), (2,2961), (3,2930), (4,4954), (2,6552), (0,2521), (2,1949), (2,1950), (1,8125), (1,16318), (4,7523), (0,4065), (3,2949), (1,14787), (1,3530), (2,6571), (1,974), (3,1939), (1,9682), (3,1942), (1,10197), (4,7552), (0,5632), (1,9185), (4,902), (2,4038), (4,1417), (0,5641), (2,3027), (1,18419), (0,3607), (1,1017), (1,4089), (1,18426), (1,3579), (1,16382), (2,7648), (0,7718), (2,5611), (2,5613), (2,2542), (4,8626), (4,8118), (1,10260), (0,1081), (4,6591), (2,3070), (4,449), (4,7617)
cigarros	(2,4619)
marana	(1,16024)
sero	(4,7159)
cardinales	(2,1979)
denotadas	(5,44), (5,45)
investigacion	(3,194), (5,4999), (0,756), (0,151), (0,700)
supieses	(1,16829)
pregonando	(1,17364), (5,2459)
registrar	(0,1658), (5,5985)
supiesen	(0,8559), (0,7905), (0,7941), (0,8793), (1,13131), (0,8907), (3,1665)
estremeciendome	(2,4308)
banderetas	(1,4413)
hacerse	(1,10400), (0,12033), (2,4357), (3,876), (5,5808), (1,5807), (1,6326), (1,13430), (1,15990), (2,2712), (1,15288), (5,3966), (1,15292), (2,2846), (3,2943), (3,2945), (2,5088), (0,5855), (3,2950), (0,7716), (2,1192), (2,5544), (2,4393), (0,3240), (0,1706), (5,5455), (1,16141), (2,2226), (0,4208), (0,8305), (2,7220), (1,3412), (1,14361), (1,8602), (1,11163), (2,5438), (2,3199), (2,7168)
desecho	(2,5729)
acordandome	(1,16678)
clueco	(2,5424)
callen	(4,7464), (1,17131)
carpeta	(0,13331), (0,13142)
barba	(1,737), (4,7620), (1,8449), (2,3620), (1,10883), (1,15780), (1,742), (4,7945), (1,8455), (2,650), (0,13128), (4,430), (1,430), (1,17198), (2,6096), (2,3731), (2,1846), (4,6904), (3,153), (1,9656), (3,1341), (4,2016), (2,256)
calvarios	(2,5515)
presenciando	(5,7077), (5,7138)
aprecia	(2,3334), (2,3451), (2,3452), (5,7811)
importadas	(5,1686)
modernizada	(2,34)
auguraban	(5,3144)
tocaban	(1,6648), (1,16588), (1,6461), (1,8429), (1,8590)
utiles	(5,1318), (5,5383), (5,2572), (2,1995), (3,2479)
desembarcaron	(3,1731), (5,2822), (1,7766), (1,7242), (0,6826)
lavazaris	(0,8201)
expremir	(4,341), (4,8198)
476	(0,11829)
hiela	(5,4070), (2,6015)
abraza	(2,4851), (1,474), (3,1295), (0,5772)
baras	(0,6484), (0,7860), (0,8676), (0,6393), (0,6441), (0,8601), (0,6958)
colosal	(5,5801), (5,7274), (2,1738), (5,1119), (5,272)
monitorios	(1,5702)
amigos	(0,9792), (0,4161), (3,2789), (1,14116), (0,2377), (0,8009), (1,17194), (4,6863), (1,9773), (4,4562), (0,4687), (0,337), (2,2835), (0,10325), (5,3006), (1,16698), (2,4125), (4,994), (1,10815), (1,7232), (2,2594), (3,1029), (1,4675), (2,6948), (2,7460), (2,6438), (0,5733), (0,6501), (0,8295), (1,10829), (4,3061), (5,3030), (0,7282), (0,6771), (0,6772), (2,6455), (0,11893), (0,6519), (3,2589), (1,10843), (1,93), (0,7036), (1,5726), (2,6719), (1,6238), (1,5727), (1,5730), (1,5731), (0,6786), (2,4421), (5,3050), (2,6727), (1,11622), (5,1003), (1,5735), (0,7814), (3,2602), (1,5736), (0,7303), (5,2285), (0,7304), (4,7949), (5,240), (4,8208), (2,2383), (0,7056), (3,1332), (1,6770), (1,4212), (0,5014), (1,14455), (3,1594), (0,7065), (3,1085), (1,10107), (0,10653), (1,14463), (5,5894), (1,18312), (5,4621), (1,9609), (2,7020), (5,7445), (0,691), (0,9908), (0,9909), (1,14742), (2,6265), (1,10138), (0,956), (1,14238), (0,7106), (0,8130), (5,3112), (0,3012), (1,9381), (0,2504), (0,8137), (0,10441), (1,17323), (5,7473), (1,9645), (0,1741), (1,7854), (1,10158), (4,595), (1,9652), (3,1911), (1,12469), (1,10422), (4,6749), (5,575), (0,3546), (1,14274), (0,8420), (1,18886), (1,2247), (5,4171), (0,8166), (1,7368), (0,8167), (1,10697), (0,10728), (1,15817), (2,7339), (2,2221), (0,6380), (2,7344), (1,9423), (1,18384), (1,4817), (0,10225), (2,3252), (4,7030), (0,8436), (2,4026), (4,2173), (2,6333), (5,866), (3,1952), (2,7103), (0,10749), (1,14302), (2,7360), (5,1383), (1,8679), (5,3437), (0,7689), (1,18923), (5,3699), (5,3444), (0,10512), (5,1398), (0,10257), (5,2167), (1,5877), (2,5079), (1,15866), (5,383), (1,16637), (2,6623), (1,1791), (1,11007), (1,7938), (2,3815), (4,2477), (4,6576), (0,7222), (1,14616), (1,10010), (0,7226), (2,2813), (5,1443), (2,4608), (0,10302)
cuero	(1,1617), (1,7106), (4,2103), (4,7210), (0,471), (1,5416), (1,5592), (0,473), (4,3136), (1,11773), (1,12925)
sentimiento	(5,6628), (5,7206), (5,365), (5,2034), (1,15279), (1,13872), (1,3763), (1,7347), (5,6968), (5,4928), (5,5184), (1,3264), (1,13061), (5,652), (2,3817), (5,4622), (1,14154), (1,3404), (1,13004), (5,4561), (5,786), (1,6864), (1,13073), (1,2516), (5,5976), (1,6421), (1,16085), (1,3734), (5,7387), (1,13469)
repercutir	(5,3079)
acostar	(1,9360), (1,9811), (1,13651), (1,13006)
repercutio	(5,1827)
latitud	(3,1283), (5,152), (3,2326), (3,2407), (3,2264), (0,13557), (3,252), (5,626), (3,2320), (0,13405)
barca	(1,11452)
vendere	(4,6996), (4,8008)
canarias	(3,982)
comparaban	(5,2874)
countries	(3,3108), (1,19061), (2,8137), (4,8991), (5,8960), (0,13806)
480	(2,5327)
lanzando	(2,864)
barco	(0,10981), (0,6151), (3,2171), (0,6169), (0,9562), (0,9564)
pobladas	(0,3872), (0,4643), (3,554), (0,3882), (2,2671), (3,2897)
amiguito	(2,1859), (2,2691), (2,4886), (2,5689), (2,7087)
desenvainadas	(1,8699)
espeta	(4,4432)
aprecio	(1,3200), (5,4452), (3,1125), (5,6030), (3,2830), (1,6941), (5,2130)
adolescente	(5,3980)
pudieren	(0,5921), (0,4874), (0,3676), (0,3454)
casilla	(0,7269)
marcar	(0,13618), (0,9694)
vendera	(1,2504)
marcas	(3,155), (3,1905)
cuerdos	(4,7142), (1,8595), (2,5470)
pudieres	(1,3874), (4,4872), (1,17605), (1,17606), (1,3420), (1,16447)
marcan	(0,96), (1,16622)
sobreseimiento	(2,1297), (5,3529), (2,1304), (2,4685)
acunado	(1,17943)
espero	(5,1956), (5,1957), (1,13025), (0,4161), (3,615), (4,2569), (4,3466), (2,4232), (1,12455), (0,2503), (1,18474), (4,3793), (1,5233), (3,629), (2,4570), (1,5433), (1,9081), (0,2331), (1,16764), (4,4769), (0,3359), (4,4649), (1,9095), (1,14025), (1,12682), (1,15498), (5,7823), (4,7471), (4,8625), (1,18894), (1,6671), (1,2896), (0,4084), (4,3325), (2,7100), (1,14942)
cabrillas	(1,5529), (4,1886)
festejaros	(0,4927)
tiene43	(0,2764)
xuarez	(0,12532), (0,1849)
acrescentando	(0,9319)
llevais	(4,1827), (0,1920), (0,5285), (4,7566), (0,1516), (0,1743), (4,3475), (0,1745), (4,4629), (4,5911), (1,7093), (1,2135), (0,2391), (0,1758)
conoscen	(0,7695), (0,8962), (4,1175), (0,8217)
desagradecida	(1,4561), (1,6741)
miguel	(5,6180), (3,2148), (0,5570), (0,5954), (0,12098), (0,11971), (2,6665), (0,10824), (0,12110), (0,3538), (0,9044), (0,11990), (0,599), (0,729), (0,11996), (0,9566), (0,4191), (0,12000), (1,67), (1,5444), (0,12004), (0,9061), (0,4072), (0,9577), (0,5867), (3,2063), (0,9070), (0,12014), (0,9335), (0,12023), (0,8697), (0,9339), (0,12029), (0,13439), (0,4226), (5,7784), (0,12035), (0,5894), (0,9351), (0,5512), (0,5768), (1,1003), (0,4234), (0,5898), (0,9355), (0,4108), (0,5517), (5,6259), (0,9102), (0,784), (1,118), (0,789), (2,2392), (0,3478), (0,12056), (0,5417), (0,9129), (0,12073), (0,5802), (0,12076), (1,14), (0,12080), (1,148), (0,12339), (0,5428), (0,5556), (0,12087), (0,9144), (0,9532), (3,2144), (0,10814)
recividos	(0,1582)
modificado	(5,7139)
492	(0,13325)
presencia	(5,2085), (4,3653), (0,1602), (1,5670), (0,1609), (1,2604), (2,3859), (0,3026), (5,2235), (5,4158), (2,3612), (2,3230), (5,5453), (5,4175), (2,432), (5,3156), (5,4564), (1,12118), (2,3256), (2,6201), (0,2169), (1,1246), (4,2689), (1,6245), (0,5509), (3,1961), (1,7015), (1,1513), (5,5493), (2,2904), (0,10006), (0,4250), (1,7035), (1,13821), (1,9470), (0,2079), (0,1952), (0,289), (0,1569), (1,13570), (0,8098), (3,2122), (2,2026), (1,14603), (1,7694), (0,9134), (5,7444), (1,277), (1,13593), (0,4540), (1,5279)
anosdespues	(0,4216)
hecistes	(4,2467), (4,6375), (4,7842)
aprovechara	(0,5776), (5,7624), (0,7691)
espesa	(2,2067), (0,6228), (3,1465), (4,1531)
contentado	(5,278), (5,3341)
sempronio	(2,108)
legitimos	(5,6840), (5,1198), (1,8493)
indemnify	(5,9126), (0,13971), (3,3274), (1,19227), (4,9151), (2,8303)
desagradecido	(1,17767), (1,6558)
presencio	(4,165), (2,6046)
cobraban	(2,6651)
espeso	(1,5130), (4,894), (2,2671), (0,10269), (4,2178)
pintare	(1,17727)
faldriqueras	(1,7731), (1,17155), (1,1624)
embellecer	(5,7424)
abrazo	(1,7586), (1,9126), (1,13798), (1,6055), (5,2029), (1,4460), (1,9840), (1,14960), (2,3474), (5,6581), (1,14002), (1,2483), (1,15668), (5,4988), (1,7224), (2,1371), (1,12666), (1,4741), (1,14149), (2,3496), (1,10439), (1,12811), (2,1774), (1,2830), (1,15316), (2,1336), (2,1337)
platicaban	(0,8396)
excusado	(0,206)
extendiendose	(5,4875)
hogano	(2,1539)
esplendida	(1,14247)
liberation	(5,5481)
anosyo	(0,3167), (0,3569), (0,1444), (0,1461)
cambiada	(5,2499)
quemadura	(4,7251)
espera	(4,6985), (2,5000), (4,4173), (4,7503), (4,1361), (4,4435), (4,2836), (4,1557), (2,3475), (1,12019), (4,1943), (2,6743), (4,1822), (4,3746), (4,7522), (4,6757), (1,964), (2,1765), (4,8104), (1,2758), (4,4777), (1,10182), (2,1257), (1,3017), (4,8111), (4,6002), (1,12753), (2,7987), (1,17683), (4,7032), (0,2871), (4,4093), (0,2618), (4,2303), (4,5119), (1,17565), (2,7552)
cambiado	(5,6516), (1,6659), (5,7066), (5,2060), (2,5451)
renacer	(5,7303), (5,7698)
aprovechase	(1,3839)
espere	(2,5441), (4,2636), (4,3676), (2,1100)
adonde	(1,15524), (1,8742), (1,2599), (1,5287), (4,8141), (1,13098), (1,16426), (1,9901), (1,8627), (1,14388), (1,1974), (1,1337), (1,7737), (1,15289), (1,1978), (1,14014), (1,13375), (0,10463), (1,14018), (1,15044), (1,17092), (1,7622), (1,16070), (1,3655), (1,1993), (1,12745), (1,14538), (1,5968), (1,596), (0,8308), (4,6009), (1,15576), (1,15708), (1,2270), (1,13278), (1,13024), (1,100), (1,2020), (1,2790), (1,11622), (1,13037), (1,2544), (1,15860), (1,10492), (1,8707), (1,12165), (1,2182), (1,17160), (0,10922), (1,14606), (1,1935), (1,2576), (1,2579), (1,2585), (1,8601), (1,13209), (1,1948), (1,3740), (1,14365), (1,2974), (1,13855)
manchas	(4,1539), (2,4180), (4,5975), (1,10534), (0,10156), (2,7984)
piovano	(1,15095)
manchar	(2,2154)
absolutismo	(2,4657), (2,6705), (2,6707), (2,4663), (2,313), (2,777), (2,2236), (2,7120)
impone	(5,1335), (5,6847)
jornadas	(3,1475), (5,5621), (1,17395), (1,7717), (0,106), (3,767)
azogado	(1,7936)
camarada	(1,11457), (1,7843), (1,11460), (1,2185), (1,15657), (1,7850), (0,10702), (1,14767), (1,4787), (1,13267), (1,14483), (1,2104), (1,14970), (1,5339), (1,7675), (1,15771), (1,2844), (1,13148), (1,13983), (1,14975), (1,15295)
contentaba	(4,4567), (1,12152), (1,17513), (1,6108)
profugos	(5,536)
singladura	(0,13679)
pensionara	(3,2766)
apaziguarlos	(0,6945)
reinando	(3,2260), (3,2949)
juntasen	(0,9225), (1,12554)
destinados	(5,2519)
preferible	(0,200)
mascardi	(3,756), (3,2214), (3,199), (3,926)
rechazase	(5,496)
inciertas	(5,4480)
maistre	(5,8447), (5,5698)
buscapie	(5,7853), (5,7598), (5,8066)
alzamientos	(0,4547), (0,2132), (0,1689)
sicut	(5,2884)
embarcaronse	(0,387), (0,398), (0,10222)
genuinos	(5,7706)
corriendo	(0,11073), (0,6083), (0,10563), (4,3979), (0,6343), (0,11082), (1,5292), (1,10413), (0,6285), (2,5968), (0,11154), (0,11475), (2,923), (2,3742), (0,10588), (4,4450), (3,2242), (0,10849), (2,100), (2,3364), (0,3940), (2,4838), (4,8744), (0,933), (1,5638), (0,11493), (0,11495), (0,11112), (2,3244), (2,239), (1,17166), (0,10542), (1,13327), (1,3217), (0,6128), (1,5395), (0,6836), (0,3894), (1,2585), (2,7994), (5,7517), (2,2363), (1,17310)
pensionase	(3,2779)
ispirencia	(0,5719)
acordandose	(4,664), (2,4141), (1,16975)
schelling52	(5,4291)
grandiosos	(2,2873), (2,5631)
jornada3	(0,308)
apto	(5,6791)
alargando	(1,13107)
albores	(5,2993)
satrapa	(5,4538)
trascrito	(0,809), (4,254)
destemplada	(1,9872)
topar	(1,2134), (1,12711), (0,10360), (0,5917)
levadura	(5,1529), (4,1614)
central	(5,6884), (5,3020)
topan	(1,7734)
apogeo	(5,2098)
adonis	(2,5416)
derived	(1,19088), (2,8164), (4,9014), (5,8987), (0,13833), (3,3135)
fieles	(0,8879), (0,2193), (0,9329), (0,4180), (5,5979), (0,2088), (1,17194), (0,2122), (0,2091), (5,2704), (5,4643), (5,4675)
llevalo	(4,4435)
buitres	(4,7713)
piratas	(3,2283)
altivos	(4,3052)
contentarse	(5,1017), (0,7046), (0,2954), (5,7603)
was	(3,3298), (0,13727), (2,8327), (4,8911), (0,13995), (1,19308), (0,14064), (5,9207), (1,19251), (4,9175), (2,22), (1,21), (4,27), (5,28), (3,3355), (3,28), (5,9150), (0,30), (2,8384)
war	(5,1652), (5,8217)
regalito	(2,1923)
bueyes	(1,11481)
way	(5,8933), (4,8965), (3,3061), (0,13779), (1,19014), (3,3081), (2,8090), (1,19034), (2,8110), (4,8944), (5,8913), (0,13758)
balaja	(1,3812)
argales	(1,10897), (1,10946), (1,10907), (1,10911)
rijas	(1,18654)
garantizar	(5,2718)
llevala	(4,6755)
rupayan	(3,1597)
mascaras	(4,7981)
onofre	(0,390), (0,2712), (0,12172)
decida	(5,5366)
pelillos	(1,16749)
dedujeron	(2,5582)
senalaredes	(0,1955), (0,1163)
decide	(2,293), (2,7301)
dixesen	(0,7251), (0,8052)
descubrirlos	(3,1666)
hartos	(1,1326)
tortuosa	(5,1822)
seguireis	(0,2118), (0,2183)
ocasionarte	(2,2459)
asentarlas	(0,4897)
rogaste	(2,2599)
resucitada	(5,3868)
menciona	(5,6590)
inverosimiles	(3,225)
aparejamos	(0,10503)
luengas	(1,10737), (4,6007), (1,7700), (1,10839), (4,8588), (1,17770), (1,10476)
recorriendo	(5,2455)
resucitado	(4,3235)
echaban	(0,7059), (0,6452), (0,11284), (0,6438), (0,11382), (0,6439), (1,16648), (0,6092), (0,6429)
descorchan	(1,11723)
peregrinaciones	(1,9377), (1,7700)
gozaran	(3,2764)
higados	(1,18637)
abrase	(1,11587), (1,10215)
impunemente	(5,4870), (5,3096), (5,3438)
pantalon	(2,273)
cuele	(4,1537)
templarse	(1,5757)
desacreditar	(2,5465)
encargaran	(2,1208)
tercios	(0,11183), (0,11216), (0,11059), (0,11267), (1,8039), (0,11046), (0,11078), (0,10872), (5,910), (0,11337), (0,11402), (5,2675)
abraso	(1,13683), (1,13559), (1,6313)
mesillas	(2,2006), (2,1994)
hebrero	(0,3554), (0,9154), (0,9218), (0,13540), (0,11975), (4,236), (0,6729), (0,6731), (4,5968), (0,13518), (0,3504), (0,3568), (0,4112), (0,9041), (0,9363), (0,4181), (0,10039), (0,5656), (0,10041), (0,13533)
1859vol	(5,5483)
retumbaba	(5,3352), (2,7727)
relegando	(3,266)
relieves	(1,9776)
documentos	(0,64), (1,18852), (0,199), (5,5420), (3,244), (0,13010), (1,18615), (0,217), (0,13401), (5,5311), (0,13018), (5,6720), (0,12894), (0,223), (0,13157), (0,870), (0,231), (3,267), (0,13289), (0,13293), (5,5333), (0,13297), (0,12920), (5,5727), (0,1), (0,13315), (5,5353), (0,12933), (5,5867), (5,7659), (0,11), (0,13070), (0,12943), (5,1141), (0,529), (0,12946), (5,5240), (0,11796), (0,13716), (0,23), (0,13719), (5,5629), (5,5503), (1,10876), (0,12059), (0,159), (5,5380), (5,5509), (5,5382), (0,178), (0,13237), (0,54), (3,2522), (5,6174), (0,9147)
risueno	(5,7111)
anidados	(5,5014)
web	(0,14079), (0,14019), (1,19301), (4,9258), (0,14057), (4,9262), (0,13866), (4,9199), (5,9200), (3,3348), (4,9237), (4,9047), (2,8377), (4,9179), (0,14076)
arranque	(1,13568), (1,17040), (5,6981), (5,4391), (2,4108), (2,494), (5,5457), (5,2403)
greca	(4,1948)
querellas	(5,8614), (5,7752)
mirandaola	(0,865), (0,5875), (0,9331), (0,9349), (0,12070), (0,4253), (0,12398)
dcccxlix	(0,11736)
hallariamos	(0,10570)
doscientos	(0,3631), (5,7652), (1,13316), (2,2566), (5,2237), (1,12457), (5,3552), (1,7548), (0,5820), (0,9565), (0,10558)
imponerla	(5,4439)
ascuas	(2,4009)
risuena	(5,281)
templarte	(4,8455)
futuras	(5,2500), (5,425)
great	(5,3303)
mujeres	(5,548), (2,4865), (1,12448), (1,18336), (1,15777), (1,1698), (0,10306), (1,13478), (4,1483), (4,2508), (1,9385), (1,17961), (4,2893), (4,4046), (4,6353), (4,2517), (4,8152), (4,7003), (4,5980), (1,9402), (4,5728), (4,8033), (4,6379), (2,7721), (1,15690), (2,4526), (4,8050), (1,18767), (4,8051), (1,12624), (1,4563), (4,1016), (4,2168), (4,8058), (4,8317), (4,2174), (1,15709), (4,8321), (4,8834), (4,8323), (1,8545), (1,6758), (1,9958), (4,1162), (1,17127), (2,2896), (4,8339), (4,2965), (0,7057), (1,18802), (4,5654), (4,4760), (2,4310), (1,17141), (4,4377), (4,5530), (2,5723), (4,7199), (1,11518), (4,2082), (2,4961), (4,676), (4,2085), (2,3427), (4,6309), (4,8357), (1,3847), (1,7047), (4,6192), (4,3377), (4,8881), (4,6194), (0,6191), (4,5045), (4,7736), (1,18971), (4,8257), (4,8770), (1,13471)
pesadilla	(2,7133)
puestas	(1,6145), (0,5057), (0,13544), (1,16521), (4,3792), (1,5742), (3,1393), (1,13809), (0,5521), (1,15826), (2,7764), (1,3221), (1,14199), (1,2906), (1,5212), (1,16700), (1,15645), (5,5763)
decian	(1,8608), (3,740), (0,8258), (1,3237), (0,6090), (4,5839), (4,5841), (1,6832), (0,10191), (4,6613), (3,758), (1,10552), (1,4155), (2,5917), (0,8925), (0,478), (4,7012), (4,7013), (3,134), (0,6501), (0,7397), (1,3015), (1,5703), (0,6502), (0,10727), (1,12750), (0,6642), (0,6259), (0,6771), (0,8052), (0,8053), (2,7352), (1,17752), (0,6776), (1,10329), (3,1822), (4,6145), (1,12766), (1,3168), (3,804), (1,12261), (0,8326), (0,7304), (1,366), (0,9997), (1,2159), (1,11631), (1,368), (3,1204), (0,7697), (1,11380), (1,17785), (0,8091), (0,6940), (1,14205), (0,6301), (1,17022), (0,7202), (0,8229), (1,3207), (5,6283), (1,11015), (0,6440), (0,6187), (0,7851), (1,3860), (2,6263), (4,7737), (0,6325), (1,12694), (0,9910), (0,8247), (4,572), (4,7740), (2,636), (0,6330), (1,8348), (0,8251), (1,8350), (0,10430)
matias	(0,385), (2,7139), (0,12161), (2,1126), (2,2088), (2,6761), (2,1456), (2,1140), (2,7604), (2,1238), (0,2164), (2,440), (0,2169), (0,1850)
miento	(4,3417)
decias	(1,13036)
bigotes	(1,139), (1,5118)
dejemoslas	(1,15133)
arrebataba	(5,4664), (5,946)
burdeles	(4,8124), (4,2943)
interpretaban	(0,8050)
miente	(1,14819), (4,2360), (1,4662), (1,8342), (1,5690), (1,5707)
cuestion	(2,4482), (2,2053), (5,1833), (5,2218), (5,3114), (5,7722), (5,174), (5,564), (5,1588), (2,1811), (5,2486), (5,2359), (5,698), (5,2747), (0,13272), (5,3520), (2,6560), (5,1732), (2,3235), (5,2248), (5,2637), (5,7760), (0,13163), (5,2131), (5,2522), (5,2398), (1,5338), (5,7134), (5,2662), (5,1896), (5,1513), (5,3052), (5,3184), (2,4429), (2,4690), (2,4435), (0,531), (5,7928), (2,6742), (5,5888), (5,3333), (5,2438), (5,7686), (5,136), (2,4709), (5,4873), (2,6759), (5,907), (5,2060), (5,2958), (5,2447), (5,2192), (5,786), (5,2578), (5,2968), (5,1563), (5,7707)
inmediatamente	(5,806), (2,6790), (3,2348), (5,2031), (5,3759), (5,2995), (3,2993), (3,1651), (5,2808), (2,1175), (2,7641), (5,2558), (5,639), (5,193), (5,7746), (5,4419), (5,6148), (5,2502), (5,1927), (5,2764), (5,1229), (5,7440), (5,5714), (5,6556), (2,7744)
mienta	(5,3229), (1,1295)
descubrierdes	(0,4804)
plenipotencia	(5,5899), (5,2349)
alfaqui	(4,7202)
aplicando	(2,3263)
razonamientos	(2,4052)
exaltavit	(1,8257)
espantandose	(4,8669), (4,1055)
resonarian	(5,3044)
denunciaba	(0,13590)
estoica	(5,2313)
jacobinos	(2,2768)
luchaba	(5,3699)
desembarcarse	(1,3339)
sopiste	(4,3548)
modificaba	(5,2366)
aprovechadas	(1,1109)
chamela	(0,11577)
reventar	(4,4792), (4,5522)
incidir	(3,188)
proyectillo	(2,5280)
quintana	(5,7653), (5,6838), (5,7704), (5,7674), (2,2392), (2,57), (2,6665), (5,6268), (5,7661), (5,7855), (5,6850), (5,8610)
sacerdotes	(0,320), (0,1744), (5,3621), (3,852), (0,13393), (4,8457), (0,1766), (4,8573), (3,847)
olvidara	(4,5097), (4,5231)
arrebatado	(5,7127), (0,6533), (5,4124), (5,7116), (1,14042)
ocasionaron	(0,13251)
aprobacion	(1,2640), (5,1676), (5,1743)
bahares	(0,8195)
imponerse	(5,4149)
segundos	(0,192), (0,13089), (2,7625), (5,1872), (5,257)
socarrones	(1,8123)
aguinaldos	(4,5975)
tengut	(4,1070)
llevaba	(0,6592), (0,8002), (1,8616), (5,1838), (1,11437), (2,6033), (0,7247), (0,8271), (1,13361), (1,1842), (0,7761), (1,7731), (1,8374), (1,4791), (0,10584), (1,16698), (1,4155), (1,17212), (0,9565), (1,4160), (0,9567), (1,14400), (5,3909), (1,16707), (0,5991), (1,5836), (1,17613), (3,784), (1,4174), (1,12756), (2,2871), (1,1240), (0,8951), (1,11097), (1,3290), (2,6075), (1,13658), (1,8296), (3,2731), (1,1898), (1,1517), (1,17902), (1,5743), (1,9839), (0,10766), (3,1971), (1,6897), (1,9843), (1,1527), (0,6935), (1,4217), (1,7674), (1,13307), (2,5726), (5,515), (1,13567), (2,2017), (1,13312), (0,6946), (1,8707), (1,13317), (0,10406), (5,7182), (0,6828), (1,10896), (1,16404), (1,10133), (1,5398), (1,8726), (1,8727), (1,6680), (5,7069), (0,6073), (1,16410), (0,12988)
who	(2,8225), (5,8933), (4,8965), (0,14050), (5,9193), (3,3081), (0,13894), (3,3341), (4,9230), (2,8110), (1,19149), (4,9075), (2,8370), (5,9048), (0,13779), (3,3196), (1,19034), (1,19294)
saludaros	(2,447)
mistico	(5,1129), (5,4092)
profanas	(2,2148), (2,1543)
profanar	(2,181), (4,8576)
newby	(4,9203), (0,14024)
olvidase	(5,1021), (2,6029), (1,7757)
eneas	(1,13141)
galeotas	(1,3171), (1,7530), (1,3147), (1,3227)
pudieron	(0,9408), (1,10465), (0,7683), (0,8644), (3,2152), (0,9989), (0,10694), (2,1099), (5,3057), (0,6669), (0,8595), (0,10134), (3,1274), (1,5816), (5,1150), (1,18877), (1,318), (5,5444), (0,8671), (3,771), (0,8673), (1,3590), (5,7243), (3,458), (3,778), (5,5452), (3,1740), (5,1679), (1,6414), (1,18894), (1,14159), (1,272), (1,3152), (5,2774), (5,1496), (0,7157), (0,7479), (1,17049), (1,1882), (0,7929), (3,2781), (0,7546), (0,7547), (0,9404), (0,10364), (5,163)
rociada	(1,4299)
solucion	(5,1988), (5,774), (5,1226), (5,956), (5,1372), (5,5582), (5,3071), (5,7695), (5,4274), (5,115), (5,1043)
especie	(5,2213), (2,1860), (5,4328), (2,1734), (5,3627), (5,3373), (5,6701), (5,4975), (0,13514), (5,1712), (5,6582), (2,2838), (5,3066), (2,4951), (2,153), (2,7707), (2,4188), (5,1156), (3,2114), (2,6625), (5,5445), (2,7458), (3,2693), (3,2757), (5,4808), (5,1609), (2,1834), (5,2129), (5,2386), (2,1584), (5,660), (0,368), (5,4758), (0,8114), (5,3291), (5,540), (2,6073), (5,1120), (5,5026)
pisanas	(4,3016)
mendrugos	(1,18051), (1,18040), (1,18025), (1,18030)
especia	(0,4639), (0,5631), (4,7268), (0,3203), (0,5624), (0,4665), (0,4618)
mistica	(0,2932), (5,4268), (5,4944), (5,1939)
120122	(5,8051)
emplazan	(4,7710)
arellano	(0,7295), (0,12959), (0,13636), (0,5976), (0,12170), (0,12028), (0,845), (0,13438), (0,13454)
guacan	(3,2182)
embarcamos	(1,7527), (0,10247), (0,9580), (0,10557)
anadidura	(5,7765), (1,7554), (1,628), (1,14965), (1,12154), (1,5341), (5,7938)
desesperadamente	(5,2902)
asustadizo	(5,5260)
putesca	(1,17086)
amatore	(4,7155)
llevado	(1,17120), (1,8932), (1,16037), (1,16936), (1,9003), (1,8813), (3,1904), (1,11952), (1,13554), (1,3251), (1,7864), (1,9085), (1,8638), (1,14398), (3,194), (1,10628), (1,17220), (1,10757), (0,4133), (4,7593), (1,6089), (1,9162), (2,1133), (4,2031), (1,13903), (4,627), (1,9298), (5,3800), (1,16088), (3,667), (5,2845), (1,7770), (1,16028)
uztariz	(3,960)
barbiponiente	(4,3730)
embarazado	(3,1854)
escepto	(1,5152), (1,18066), (1,10232)
dejemosles	(2,5510)
disolvente	(5,1049)
asustadiza	(2,3982)
aviendolo	(0,3076)
plin71	(0,5970)
babilon	(4,8435), (4,3613)
camiguinin	(0,7311), (0,12612), (0,7286), (0,7354), (0,7276), (0,7308), (0,7342)
corriase	(0,10159), (0,10485), (0,10214), (0,10248), (0,10282), (0,10430)
encontrarlos	(5,7823)
llevada	(5,6005), (1,8849), (5,6862), (3,813)
participe	(4,557)
almendras	(4,6275), (4,7526), (1,16199)
imbiara	(0,5664), (0,2765)
segorve	(4,1148)
discutirse	(5,2695)
medianamente	(2,6023), (1,9174), (1,13096), (1,2188), (1,6140), (2,1726), (1,10782), (1,18543)
156028	(0,3314), (0,3173), (0,11958)
vocablo	(5,6918), (1,18437), (0,13655), (1,18442)
legazpipor	(0,5945)
participo	(2,1342)
restituirse	(3,405)
atanian	(1,10929)
esteriles	(5,2724), (3,299), (3,1041)
dixole	(0,10781)
gastastes	(4,4785)
ibades	(4,7472), (0,5005)
certisimas	(1,2828)
favorecio	(4,675)
traycion	(0,2603)
decima	(0,1135), (0,1138), (0,1139)
empenarlos	(3,2192)
traerlos	(1,16497), (5,3723)
desmuele	(4,6099)
dixolo	(0,10578)
pusilanimidad	(2,1506)
sufriere	(0,2241)
participa	(0,12987)
decime	(4,5895), (4,6087), (4,2056), (4,3656), (4,2956), (4,974), (4,6415), (4,7635), (4,8024), (4,7005), (4,992), (4,1441), (4,7842), (4,6885), (4,2534), (4,3366), (4,6886), (4,3367), (4,7463), (4,6376), (4,7080), (4,6889), (4,7849), (4,4012), (4,8044), (4,3373), (4,5485), (4,7860), (4,2165), (4,8055), (4,889), (4,2811), (4,5499), (4,2109), (4,3008), (4,1217), (4,3585)
pediguenos	(2,497), (2,501)
osaban	(1,17776), (0,7750), (5,380), (5,4174), (0,7674), (0,7742)
vituperosa	(4,8150)
intencion	(1,2208), (4,5828), (1,7073), (1,15649), (5,2478), (1,3245), (1,11955), (1,3252), (1,2357), (4,5849), (1,12215), (1,2105), (1,17338), (1,10427), (1,4156), (1,14013), (2,6431), (1,10942), (1,18239), (1,7492), (1,18117), (1,18759), (1,2248), (1,10062), (0,8561), (2,1718), (0,9460), (1,4056), (1,7128), (1,13146), (1,13658), (1,13915), (1,3932), (1,15455), (1,17631), (1,18655), (1,4192), (1,3558), (5,2028), (1,4200), (1,7528), (1,9193), (1,2538), (1,15473), (1,15988), (1,16501), (1,3575), (0,8214), (1,17655), (1,16504), (1,16760), (1,14713), (0,2330), (1,15869), (5,1668), (1,14848), (1,15490), (1,17795), (1,2180), (1,10244), (1,16772), (4,297), (1,3209), (1,15626), (1,8843), (1,9483), (4,5807), (1,17037), (4,8498), (1,11025), (1,1938), (1,15634), (1,4244), (1,8980), (1,15892), (4,5816), (4,7608), (0,8120), (1,16026), (1,667), (1,2203), (1,15004), (1,670), (1,1823), (2,1920)
llegarades	(1,15303)
peligrosos	(5,516), (0,6236)
mineralogia	(5,3973)
particion	(1,3232), (1,3238)
sensacion	(2,6342)
imbiase	(0,5627)
tienden	(5,1945)
turquesas	(2,3535)
ejecucion	(5,7492), (1,7009), (1,15746), (5,2888), (2,2090), (3,2988), (1,5898), (2,1164), (1,12493), (5,1074), (1,5872), (5,4631), (5,3864), (5,2907), (5,1052), (1,9784), (1,7356), (5,1825), (5,2594), (5,2850), (1,17278), (5,6787)
brincando	(2,2363)
congresos	(2,6385)
gobiernan	(0,4810), (0,4811)
albergue	(2,319), (2,4927)
importan	(0,119), (5,4974), (5,2931)
modorro	(1,371)
segundar	(1,128)
importar	(5,4744)
admiro	(1,12592), (1,7780), (1,9845), (2,1095), (1,18173), (1,11871)
admire	(3,1172), (1,453)
voces	(1,5540), (1,12717), (1,12720), (2,5653), (2,5526), (1,18869), (1,3126), (1,6966), (1,18230), (1,4279), (5,8763), (1,6969), (1,9274), (1,13755), (2,158), (1,9789), (3,128), (1,6464), (1,4417), (1,12610), (1,5189), (1,14022), (1,9160), (5,1487), (5,7887), (1,3276), (1,8012), (1,12750), (1,3408), (1,4307), (1,14419), (2,4662), (1,6997), (5,7899), (1,9303), (1,7896), (1,17113), (1,7902), (4,258), (1,3938), (1,7394), (1,17123), (1,2151), (1,2407), (1,7399), (1,2408), (1,17129), (1,8170), (1,2155), (1,12267), (1,17771), (2,7757), (2,207), (1,17777), (1,14194), (1,6516), (1,17784), (1,13049), (1,3451), (1,5502), (1,3456), (1,11264), (1,8707), (1,8709), (1,2952), (1,5640), (1,17160), (1,3465), (1,7945), (1,16521), (1,17161), (1,11274), (1,16522), (1,7947), (5,2960), (1,17166), (2,7792), (1,401), (1,531), (1,11413), (1,18456), (1,18074), (1,18843), (5,6435)
alquilar	(4,4028), (1,10827)
segundas	(0,118)
agricola	(5,4696), (5,175), (5,7954)
dilataria	(0,8561), (1,7155)
armonico	(5,7563), (5,3708), (5,5375), (5,3282)
combinados	(5,1311)
admira	(3,2163), (1,11126), (2,89)
edifiquen	(0,5279), (0,1302)
hiladillo	(1,11253)
dadas	(0,1346), (5,6087), (1,15523), (1,870), (0,2070), (0,11910), (3,1483), (0,1307), (1,14716), (5,2242)
justos	(1,2501), (0,8420)
exasperados	(5,822)
apreciamos	(2,7003)
alcanzarlos	(1,4052)
sucesor	(5,3508), (5,8820), (3,2182), (5,2504), (5,462), (0,5499)
keeping	(1,19056), (2,8130), (2,8132), (5,8953), (4,8985), (5,8955), (4,8987), (0,13799), (0,13801), (3,3101), (3,3103), (1,19054)
sucesos	(5,1189), (1,14758), (1,12971), (1,18092), (1,8623), (0,13008), (5,1334), (1,16563), (0,13267), (1,14773), (5,5946), (1,14264), (1,12478), (5,3524), (0,13407), (5,6598), (1,16322), (0,866), (2,3877), (2,678), (1,17862), (5,5836), (5,1101), (0,2408), (5,6607), (1,6092), (1,8780), (0,12908), (5,3411), (1,17743), (0,112), (2,306), (2,3250), (5,5719), (5,6618), (1,14167), (1,15063), (1,16087), (1,16472), (1,12254), (2,2883), (5,5609), (5,5739), (1,16110), (2,5458), (5,6649), (5,5626), (1,2807), (5,254), (1,14592), (1,16385), (1,14082), (5,5255), (5,521), (5,7565), (5,5774), (5,6926), (1,15754), (5,5392), (5,5395), (1,6671), (2,2036), (1,16147), (0,5299), (1,15767), (1,17560), (0,826), (5,2722), (1,17694), (3,225)
familias	(5,2821), (5,4645), (3,1351), (3,968), (2,5641), (3,461), (5,5108), (3,2260), (5,5560), (3,1880), (3,1273), (2,602), (5,4445), (5,4674)
hirvientes	(5,7013)
familiar	(2,2707), (2,5427), (4,7814), (4,8854), (5,4251), (5,3644), (5,5612), (1,11471)
adictos	(2,2708), (2,2789), (2,2566), (3,2076)
dixome	(4,823)
encapotar	(5,1393)
anuncios	(5,2954)
titulandola	(5,4722)
prometioselo	(1,7852), (1,7182), (1,3839)
traspusiesen	(1,384)
vilipendio	(5,6068), (2,7861), (2,1081), (2,859)
quidquid	(4,5848)
contentasen	(4,3405)
parejo	(4,1841)
murmurantes	(1,16741)
dilataron	(5,2031)
abrasados	(1,13604), (1,7302), (1,1645)
explicacion	(3,1282), (2,5746), (5,7400), (5,2187), (5,7339), (3,186), (5,381), (5,4157)
olvidaban	(1,16308)
corriente	(1,8480), (3,2307), (1,17378), (1,9731), (1,15843), (3,1446), (5,7880), (5,6254), (5,559), (0,7244), (5,6132), (5,2709), (0,6163), (5,7641), (1,2935), (2,4536), (1,11640), (2,2332), (5,1120), (0,10908), (4,257), (1,16831)
separada	(5,7153), (2,2911)
expansivo	(2,5858)
tomaronlo	(0,7378), (0,10405)
admite	(1,8755), (2,510)
escrutinio	(2,2259), (5,2070), (5,3400), (5,3228), (5,3197), (5,1214), (1,2414)
discurriendo	(2,6237)
topardes	(0,4756)
basilisco	(1,652), (2,4430)
bodegonero	(1,5920)
pintada	(4,6579), (0,3904), (4,3178), (4,8586), (4,3051), (2,6105), (4,2288), (2,2014), (2,3502), (0,9692)
rivalidad	(0,819)
deciades	(1,13904), (1,11987)
suplemento	(1,18150), (3,698), (3,720)
favorecerte	(2,2561), (2,3321), (2,3931), (2,4462)
justin	(5,6676)
separado	(5,7058)
certificando	(1,7056)
rechazado	(5,1829), (5,5928), (2,3216)
favorecer	(1,13632), (2,4740), (1,6787), (0,10691), (1,14116), (5,3689), (2,3849), (4,4716), (0,10698), (5,403), (5,5213), (0,5881), (0,4891), (1,18460)
favoreces	(2,3463)
jesuita	(3,339), (3,999), (3,589)
reposadas	(5,800), (4,6130)
usura	(4,4950)
which	(3,3362), (0,13887), (4,9157), (1,19234), (3,3367), (2,8391), (5,9133), (2,8396), (1,19179), (4,9104), (3,3122), (5,9078), (3,3189), (1,19315), (2,8151), (1,19320), (2,8218), (5,9214), (0,13978), (5,9219), (4,9253), (1,19075), (0,13923), (1,19142), (4,9258), (4,9004), (4,9068), (4,9005), (5,8974), (5,9041), (3,3281), (2,8310), (3,3226), (0,14071), (0,13820), (0,14076), (2,8255)
mapas	(3,739), (3,699), (3,720)
defenderos	(0,5028), (0,4982), (1,14600), (0,4888)
parentado	(4,1459), (4,7094), (4,552), (4,397)
avisar	(1,33), (0,2338), (4,40), (1,2539), (3,1888), (0,3293), (1,12654), (3,2561)
forzaban	(1,13013)
hebreos	(5,2827)
rosquillas	(4,427)
duques	(1,15379), (5,5760)
pintaba	(1,15850)
arauco	(3,2719)
vereisle	(1,1442)
furtivos	(2,54)
pareja	(5,805), (0,386), (0,2083), (2,5415), (0,12426)
penumbra	(2,5800)
carvajal	(2,421)
embaia	(4,653)
llevabanse	(1,18967)
avisan	(1,17196)
atravesados	(1,17613)
empleasen	(0,7499)
induciendoles	(0,8210)
concebido	(5,1126), (3,2684), (5,4430), (2,7533), (5,2369)
gobiernen	(2,7012)
atribulada	(2,1346)
suministraban	(5,4251)
vocal	(5,6703)
cerrabanse	(2,4980)
abolicionista	(5,470), (5,1974), (5,3786), (5,4459), (5,98), (5,1091), (5,2819)
rechazaba	(5,154)
efetos	(0,802)
atribulado	(5,4945)
defenderse	(0,8575), (0,7568), (1,8705), (2,6852), (1,6501), (1,13784), (1,9465), (5,881), (1,1821), (5,3890), (1,3135)
pareciale	(1,9442), (1,9452)
montera	(1,10033), (2,751), (1,4606)
divide	(2,545), (0,6975), (0,7075), (0,6916), (0,3415), (0,7306), (2,541), (5,5776), (3,2783), (1,5055)
concebida	(5,5838)
httpwwwpgdpnet	(0,13727), (1,21), (4,26), (5,27), (4,8910), (0,30)
favorecia	(3,246), (2,3129)
barrio	(5,4197), (5,3752), (1,9509), (1,7303), (1,11784), (1,14479), (5,3925), (0,6322), (1,5813), (0,6964), (5,4186), (0,6715), (1,9630)
barril	(1,4017), (3,2328), (0,10584), (4,5424)
pintado	(4,883), (5,1143), (1,10803), (1,1652), (4,8487), (1,3029), (2,6071), (1,5226), (1,17674), (0,10028)
decimo	(4,8470), (5,6168), (4,734), (0,844), (3,2785)
inciertos	(5,1582)
xvpedro	(5,8859)
aguazero	(0,11278)
resguardarse	(2,5727)
solamentelo	(5,1390)
500	(0,9400)
obedeciendo	(5,5791), (5,3264), (5,4162)
506	(0,13231), (0,11941)
dinamarca	(1,11937)
libertades	(1,14256), (2,550), (3,567), (2,4986), (2,539), (1,14735)
ministros	(5,2404), (2,2050), (1,1124), (1,2468), (5,1003), (1,8487), (5,3629), (2,4363), (2,1165), (0,2253), (2,1744), (2,6293), (2,6682), (5,7485), (1,2426), (3,642), (1,5056), (2,6049), (4,8236), (2,4652), (1,18513), (2,1205), (1,16340), (3,408), (2,3769), (1,11480), (2,4730), (1,18011), (2,4349), (2,6653), (2,4351), (1,2463), (5,3491)
509	(2,5325)
diccion	(5,7720), (5,6300), (5,6429), (5,6355)
estrechaba	(5,4648), (2,3758)
fijarla	(5,7703)
dialecto	(5,3159), (5,6537)
tratallas	(1,18867)
ministran	(3,2514)
defenderlo	(3,2947), (5,5973)
indulgencia	(5,2270), (5,7775), (5,978)
paresce	(0,10882), (0,11779), (0,3460), (4,3465), (0,11717), (0,3463), (0,6087), (0,8327), (0,3405), (0,12047), (0,3408), (0,8208), (0,11731), (0,3924), (0,6869), (0,7637), (0,3607), (0,7959), (0,5659), (0,6620), (0,3421), (0,11742), (0,3110), (0,11369), (0,7722), (0,6765), (4,884), (0,11761), (0,3698), (0,6835), (0,7668), (0,3382), (4,2173), (0,8633), (0,6397), (0,11710)
divina	(1,1664), (0,3360), (3,1668), (1,9124), (1,7813), (3,1961), (0,4518), (5,4338), (1,6259), (1,10643), (1,11796), (4,8473), (0,4470), (1,11703)
imita	(2,5236)
diezmaban	(1,16839)
hallabase	(5,1782), (2,3731), (5,858), (2,3657), (0,746), (2,6956)
imite	(1,16683)
repecha	(3,1989)
reprimi	(1,3278)
doscientas	(2,2417), (0,3231), (2,5653), (0,4199), (0,3912), (1,8617), (0,3913), (3,750), (0,10796), (1,543)
512	(0,13119), (3,912)
imbiaren	(0,5138)
513	(0,13023)
coinciden	(3,1563)
desenvolvio	(5,3286)
enredaban	(1,3606)
divino	(0,3359), (1,9728), (1,2275), (1,16309), (1,4326), (1,2265), (0,6538)
correspondia	(5,5765), (5,3072)
paresca	(0,4767), (0,2261), (0,4762), (0,5018)
encomendando	(3,1436), (4,302)
fijarle	(0,291)
embelecos	(1,1018), (1,267), (1,17805)
huerfanos	(1,14314), (4,8079)
transeuntes	(4,329), (2,6011)
ordonez	(3,849)
canasta	(1,5377), (1,6054), (1,5591), (1,5416), (1,5401), (1,5405), (1,6078), (1,5375), (1,5391), (1,5439)
contrate	(0,1628)
gbnewbypglaforg	(4,9205), (0,14026)
contrato	(0,2624), (0,2849), (0,9314), (0,9378), (0,2852), (0,2884), (0,2629), (0,2854), (0,2665), (0,2636), (0,2860), (0,2638), (0,2830), (5,2356), (5,2389), (0,2896), (0,13009), (0,2644), (5,2522), (0,2645), (0,2878)
torzal	(1,9863), (1,10042)
hachas	(1,1616), (0,3300)
illius	(1,8257)
viejos	(1,8544), (1,6017), (5,326), (4,5512), (1,5478), (4,8169), (0,10438), (4,5997), (1,8010), (5,4847), (1,11726), (1,5108), (2,5208), (1,5592), (1,16344), (2,666), (1,5593), (2,6332), (0,8890), (1,18203)
mintieras	(2,3666)
prometera	(1,1710)
anuncien	(2,6765)
misiones	(3,2659), (3,2842)
alteration	(3,3282), (1,19235), (4,9159), (2,8311), (5,9134), (0,13979)
527	(0,9337), (0,12078)
desembarque	(0,1912)
defenderla	(1,16402)
529	(0,9343), (0,12083), (5,752)
avisen	(4,1028)
jalbegado	(1,10780)
defenderle	(2,7351), (1,3116)
esterilla	(1,16828)
reisebilder	(5,8621), (5,6990)
diversidad	(2,5203), (1,6677)
johnston	(5,906), (5,411), (5,8367)
escalera	(2,4273), (2,7586), (2,5972), (1,15413), (2,1447), (1,3942), (2,7559), (0,7270), (5,1004), (4,2462), (2,5837), (1,18943)
engendraba	(3,75), (1,14218)
esquadra	(0,2523)
530	(0,13022)
perturbeis	(0,2610)
separaba	(2,262), (5,650), (2,6168), (5,2977), (3,1232)
llanuras	(1,9393), (5,616)
recados	(2,4593), (2,6804), (0,9170), (0,2647)
537	(0,13021)
cajas	(5,768)
calmado	(5,2407), (2,5541)
volando	(1,15890), (2,4888), (1,11863)
lessueste	(0,11327), (0,11457), (0,11399), (0,11495), (0,11307), (0,11084), (0,11244), (0,11343), (0,11503), (0,11543), (0,11323), (0,11292), (0,11358)
embarcando	(1,6584)
heterogenea	(2,2002)
hartas	(4,5891), (4,5890)
violencia	(3,354), (3,1111), (5,1850), (5,2923), (3,2825), (2,4185), (5,815), (5,5887), (5,7151), (2,5503)
calmada	(5,2904), (2,4014)
insulseces	(2,3817)
inmortal	(5,805), (5,4425), (5,4779), (5,1277), (5,2814), (5,4339), (1,12015)
incolumes	(5,274)
reprende	(1,16331), (1,16733)
vainillas	(1,8470), (1,927)
aprovechados	(1,5458), (0,5099), (1,10877)
registranse	(1,4983)
543	(0,13020)
544	(5,752)
salpicada	(5,7719), (0,13128)
tratalles	(0,11889), (0,332)
corresponder	(1,3985), (1,11508), (5,6459), (0,13273), (1,9261), (1,14909)
teutonicos	(4,8563)
andube	(0,9155)
corresponden	(2,3393), (5,4901), (1,12511)
jornada	(0,5823), (0,5313), (0,5953), (0,4162), (0,5059), (0,3268), (1,8229), (0,709), (0,4166), (1,13223), (0,4295), (0,11975), (0,3144), (0,3275), (0,3531), (0,2125), (0,5327), (0,5840), (1,17329), (0,727), (0,1751), (0,3545), (0,4826), (5,5825), (0,6876), (0,605), (0,4319), (0,993), (0,3555), (0,3302), (0,12007), (1,17995), (3,2960), (0,4207), (0,4080), (0,4593), (0,4088), (0,5883), (0,3327), (0,3455), (0,3584), (0,6016), (0,7427), (0,3588), (1,13925), (0,3333), (0,4229), (0,6919), (0,1801), (0,650), (0,12043), (0,12045), (0,4239), (0,1552), (0,1813), (5,2298), (3,1468), (0,4249), (0,5657), (2,988), (0,4251), (0,668), (0,797), (0,1566), (0,1694), (0,3358), (1,13696), (1,14980), (0,4772), (1,13320), (0,940), (0,3247), (1,8209), (1,18065), (0,2097), (0,1714), (0,11954), (0,3123), (0,566), (0,12086), (0,5303), (0,312), (5,285), (0,11707), (0,11708), (0,2109)
arrancarsele	(1,10595)
andubo	(0,11473), (0,11445), (0,11477), (0,11493), (0,7097), (0,11305)
frito	(1,5473)
engendrado	(1,8972), (1,14191)
while	(0,14048), (5,9191), (3,3339), (4,9228), (1,19292), (2,8368)
mostrandosela	(1,7582)
millonario	(2,3846), (2,4536)
550	(0,12962), (0,13021)
anuales	(5,3960), (5,3677)
552	(5,555)
excitar	(5,2132), (5,3364), (5,2489), (5,4460), (5,1311)
recebillos	(1,630)
trujeronnos	(1,7545)
justas	(3,2823), (5,5786), (5,6091), (1,9320), (5,2129), (0,1853)
excitan	(5,823)
558	(5,413)
defenderia	(0,8882)
frita	(1,17050)
559	(0,3167)
asturianas	(4,3012)
enumeraciones	(5,6407)
berberia	(1,12210), (1,3221), (4,5592), (1,10805), (1,3255), (1,3690), (1,4044), (1,3358), (4,578)
precedente	(5,7438), (5,5839)
prometeme	(4,3291)
privanza	(1,443)
enfadar	(2,4242), (1,17239), (1,16890)
enfadas	(2,3671), (2,3466)
acontecido	(1,9536), (1,13330), (1,12823)
templares	(4,6174)
lenidad	(2,6277), (2,6272)
expansion	(5,1381)
561	(0,5656)
viviremos	(2,1318), (4,8269)
despiadada	(5,1703)
xxiicomo	(4,8707)
orleans	(5,2465)
enfadan	(1,7738)
futuros	(5,6505), (5,3738), (5,4446)
tiendas	(2,6433), (1,3761), (1,3427), (2,6006), (1,3450), (1,2973), (1,3005), (1,15837), (1,3438), (1,3663)
jacobinismo	(2,5650), (2,6738)
exquisitas	(3,1224)
articulaciones	(2,6156)
favorecerme	(2,3318)
juzgue	(1,8771)
alborotadito	(1,1327)
advertencialos	(0,11804)
sean	(4,325), (0,3782), (0,5062), (4,8523), (3,2669), (0,5066), (0,2251), (0,3531), (1,563), (2,1300), (0,2259), (4,7130), (1,184), (0,2392), (0,1881), (0,3801), (0,4569), (0,5082), (0,5468), (0,989), (1,16190), (5,6340), (2,4003), (0,1762), (1,1604), (0,9315), (1,14404), (0,4452), (0,5092), (4,7144), (4,2409), (4,5993), (0,5098), (0,3820), (0,4460), (2,2098), (5,1877), (0,113), (1,10322), (4,8056), (0,3445), (1,17878), (1,3799), (0,1527), (1,10200), (0,4729), (0,3450), (0,2299), (1,18780), (0,5116), (0,2302), (4,5890), (1,14943), (3,2979), (1,17889), (3,2980), (1,9186), (4,6278), (1,100), (0,9475), (4,3080), (2,3529), (4,2956), (4,4498), (4,7058), (0,4495), (4,2068), (0,4624), (0,5137), (0,5395), (0,1304), (0,13337), (0,2330), (0,4509), (1,2559), (4,5668), (0,1827), (0,5155), (0,9508), (4,1579), (0,5287), (3,2123), (3,2124), (4,4911), (0,4139), (3,208), (0,1197), (3,1107), (4,2997), (1,18195), (1,788), (0,2868), (1,4502), (0,7608), (0,3769), (4,5953)
multiplicarlos	(3,88)
cazalla	(1,13289), (1,7757)
inestimable	(1,3104), (5,3942), (1,6203), (1,15035)
aquelarre	(2,5531)
cevil	(4,3636), (4,7716), (4,357), (4,7717)
atrevido	(1,11552), (1,8771), (1,17572), (1,8677), (1,200), (2,777), (1,3530), (1,12714), (1,16490), (1,18859), (1,15439), (2,2290), (1,5265), (1,4922), (5,1407)
mujer	(1,15394), (1,6693), (1,551), (1,12845), (5,6579), (4,4052), (1,12850), (1,12851), (1,15419), (1,2621), (1,7229), (1,15421), (1,1598), (1,4159), (1,15425), (1,1605), (1,1607), (1,14921), (2,1070), (4,4082), (5,6611), (1,12879), (4,1012), (4,2548), (1,15953), (4,2555), (1,602), (1,13405), (1,13918), (4,1032), (1,4197), (1,2152), (4,4110), (5,1521), (1,7280), (4,535), (1,4230), (4,7213), (1,13452), (1,12429), (5,3602), (1,13456), (1,12441), (1,6300), (1,14498), (1,13477), (4,1100), (1,6825), (1,3754), (2,7819), (4,592), (1,2733), (1,12461), (1,15536), (2,7828), (1,15539), (1,6837), (1,11961), (4,1119), (1,6847), (4,1637), (1,12482), (1,11971), (2,5797), (5,1098), (4,5738), (1,18631), (1,11977), (1,18637), (1,11983), (1,723), (4,632), (2,5826), (4,8326), (4,8329), (4,8331), (4,5260), (4,8333), (1,12523), (2,5841), (4,8339), (1,17136), (4,3220), (1,13045), (4,5785), (4,7834), (1,13047), (4,2715), (1,11001), (1,15099), (4,5791), (2,5860), (4,680), (5,4746), (1,15623), (1,9992), (1,15624), (4,5804), (1,6924), (1,9484), (1,17164), (2,5870), (4,5809), (1,14095), (4,7859), (1,17168), (4,6325), (2,5876), (1,9498), (1,12572), (4,704), (2,3846), (4,5833), (1,4391), (4,6348), (1,14121), (1,6955), (1,7979), (1,7468), (1,9007), (1,15152), (4,6868), (4,7896), (1,7992), (1,9533), (1,9023), (4,7909), (4,1768), (1,3910), (2,5928), (1,15688), (1,11087), (1,8529), (1,13649), (1,13655), (4,5885), (4,5886), (1,8543), (1,9057), (4,7942), (4,3338), (2,5965), (4,6418), (4,3350), (4,4888), (4,285), (5,7423), (1,15739), (2,5981), (1,13693), (1,10623), (2,5985), (4,4901), (1,7045), (1,16262), (2,3435), (2,8043), (4,1327), (1,9100), (4,3376), (4,3382), (1,3987), (1,15258), (2,7037), (1,13213), (1,3487), (1,9123), (2,6533), (1,9128), (1,9135), (5,4916), (1,14768), (4,2390), (1,5048), (1,15804), (4,2912), (1,9153), (4,2405), (4,8037), (4,8038), (1,3014), (4,4978), (2,4530), (1,6609), (4,1909), (1,2514), (4,5493), (4,5494), (1,17875), (4,4984), (1,8662), (4,8063), (4,3456), (1,6622), (1,18910), (1,6120), (4,5516), (1,2541), (4,3473), (1,6126), (2,977), (1,2544), (5,7541), (1,9204), (1,6141), (1,14845), (2,4575), (1,15873), (4,933), (1,15366), (4,944), (4,2993), (1,2576), (4,5044), (1,4125), (1,15389)
hear	(2,8402), (0,14082), (5,9225), (3,3373), (4,9265), (1,19326)
traguillo	(1,5410)
favorecerle	(1,13390)
encargandoles	(1,9540), (1,6056), (1,5594)
responsable	(5,6948), (5,2278), (5,2886), (5,439), (5,1675), (2,7051)
tonterias	(2,2437), (2,3461), (2,2890), (2,5757)
atrevida	(3,1252), (2,884), (5,3385)
villalabosyo	(0,2789)
turquesca	(1,4449), (1,3827), (1,3465), (1,4427), (1,4286)
turquesco	(1,4259), (1,4438), (1,3247)
friso	(2,2011)
andrade	(1,85)
alcatraza	(4,4951)
aberracion	(2,4360)
subamos	(0,3903), (2,7087)
alquiler	(1,8209), (1,1523), (1,1539), (4,4732), (1,5753), (1,11884), (1,1565)
rogandoselo	(0,7558)
dolerse	(1,2927)
espesuras	(0,8681)
utilitaria	(2,1734)
vergonzantes	(1,18053)
hallazgos	(1,14653)
contentarian	(0,8150)
pagandoles	(0,3825), (0,1094), (0,3802), (0,1229)
dador	(1,5658)
vicente	(0,85), (5,5245)
dados	(5,4196), (1,5921), (5,6599), (1,5962), (0,8553)
seca	(4,470), (4,6041), (3,1050), (1,9801), (1,13689), (0,4123), (4,5889)
infatigable	(5,760), (5,2088), (5,6185), (5,6026), (5,1378)
galindo	(4,4443)
convertian	(1,17494)
seco	(4,419), (1,7889), (4,5482), (0,10022), (1,13560), (5,4765), (0,4121), (0,6170), (1,1900), (2,3742), (4,6944), (1,17087)
privaba	(5,7362)
senalandoles	(0,8566)
iniciativa	(2,3137), (2,2579), (2,4388), (2,6709), (5,3693), (5,2286)
apuntando	(2,2431)
embesado	(1,5563)
hundreds	(5,9143), (0,13988), (3,3291), (1,19244), (4,9168), (2,8320)
donoso	(4,3352)
rajando	(5,3260)
humillemonos	(1,5659)
inevitable	(1,3297), (5,2968), (5,1241), (5,3562), (2,4487), (5,2541), (5,286), (2,5949), (5,6032), (5,4689), (5,5378)
hobieren	(0,4409)
caudal	(1,288), (0,787), (2,3141), (3,1559), (5,1978), (1,16698), (0,3739), (4,2256), (1,17375)
quinientos	(1,7585), (0,10624), (3,2533), (0,1477), (1,8166), (0,11720), (1,939), (0,9227), (0,9101), (4,8466), (0,11727), (0,11791), (4,8468), (0,9042), (1,15859), (1,3444), (4,6168), (0,4692), (0,4182), (0,8599), (4,6941), (1,17281), (0,10017), (0,11745), (4,359), (1,7556), (1,13316), (0,1444), (1,2567), (0,9126), (0,11750), (4,8300), (4,237), (4,8429), (1,10826), (0,9964), (0,2541), (4,8883), (0,3568), (4,8564), (1,15826), (0,1461), (4,8570), (0,3131), (0,11772)
fijarse	(2,3505), (2,3837)
obedecia	(5,3776)
simpaticos	(2,1424)
sebo	(4,5891), (4,1567), (3,1009)
anillados	(5,3941)
firmeza	(1,12000), (2,2770), (2,1940), (1,13587), (0,151), (5,1660), (5,7692), (5,3086), (0,2043), (1,13118), (1,3103)
quererlo	(0,6459), (2,4063)
grunen	(1,11481)
aguerridos	(5,5413), (5,391)
donosa	(4,8541)
embargado	(5,2019)
prometeis	(1,13077), (0,2089)
seas	(2,2434), (4,4871), (1,17604), (4,7112), (1,5450), (1,1676), (1,8812), (1,17649), (4,7125), (1,8754), (2,1433), (2,3965), (4,6689)
ceremonioso	(2,3655)
prosupuesto	(0,8318)
asestando	(0,9969)
virotes	(1,9645)
alcagueteria	(4,5508)
culeando	(4,1343)
gratil	(0,13653)
arriba60	(0,3682)
donors	(2,8370), (0,14050), (5,9193), (3,3341), (4,9230), (1,19294)
obedecio	(1,10917), (2,7656), (5,5933)
enfades	(1,16842)
expensas	(0,392), (4,3181), (4,2368)
quererme	(4,5504), (1,2334)
singular	(5,6277), (2,995), (1,6148), (2,4902), (3,73), (1,14184), (5,2126), (2,2028), (5,5617), (2,1711), (5,4338), (2,912), (2,2672), (2,7635), (4,215), (1,1844), (1,2004), (1,3509), (5,6202), (5,7358), (5,383), (1,16796), (0,13437), (1,3775)
enfaden	(1,16216)
gratis	(4,4751), (4,6544)
matheo	(0,5971)
concluia	(2,5158), (5,4926), (2,4844)
molere	(1,11345)
privando	(3,1223)
contraida	(2,988), (3,2574)
reflejos	(2,2679), (2,3598), (2,7344)
exponerlas	(5,211)
desarrollar	(5,3663)
hallabame	(1,16600)
alterados	(5,6365)
concluir	(1,4945), (2,4052), (5,5495), (1,9411), (2,7383), (0,8934), (1,10647), (0,761), (5,5758), (0,8924), (2,5680)
terciopelo	(0,7248), (0,7249), (1,18358), (4,5599), (1,9230), (2,1984)
atesta	(5,2229)
imbiada	(0,2642)
discutido	(2,6951)
quererle	(2,2979), (1,13849)
soule	(5,2390), (5,8694), (5,2375), (5,2505), (5,446), (5,2350), (5,2403)
contraido	(3,214), (3,2454), (0,664), (2,5152)
pierce	(5,1492), (5,1030), (5,3238), (5,8585), (5,602), (5,2394), (5,428), (5,1036), (5,2403)
quererla	(1,7875), (1,6904)
constar	(2,3146), (0,298), (5,2675)
imbiado	(0,2449), (0,3157)
avispa	(1,8547), (1,8549), (1,8550)
constan	(0,13129), (3,2382)
sede	(4,3941)
pierdo	(4,5304), (4,7867), (4,5136)
milano	(4,8246), (4,8247), (5,4414)
rodeadas	(0,6369)
simpatia	(5,3433), (2,648), (5,1708), (5,3182), (5,559), (5,4273), (5,1458), (5,2675), (5,6771), (2,5397), (5,2875), (5,4155), (5,7806), (5,1984), (5,3008), (5,6277), (5,328), (5,5897), (5,4365), (5,7567), (5,1237), (5,7386), (5,4379), (2,3961), (5,5533), (5,1121), (2,1342), (5,3491)
regidor	(5,6633)
habladme	(1,6336)
pierde	(1,1281), (4,2916), (4,1861), (1,9993), (2,4427), (2,4557), (4,2994), (4,6546), (1,5775), (5,1365), (1,9745), (4,439), (2,2365), (4,4257), (4,5698), (2,7328)
ingeniosa	(5,7596), (2,6077)
trecientos	(0,4447), (0,1073), (0,11781), (0,4246), (1,13384), (0,11769)
metropoli	(0,655), (5,3956), (5,5141), (5,4619), (5,3276), (5,7120), (5,7808), (5,3745), (5,2738), (5,2483)
avisor	(5,2602)
repartiendo	(0,4275), (1,13391)
secr	(2,400)
avisos	(0,11887), (1,7266), (0,327)
pierda	(1,13156), (4,457), (0,1719), (4,7659), (1,8633), (2,2267), (2,2347), (4,6560), (1,9743)
proemio	(1,10269)
bretonas	(4,3021)
pudiesen	(2,6338), (0,8896), (1,6885), (0,6469), (0,11590), (4,6923), (0,7431), (0,4040), (0,7944), (0,7369), (0,9226), (0,6349), (1,10863), (0,8977), (0,7506), (1,8691), (0,8531), (1,14901), (1,6264), (5,1405), (3,3003), (1,10041), (2,7583), (0,8160), (1,14148), (4,168), (0,3501), (1,13391), (5,7511), (3,664), (0,11896), (1,4255)
osurarios	(4,8277)
seda	(1,1574), (1,18406), (1,18566), (4,2059), (1,18345), (1,10667), (4,7088), (1,11246), (4,2137), (4,3610), (2,3642), (4,864), (0,8094)
pudieses	(4,6978)
ingenioso	(5,7689)
dialogo	(2,5715), (5,5512), (2,7111), (1,43), (2,2428)
espectaculo	(2,5346), (2,6034), (2,7650), (1,10689), (3,85), (1,4451), (2,1621), (5,7081), (3,217), (1,13356), (5,2113), (5,547)
llenandoles	(2,6293)
doblado	(2,2545), (1,2560), (2,5393), (4,6871), (1,16342), (1,6010), (1,555)
nebraska	(5,1382), (5,615), (5,3019), (5,657)
enceradas	(4,2995)
estudios	(5,5093), (1,7649), (5,5351), (1,17958), (5,2027), (5,3948), (5,4781), (1,7849), (5,2927), (2,4108), (5,3951), (5,5040), (5,5169), (1,7661), (5,3635), (1,7855), (5,6516), (1,7664), (5,3958), (1,14322), (5,3961), (1,18687), (5,6980), (5,6535), (1,14275), (1,14284), (1,14289), (5,5654), (1,7638), (1,7702), (1,16920), (5,5661), (5,5725), (5,5985)
halago	(4,6101), (0,682), (0,7790)
fumemos	(2,4620)
doblada	(0,11441), (0,6682)
castellanos	(0,2532), (2,4966), (0,8069), (1,14151), (0,8007), (0,13127), (5,6253), (0,3017), (0,7722), (0,7851), (0,8907), (1,18639), (0,7824), (0,7729), (0,7282), (0,10324), (0,10325), (0,13174), (0,7226), (0,2971), (0,2716), (0,7708), (0,7678), (0,7838)
grunia	(2,7762), (1,17778), (1,16668)
guizot	(5,5717), (5,8274)
trasmitir	(5,5166)
pareze	(0,6963)
usual	(3,1022)
insoportable	(2,354), (5,2619), (2,1085)
hobieran	(0,7558)
compadecido	(2,1699)
tenias	(1,16618)
quisieredes	(0,10756), (1,14438), (4,7308), (1,15082), (4,7953), (1,14383), (0,1872), (1,14898), (4,1174), (4,4630), (1,2549), (0,2517), (1,2040), (1,6718), (1,14782), (1,14974), (1,14975), (1,1028), (1,13893), (4,2985), (4,1963), (1,12111), (1,1876), (1,13463), (1,6746), (1,11994), (1,1053)
tenian	(1,10017), (0,9794), (0,10306), (0,8004), (2,6151), (1,6438), (1,13862), (0,9798), (0,6983), (0,8263), (1,13098), (1,2091), (2,2064), (2,4369), (4,6611), (0,9807), (1,18228), (2,2070), (3,1272), (1,7223), (1,10039), (3,2044), (1,8250), (2,5148), (0,8794), (1,2365), (1,1857), (5,1226), (1,583), (0,8041), (1,7502), (3,2321), (0,7534), (1,13392), (3,1814), (3,1815), (1,8534), (5,5596), (1,8539), (1,18526), (0,10624), (3,2084), (3,2085), (0,8070), (0,8074), (0,7819), (0,8075), (1,9581), (0,7565), (0,8079), (0,7060), (0,10650), (2,4961), (0,8351), (0,10399), (1,13698), (0,10915), (1,16516), (1,16517), (0,3751), (1,6792), (0,6314), (1,6796), (5,786), (1,10894), (3,850), (0,10163), (3,855), (0,7093), (1,12182), (0,7609), (1,18330), (1,16541), (0,8893), (0,7102), (0,8894), (1,17312), (0,7104), (5,3622), (4,1353), (5,300), (1,9128), (1,17833), (1,18601), (0,10697), (1,7085), (1,4782), (0,8403), (0,6100), (1,4022), (1,15287), (1,4793), (0,6361), (1,6075), (0,7643), (1,17085), (0,10205), (4,8034), (1,6081), (1,1474), (0,6369), (0,9444), (1,7110), (3,1932), (0,8169), (0,10217), (4,6000), (1,8143), (1,15055), (0,7919), (0,7920), (0,10738), (1,18388), (1,14293), (1,7127), (2,3257), (1,14553), (5,3678), (2,5563), (2,6331), (1,5596), (0,6651), (0,8700), (0,8956), (0,10497), (0,10243), (1,13035), (2,1997), (1,4333), (1,3310), (1,6638), (0,10509), (1,1776), (1,8945), (0,7953), (1,8434), (4,7576), (5,1403), (0,7191), (0,9239), (5,3709), (1,4602), (0,6426), (0,8986), (1,17147), (0,8222), (1,1792), (1,6656), (3,1222), (0,6436), (4,681), (0,6693), (0,7973), (4,170), (4,684), (4,2477), (0,6185), (1,14859), (1,5645), (3,1492), (1,6162), (0,7729), (5,2711), (0,6194), (0,6195), (1,14869), (1,6166), (4,6075), (2,6649), (0,6199), (0,6713), (1,10010), (1,12571), (3,2014), (1,7452), (1,14109), (0,7741)
contemporaneos	(3,229), (5,5319), (5,5356), (5,6866)
obedecer	(2,4467), (0,2116), (1,5590), (4,618), (5,3085), (0,1690), (4,576)
rajada	(2,5126)
atauquia	(4,2356)
senaduria	(5,1930), (5,7261)
opone	(1,11813), (1,5190), (1,975)
obedecen	(1,8226), (1,1940), (5,1209)
abastada	(4,6006), (4,1481)
echemos	(2,4508), (1,16749), (1,18655)
masones	(2,1729), (2,6273), (2,6721), (2,7043), (2,7047), (2,6544), (2,4946), (2,1811), (2,5465), (2,7129), (2,5594), (2,4956), (2,4511), (2,2080), (2,4962), (2,5348), (2,1638), (2,2215), (2,6314), (2,4974), (2,1843), (2,6643), (2,1716), (2,502), (2,5239), (2,1721), (2,2041), (2,5563), (2,1916), (2,7228)
prole	(2,1809), (2,973)
fijaron	(5,207)
abrumantes	(5,7406)
introduciendo	(2,7717), (1,43)
descuentos	(1,6373), (2,2763)
tenido	(3,2018), (1,14369), (2,2052), (5,3239), (1,7466), (3,2029), (1,7469), (2,4884), (5,3258), (3,1788), (2,4891), (5,2247), (2,806), (2,4134), (1,7493), (0,5734), (1,1097), (0,4201), (1,16458), (0,5739), (1,17485), (1,6992), (2,4402), (5,7384), (1,9047), (2,3387), (2,4155), (0,5759), (5,232), (4,6407), (5,5352), (0,5764), (5,7916), (4,5134), (1,8301), (1,878), (3,1329), (3,1332), (0,7569), (0,6295), (1,9340), (1,15999), (1,13187), (1,3728), (0,4017), (1,15251), (0,6068), (2,2939), (1,4510), (1,18846), (0,4032), (1,3749), (5,6188), (1,7592), (0,3541), (1,9398), (1,10422), (1,14519), (3,378), (1,17592), (3,125), (1,12476), (4,8289), (1,16321), (5,7240), (5,3151), (5,5456), (2,4270), (1,207), (5,4691), (3,914), (1,9424), (3,2707), (0,245), (2,4794), (3,2209), (3,1955), (1,14053), (1,14055), (5,5228), (5,1138), (2,7376), (1,7151), (1,9974), (3,1210), (3,2748), (1,18939), (1,16380), (1,15614), (5,901), (3,963), (0,9005), (1,8463), (3,2770), (5,3223), (1,9495), (1,17435)
aparejando	(0,2772)
despliega	(2,314)
llamaremos	(1,1153), (1,10755), (1,8678), (4,763)
xliiicomo	(4,8788)
escamondan	(1,16367)
seis	(1,5921), (5,934), (0,10050), (3,1256), (1,12582), (0,11591), (5,6062), (1,5932), (3,2287), (0,2636), (0,10060), (0,6989), (2,6673), (4,8403), (1,6449), (0,10321), (1,6452), (4,7898), (1,13367), (2,6681), (0,9303), (0,10330), (1,17211), (0,10843), (5,2241), (1,17215), (3,1283), (5,1477), (0,1128), (1,12108), (0,5484), (1,14413), (3,2064), (0,5741), (2,6448), (0,10607), (0,10608), (5,2776), (1,17492), (5,730), (4,3578), (0,11387), (0,7549), (0,10883), (0,13187), (1,12645), (4,2572), (0,6793), (1,15978), (0,10636), (1,15726), (0,9872), (5,1016), (5,2041), (3,824), (0,6807), (1,3193), (0,10648), (0,10909), (1,17791), (4,6949), (1,8066), (0,1443), (0,6307), (0,6308), (1,12934), (1,140), (5,1808), (0,11691), (1,12173), (1,4238), (1,3216), (0,9648), (5,6934), (1,9875), (3,2390), (1,12181), (0,9397), (0,10935), (0,10936), (3,1884), (3,2398), (1,7325), (4,4417), (0,5821), (1,3233), (0,10432), (4,5189), (1,9892), (1,12196), (3,359), (0,1476), (4,3400), (1,10920), (0,457), (5,4142), (3,879), (0,6864), (0,11218), (0,7383), (0,10200), (0,10460), (1,13502), (1,7359), (0,1247), (4,7523), (1,6594), (0,11233), (1,4803), (0,13284), (1,18886), (0,9705), (1,12490), (1,4811), (5,1872), (1,7889), (0,11248), (1,1491), (1,6611), (0,13300), (1,10198), (4,8570), (1,8663), (5,3164), (0,8439), (1,12248), (1,12505), (0,11513), (1,14298), (1,17370), (0,11771), (1,3293), (3,1445), (0,3331), (0,8197), (0,8198), (1,8169), (4,3981), (5,2927), (3,1710), (0,10763), (4,7056), (0,8205), (0,9741), (1,11503), (5,6260), (0,6927), (3,1715), (1,12530), (4,5272), (0,10261), (1,12281), (0,10521), (0,10522), (0,10780), (4,5027), (5,7300), (1,3330), (0,8994), (0,2595), (1,15877), (5,1674), (4,7594), (3,459), (5,3981), (1,5129), (4,6317), (3,1997), (5,6547), (1,12303), (5,1429), (5,6038), (5,152), (0,4147), (0,10035), (1,7189), (5,1180), (0,10553), (4,2238), (5,416), (0,3644), (1,6941), (5,7586), (3,2017)
privada	(5,3172), (5,2246), (5,4012), (5,6828), (2,5418), (4,8748), (5,5679), (5,7248), (5,3697), (4,4594), (5,3928), (5,2585), (5,4665), (5,7420), (4,4542), (5,2211)
bisonos	(1,7724), (4,2096)
heis	(0,4740), (0,5348), (0,5029), (0,5413), (0,4584), (0,5008), (0,4662), (0,4982), (0,5015), (0,4793), (4,7741), (0,4444), (0,4862), (0,5374)
doblaba	(5,4673)
abordaron	(0,7529)
antecedente	(3,2660), (0,133), (3,1528), (0,4726), (3,2173)
privado	(5,5380), (4,4295), (5,4169), (0,1110), (2,4089), (2,4571), (5,4606), (5,736), (3,1519), (5,2321), (5,5555), (1,6815)
tenida	(2,1634), (2,1954), (2,2370), (2,1930), (1,6730), (2,2380), (5,7796), (2,2644), (4,567), (1,2004), (1,3508), (4,382), (2,1533), (2,2397), (2,1950), (2,1951), (0,734)
collaudabitur	(1,8257)
conservatorio	(2,4109), (2,4926)
decinquenta	(0,5102)
imaginarios	(3,2211), (5,6776), (2,1680)
divisa	(3,1385), (3,1993), (3,1537)
pajarillo	(2,7508)
aqui	(0,4159), (2,7173), (1,10276), (4,4040), (4,8137), (1,2088), (4,5068), (4,4045), (0,4169), (0,13385), (4,1998), (0,10315), (4,3027), (4,983), (4,985), (4,6105), (0,10326), (4,988), (1,5177), (4,7132), (4,6110), (1,15419), (1,16443), (4,2015), (4,6111), (4,992), (1,6205), (1,2110), (2,4129), (0,10335), (1,12352), (4,2020), (1,6210), (1,10308), (1,2117), (1,10310), (1,14408), (0,2152), (4,2029), (4,1013), (0,7282), (0,10354), (4,5111), (5,7134), (0,10363), (1,12380), (2,2110), (1,97), (1,11362), (0,10371), (0,10373), (4,5131), (1,6251), (4,2064), (1,110), (4,1041), (0,143), (2,7249), (2,7250), (0,10388), (1,14455), (1,17529), (0,10393), (0,10395), (0,156), (2,1119), (1,1153), (4,8229), (0,10401), (0,11425), (4,5158), (0,10402), (2,1125), (4,3112), (0,2214), (1,136), (4,5163), (1,7304), (4,2093), (4,4141), (1,12427), (4,2095), (1,5262), (4,1074), (2,2160), (2,4214), (1,14486), (1,16534), (0,11447), (4,3133), (2,7291), (4,1086), (0,10426), (0,10428), (2,4223), (0,10430), (4,2115), (1,14496), (2,130), (2,4227), (0,8386), (0,10436), (4,6220), (1,17579), (1,15534), (4,3155), (4,6230), (4,3165), (1,14522), (0,219), (0,3291), (0,10459), (1,10430), (0,9438), (1,12480), (1,193), (2,2210), (4,1125), (1,18633), (4,2157), (4,5230), (2,5293), (2,5295), (4,1138), (4,3186), (4,5235), (4,6260), (2,180), (3,1173), (0,10483), (4,6264), (1,12501), (4,6266), (5,93), (1,4313), (0,10488), (4,4222), (1,14558), (2,2241), (1,1249), (4,1157), (1,16610), (1,5347), (1,17635), (2,5320), (4,2187), (3,2219), (1,14572), (4,3216), (4,2194), (4,1173), (2,3283), (4,1174), (4,5271), (4,7320), (2,3288), (0,10518), (4,6302), (4,5279), (2,5341), (0,10524), (4,6306), (5,6275), (0,10527), (1,14592), (1,1281), (1,14593), (4,1189), (4,2215), (4,7336), (2,6376), (0,11560), (4,2221), (1,14602), (4,4271), (2,7408), (4,7347), (0,11567), (4,3254), (4,2232), (1,1304), (4,2236), (4,4285), (0,11578), (4,2239), (0,10558), (0,10559), (1,15650), (0,10562), (1,3366), (1,17703), (1,18737), (1,2354), (4,4311), (1,14644), (4,7385), (1,12600), (2,2332), (1,12603), (1,14651), (4,1248), (4,3299), (2,5410), (4,7396), (1,18755), (4,1255), (4,1256), (4,1259), (1,11598), (0,13678), (0,10609), (4,2294), (4,1272), (4,3321), (0,4469), (2,6455), (0,10613), (0,9590), (1,1368), (4,5375), (1,1377), (0,10625), (0,10626), (4,3335), (4,6408), (5,4330), (1,1383), (0,10631), (0,9608), (2,6475), (1,1390), (1,16750), (3,305), (2,337), (0,1423), (1,5491), (1,10611), (1,15731), (4,1304), (3,313), (2,5464), (4,6427), (4,4381), (4,1313), (3,325), (3,2374), (0,10660), (1,5510), (4,7466), (0,10663), (4,6444), (0,10664), (0,425), (0,10668), (4,7474), (2,7536), (0,10670), (1,12689), (0,10673), (1,403), (2,3444), (1,2452), (1,11668), (4,1336), (1,2454), (4,7482), (4,317), (4,2367), (1,4508), (1,4509), (0,10684), (4,7489), (1,11678), (2,385), (2,387), (2,388), (4,5446), (2,7556), (1,5540), (2,1415), (2,6536), (4,5452), (0,7625), (2,6541), (0,9675), (1,429), (2,1422), (1,14767), (0,7631), (4,6486), (1,10675), (4,6487), (0,10707), (1,4533), (1,8629), (0,10709), (1,5559), (0,7638), (4,2395), (1,14776), (4,2397), (4,7519), (2,6558), (0,10716), (0,9693), (1,17854), (2,6561), (4,7528), (0,10727), (0,5609), (2,7597), (1,14798), (0,496), (1,4561), (4,3445), (4,3447), (4,4471), (1,13781), (2,2489), (1,9691), (0,10746), (4,384), (2,2495), (4,387), (4,6533), (0,10753), (1,15843), (1,18915), (4,1415), (1,14822), (4,1419), (2,3531), (1,3562), (4,6546), (1,5616), (2,2515), (4,1430), (1,2548), (0,10773), (4,1434), (0,7704), (4,3489), (4,1444), (1,3587), (4,6566), (1,1543), (1,12807), (1,1554), (2,2547), (0,10802), (4,5561), (4,5567), (4,2496), (4,7616), (4,1474), (1,14879), (4,451), (2,2561), (4,455), (1,14884), (4,4556), (1,17962), (4,1486), (1,15916), (1,557), (1,10797), (4,7635), (1,8754), (2,3607), (1,1591), (1,9783), (0,9814), (2,1561), (5,7613), (2,543), (1,4673), (1,5697), (1,9795), (4,5607), (0,6756), (4,5611), (1,585), (4,494), (4,4590), (1,9804), (0,9837), (1,6735), (0,9838), (2,5682), (0,9840), (4,501), (4,2550), (4,505), (4,1529), (1,4695), (0,10871), (0,10872), (0,9849), (1,18010), (0,9851), (0,1660), (4,6656), (1,18016), (1,5729), (0,2689), (4,5638), (1,3684), (0,5763), (0,7811), (4,1544), (1,4709), (4,5641), (4,5643), (1,13928), (1,14952), (2,4682), (0,9865), (4,5646), (4,8719), (4,3600), (0,7821), (1,1652), (1,14964), (1,3701), (3,571), (4,4636), (1,3705), (4,7709), (4,7710), (1,17019), (4,3615), (4,3617), (4,5665), (4,6691), (2,7777), (2,1636), (4,4646), (4,7720), (0,9894), (1,1672), (4,4651), (1,16008), (4,2605), (4,1584), (1,10893), (0,10924), (4,1585), (2,7793), (0,10927), (4,2613), (2,5747), (0,10932), (0,10934), (4,2619), (4,6722), (1,16031), (1,12961), (4,8780), (1,9897), (2,1675), (4,7764), (3,631), (4,3673), (2,2712), (4,1628), (1,1722), (4,1630), (4,1633), (1,9920), (0,10975), (5,6727), (0,743), (4,7788), (3,652), (1,18123), (0,6895), (4,7796), (4,6774), (4,5751), (2,2744), (1,15064), (4,3713), (4,1666), (1,15071), (1,5857), (2,707), (1,15074), (0,13059), (4,2697), (4,5769), (3,681), (1,17128), (2,3787), (1,5866), (4,2704), (0,9997), (0,5904), (0,10000), (0,2833), (2,5843), (1,5876), (0,10004), (4,665), (2,2775), (4,668), (2,2779), (3,2748), (1,18170), (4,670), (2,2780), (2,2781), (0,10014), (4,1704), (4,1705), (1,18182), (4,8877), (2,1773), (2,5870), (0,13101), (4,6837), (4,4790), (3,2774), (1,4884), (1,14101), (1,790), (0,822), (3,730), (4,1723), (4,7867), (5,7841), (1,16157), (2,5888), (2,4865), (5,6820), (2,1796), (2,1797), (4,4808), (3,746), (2,4874), (2,2827), (0,10057), (4,3790), (3,750), (4,2768), (2,7954), (1,11060), (2,4886), (3,2808), (2,4887), (4,7902), (3,766), (2,1822), (4,3808), (2,6943), (0,10080), (1,1861), (0,10085), (4,3819), (4,5867), (2,811), (1,18250), (1,1867), (2,1837), (1,5965), (2,4911), (1,10062), (4,5876), (0,10098), (1,10068), (4,763), (4,1787), (1,15192), (4,5885), (4,1790), (0,7034), (2,833), (0,9088), (1,2914), (1,2920), (2,1867), (2,4939), (4,4881), (4,5905), (2,848), (4,4882), (4,3860), (2,3927), (2,857), (1,15224), (4,5917), (0,10138), (4,1824), (0,10140), (2,3935), (2,7008), (4,1827), (1,12160), (1,11138), (0,9122), (0,10147), (1,6023), (0,10151), (4,7980), (2,7019), (4,7982), (4,815), (4,7985), (0,13234), (1,15252), (2,1912), (0,10168), (2,891), (4,1855), (1,11164), (0,10172), (4,3906), (2,4992), (2,1921), (4,836), (3,2915), (5,4901), (4,3910), (1,4003), (2,4997), (1,13224), (0,969), (4,4941), (3,877), (4,2896), (0,10188), (1,948), (0,10200), (0,10201), (2,1948), (0,10202), (0,10203), (4,4960), (4,4961), (1,12225), (1,963), (2,7076), (0,3043), (1,965), (0,10213), (1,16326), (0,10215), (3,907), (1,15314), (2,5046), (1,5077), (1,983), (2,7096), (1,2008), (1,4056), (1,4060), (0,10236), (2,4033), (2,5060), (4,6022), (1,15332), (2,4039), (1,2023), (2,4040), (2,4041), (1,12264), (1,2025), (2,4042), (2,4043), (0,10249), (2,4044), (0,2059), (4,3984), (4,1937), (5,7027), (2,5078), (4,3994), (4,8091), (2,5082), (4,5022), (4,1951), (2,3038), (4,7072), (1,10238), (1,15358), (0,10272), (4,1963), (3,977), (0,10286), (1,17424), (0,4146), (1,11285), (4,7099), (1,17432), (0,3128), (1,1050), (2,3067), (4,5054), (4,5055), (0,10299)
afeitase	(4,5657)
avisto	(0,13484)
enderezaron	(0,7258)
dadle	(1,881), (1,14578), (1,6420), (1,874)
dadme	(4,5397), (1,5410), (1,14100), (1,14677), (4,7658), (1,14072), (4,6220), (1,14969), (1,12220), (1,5981), (1,14798)
defenderan	(3,1772)
coracinas	(0,3746)
gratos	(5,5207), (3,1403)
armaduras	(0,472), (2,5036)
aquy	(0,3505)
talento	(2,1635), (2,7172), (5,2088), (4,617), (5,4845), (5,2030), (5,7087), (2,6958), (5,6388), (2,3826), (2,7027), (5,7800), (5,1145), (2,6902), (2,3193), (5,3324), (5,1342), (5,6462), (5,1377), (5,5697), (2,6654)
vestidos	(4,8006), (1,11302), (2,3720), (0,10310), (1,14121), (4,6606), (1,10923), (0,9803), (1,13357), (4,6610), (1,7215), (1,12852), (3,2039), (4,7129), (1,9654), (1,7103), (1,17599), (4,2534), (1,15427), (3,776), (1,13383), (1,13641), (1,4429), (1,2638), (1,17998), (1,4304), (1,2643), (1,18005), (4,2298), (1,18007), (4,5500), (1,4449), (1,16101), (0,10119), (1,2414), (1,16623), (1,5106), (3,1338), (1,6784), (1,17152), (1,13575), (1,13580), (1,1677), (1,14735), (1,3602), (1,12180), (1,2839), (1,9497), (1,11674), (1,9501)
hele	(1,12688), (1,790)
baupres	(0,9778), (0,6148), (0,10393), (0,7868)
cajon	(1,11957), (2,3534)
indelebles	(5,6247)
celador	(2,1652)
estorvar	(0,4040)
xel	(4,8668)
simbolo	(1,16260), (2,2014)
humillese	(1,5659)
xer	(4,7396), (4,7414), (4,7385), (4,7403), (4,7420), (4,7376), (4,7392), (4,7424), (4,7410)
contract	(5,9092), (0,13937), (3,3240), (1,19193), (4,9118), (2,8269)
medano	(0,11432)
botecillo	(4,6262)
ornamento	(5,6576)
susceptible	(5,2532), (5,5156), (5,4630), (5,6504), (5,5948), (5,3024), (5,4899)
ensenanzas	(5,5180), (5,4786)
centella	(1,13689)
jaluca	(0,13573), (0,12328)
intelectual	(5,4516), (5,7412), (5,7428), (5,2261), (5,3995), (5,3708), (5,1424), (5,977)
apendices	(5,4757), (5,7670), (5,6124)
rumores	(5,4196), (2,5442), (2,5331), (2,5316), (2,2103), (2,2093), (2,5327), (2,5408)
singulis	(4,7945)
quererte	(1,1058), (1,17240), (5,4093), (1,4062)
conservaban	(5,436), (2,6289), (3,175), (5,4642)
ecsentos	(1,1596)
separara	(2,5637)
consintireis	(0,2291), (0,5157), (0,5002), (0,4492)
susodicha	(0,4369)
pareciamos	(0,10498)
acaricio	(5,3611)
enalteciendo	(5,2881)
heno	(1,1900)
presupuesto	(5,3674), (1,13462), (1,13063), (1,4090), (0,6025), (5,3679), (1,16014), (5,179)
apellido	(1,17872), (5,4630), (5,3607), (0,10019), (0,13636), (0,13702), (2,2684), (4,192), (1,1151)
apellida	(5,5744)
andariamos	(0,9761), (0,11217), (0,9587), (0,10148), (0,10565), (0,10041), (0,9866), (0,11195)
emperador	(5,996), (4,6787), (0,2691), (0,2819), (1,18789), (3,808), (0,2629), (4,7177), (0,2824), (5,6702), (0,266), (4,5839), (0,270), (0,13263), (0,2513), (0,13202), (5,5752), (4,6042), (1,3771), (0,12890), (0,2459), (1,3773), (0,2461), (4,8033), (0,545), (0,2724), (4,234), (2,2216), (0,1959), (0,2983), (0,13223), (0,2667), (0,2476), (1,3789), (0,240), (3,2260), (0,2609), (4,6775), (0,2805), (5,5787), (0,2617), (0,4153), (0,2874), (4,6783), (0,2812)
pontaje	(4,6518), (4,3082)
aparecen	(5,5382), (5,7590), (5,6073), (0,218)
calmate	(2,3915)
selo	(4,5645)
clerigo	(1,2753), (2,6787), (5,839), (2,6026), (1,15465), (3,848), (1,6032), (2,2354), (4,8021), (1,11987), (4,151), (0,2228), (1,14110)
ulterior	(5,3316), (5,1959)
sugecion	(3,2757), (3,560)
trafago	(1,11227)
heme	(1,17596)
xxxvicomo	(4,8755)
cojines	(2,3731)
indeterminado	(5,7710), (5,7934), (5,7712), (0,2876)
aparecer	(2,4642), (5,6742), (2,2485), (5,2624), (5,3841), (0,190)
sofocando	(2,1505), (2,4857)
help	(1,19040), (0,14081), (3,3301), (5,9224), (5,8939), (4,8971), (2,8330), (3,3372), (3,3087), (4,9264), (0,13998), (2,8401), (2,8116), (1,19254), (4,9178), (0,13785), (5,9153), (1,19325)
conociale	(1,13275)
located	(3,3107), (0,14017), (0,13828), (2,7), (2,8), (2,8136), (0,13830), (1,19048), (0,8), (0,9), (5,8947), (3,3314), (4,8979), (1,19060), (2,8343), (3,3131), (3,3132), (4,8990), (5,8959), (2,8160), (2,8161), (0,13793), (5,7), (1,19267), (5,8), (3,7), (3,8), (1,7), (4,9194), (1,8), (4,9196), (5,9166), (1,19084), (1,19085), (0,13805), (5,8983), (5,8984), (3,3095), (2,8124)
mezana	(0,7512)
contraer	(3,2598), (2,4010), (5,2047), (2,4700)
quererse	(0,6986)
algalia	(1,8148), (4,5713)
contraen	(0,11887), (0,872)
hazello	(0,1973)
perentorio	(5,7094), (4,8523)
seor	(1,5705)
estendio	(1,7365), (1,12870), (1,4585)
seos	(0,1284), (1,13661)
burlarse	(2,5060), (1,16803), (1,190)
contraia	(2,2677), (2,5146)
trilingue	(1,18870)
lavar	(2,3969), (4,7604), (4,7605), (4,1462), (4,1483), (4,1533), (4,4623), (4,5535), (4,3536)
tinajas	(1,11313), (0,8615)
heos	(4,3750)
lavan	(3,1538), (2,7129), (1,17883)
informacion	(0,7744), (4,2344), (1,5161), (0,9160), (3,1613), (0,4747), (1,12172), (0,8749), (3,1653), (0,5045), (1,15864), (0,9401), (0,3326)
estendia	(1,10893)
prenada	(4,8041), (1,17526), (4,3370), (4,7898), (4,4192), (4,7488), (4,7872), (1,8957), (1,12446), (1,14734), (1,12735)
invencion	(0,8751), (1,5745), (1,9233), (3,519), (1,8038), (1,1496), (1,18297), (2,4348), (1,18142)
proviene	(5,6904)
rezallas	(1,11986)
viejas	(2,6002), (1,16145), (4,806), (1,8454), (0,8645), (1,17814), (1,1577), (1,1802), (4,2941), (4,2929), (1,5230), (1,10670)
xii	(0,12529), (0,13057), (5,3415), (4,1239), (0,12325), (0,12232), (0,12792), (0,12745), (2,3085), (0,12332)
corporalmente	(0,5519)
ocurrencias	(2,4015), (5,2947)
comprimido	(5,3317)
tahona	(1,17359)
peina	(1,3094)
xio	(1,4055)
trecientas	(0,4131), (1,6575)
trinch	(4,4627), (4,4581), (4,4599), (4,4617), (4,4633), (4,4571), (4,4587), (4,4604), (4,4623), (4,4560), (4,4593), (4,4609)
penetraron	(2,1425)
xiv	(0,13343), (2,3748), (5,7881), (0,12839), (0,12745), (0,12938), (0,12208), (0,13489), (5,6136), (0,12343), (4,1756), (5,6142), (5,7903), (0,11931), (0,13021)
seno	(1,609), (1,4609), (5,5031), (2,3621), (5,1838), (5,5166), (2,6315), (1,11498), (1,8299), (1,18253), (1,4878), (1,16207), (1,17969), (5,7094), (2,1749), (5,5211), (3,2812), (1,3962), (5,511), (1,15035), (1,18078)
xix	(0,12833), (0,12549), (0,12713), (0,12651), (5,2483), (2,5200), (5,6164), (5,2709), (5,6933), (5,5018), (0,12725), (0,12343), (5,4381), (5,4957), (4,2590), (0,12698), (2,7039), (0,12477), (0,12797)
enganando	(1,16964), (2,5692)
vosotras	(4,6311), (4,6281), (2,3560), (4,7530), (2,3561), (1,11337), (1,11338), (4,8590), (4,5551), (4,1106), (4,5812), (4,6265), (4,7737), (4,8575), (1,9916), (4,6274)
estrambote	(1,18436)
patagones	(3,652), (3,623)
sent	(0,13889), (3,3191), (1,19144), (2,8220), (4,9071), (5,9043)
adornase	(1,4423)
naipe	(1,8577), (1,6021)
sena	(3,1763), (0,9632), (0,11571), (3,503), (2,1000), (0,10237), (2,1584)
sondeo	(5,6694)
susodicho	(0,2719), (0,4320), (0,1429), (0,4901), (5,7930), (0,2375), (0,4329), (0,1069), (0,2205), (0,3037), (0,1438), (0,2718)
amplitud	(5,6301)
astucia	(2,4482), (1,18949), (1,10503), (4,124), (0,7724), (2,3328)
complacerle	(5,7928)
send	(3,3335), (4,9225), (1,19288), (2,8364), (0,14044), (5,9187)
rodeados	(2,5492)
expenses	(0,13935), (1,19232), (4,9156), (2,8308), (3,3238), (5,9131), (1,19191), (4,9116), (0,13976), (2,8267), (3,3279), (5,9090)
maleaban	(0,8253)
despreciado	(0,8868)
parages	(3,2434), (3,2595), (3,2855), (3,712), (3,718), (3,2606), (3,512)
emprendedor	(5,2144)
constituyendo	(5,4802)
heri	(1,3137), (1,11138)
herj	(4,6388), (4,6422), (4,6378), (4,6430), (4,6446), (4,6399), (4,6415)
reaccionarios	(2,6656)
encandilar	(1,18799)
herr	(0,13037)
aparecia	(5,4724), (5,3257), (5,5472)
contrajo	(2,3122), (2,1128)
artilladas	(5,3431)
organizo	(5,5184)
hera	(0,3487)
navidadobligacion	(0,1981)
aparecio	(5,1637), (5,646), (2,964), (4,6186), (5,6252), (5,7438), (1,1522), (5,2871), (2,4949), (2,1751), (2,280), (2,5849), (5,382), (5,2238), (2,1340), (5,5315)
prosa	(5,740), (5,6996), (5,6119), (5,7640), (5,4494)
aflojaron	(5,5182)
contrataredes	(0,5146)
obsequio	(3,2328)
organiza	(5,3290)
dispondria	(5,2134)
formulillas	(2,6084)
rogandonos	(0,10227)
cinquenta	(0,4383), (0,704), (0,8804), (0,11720), (0,3536), (0,3539), (0,5109), (0,4246), (0,1239), (0,3320), (0,11738), (0,3131), (0,4478)
cerdas	(1,17898)
ocios	(5,7595)
aguazeros	(0,6080), (0,10984), (0,11259), (0,11245)
xli	(0,13023), (4,5605)
magicas	(5,4264), (2,5257)
sepa	(1,18659), (1,15653), (1,1319), (0,4679), (4,3853), (1,5230), (1,1075), (4,8150), (0,2387), (1,12533), (1,16694), (1,1208), (0,2136), (1,2682), (4,2272), (1,1089), (1,12227), (4,2919), (5,7560), (1,18500), (4,5224), (4,5544), (1,9797), (1,15941), (1,18822), (0,4646), (1,712), (1,1224), (4,7851), (2,1004), (4,7988), (0,1586), (0,13683), (0,3445), (4,5562), (1,15831), (2,762), (4,4862), (1,6044), (1,8028), (0,2364), (2,3775), (1,14431)
arcabuzazo	(1,151)
harmless	(1,19232), (4,9156), (2,8308), (5,9131), (0,13976), (3,3279)
ensalzar	(5,5159), (2,5486)
terciada	(1,14172)
peligrosas	(2,3431), (5,4139), (1,856)
