codiciosas	(1,1108)
deprecaciones	(1,8892)
amicus	(4,8602)
expandido	(1,47)
estese	(1,10057), (1,5404)
ribete	(4,4909)
botalia	(0,3882)
aunaban	(5,1085)
octubreobligacion	(0,11904)
farmaceuticos	(5,3721)
reducir	(3,2882), (1,7299), (4,347), (1,8430)
terrados	(1,16669)
toluca	(5,6976)
volmoller69	(5,6140)
bajense	(1,11689)
cegado	(4,957)
estera	(1,5090), (1,16985), (5,7360), (1,5469)
divididas	(2,4964)
abolida	(5,998), (5,300)
austeras	(5,4608)
conocidamente	(5,7465), (5,3843)
distan	(3,937), (3,1677), (3,944)
odas	(5,6432), (5,6339)
superficialmente	(5,5574)
distar	(0,13559)
pullas	(1,10795)
estero	(0,6815), (0,6880), (3,1989), (0,8966), (0,6825), (3,143), (3,1073), (3,1076), (0,10162), (0,10163), (0,6934), (0,10390), (0,10391), (0,6936), (0,10393), (0,6814)
inapelablemente	(5,3101)
aparejase	(0,3351)
disturbios	(2,6977), (2,7010)
papagayos	(4,5779), (1,16165)
turbar	(2,4483), (1,7410), (5,1049), (2,5801)
aprestos	(0,611)
atormentado	(5,4855)
cuartanario	(1,5039)
navidad	(0,9151), (0,11583), (0,11585), (0,11587), (0,12099), (0,3524), (0,5956), (0,9541), (0,5574), (0,840), (0,3657), (0,12745), (0,6091), (0,11339), (0,3660), (0,5964), (0,3790), (0,5582), (0,719), (0,11985), (0,6099), (0,3669), (0,11605), (0,13525), (0,5846), (0,11351), (0,12123), (0,349), (0,5981), (0,13152), (0,5729), (0,5858), (0,11618), (0,4835), (0,5987), (0,11621), (0,4199), (0,11623), (0,4202), (0,12010), (0,3308), (0,9199), (0,11631), (0,13425), (0,2162), (0,9586), (0,11638), (0,9593), (0,13435), (0,11644), (0,13564), (0,2045), (0,5887), (0,13439), (0,645), (0,13445), (0,4231), (0,9351), (0,12043), (0,5901), (0,4242), (0,3603), (0,4245), (0,1560), (0,2073), (0,12058), (0,3611), (0,412), (0,11549), (0,287), (0,12065), (0,4130), (0,11299), (0,13348), (0,4773), (0,422), (0,11559), (0,3241), (0,12073), (0,4522), (0,11563), (0,4268), (0,5681), (0,5816), (0,12089), (0,3258), (0,9146), (0,11579), (0,11707), (0,9533)
abriose	(2,7941)
99775	(0,14015)
favorida	(4,8723), (4,1336), (4,7464), (4,4713), (4,7337), (4,7513), (4,7561), (4,3644), (4,7549), (4,3935), (4,7503), (4,8847)
puelches	(3,339), (3,947), (3,501), (3,2070), (3,503), (3,504), (3,345), (3,1083), (3,2045), (3,334), (3,431), (3,432)
proferian	(5,2951)
magestad	(0,4671), (0,7743), (0,4673), (0,2629), (0,5190), (0,2631), (0,2633), (0,10825), (0,2637), (0,9295), (0,2642), (0,5204), (0,7252), (0,8788), (0,8790), (0,4183), (0,9304), (0,4700), (0,8796), (0,9309), (0,2659), (0,4708), (0,8294), (0,8807), (0,2665), (0,9321), (0,8303), (0,6769), (0,8308), (3,536), (0,8310), (0,7801), (0,4218), (0,6269), (0,4744), (0,8841), (0,2699), (0,4235), (0,8843), (0,9355), (0,9356), (0,4749), (0,8334), (0,9359), (0,8336), (0,8848), (0,9360), (0,1681), (0,4753), (0,8340), (0,2711), (0,2712), (0,9368), (0,9370), (0,4251), (0,1693), (0,9374), (0,4255), (0,1696), (3,580), (0,8866), (0,2724), (0,5796), (0,9380), (0,9385), (0,2731), (0,4781), (0,9389), (0,8878), (0,5807), (0,9391), (0,4785), (0,8881), (0,5301), (0,2742), (0,5305), (0,9401), (0,9406), (0,2751), (0,9410), (0,6852), (0,5829), (0,2758), (0,11974), (0,9416), (0,2762), (0,4298), (0,4303), (0,5327), (0,9425), (0,9426), (0,4820), (0,5844), (0,9429), (0,5847), (0,1752), (3,636), (0,6361), (0,2780), (0,5340), (0,1758), (0,8414), (0,8926), (0,2783), (0,4319), (0,5857), (0,2787), (0,5347), (0,4324), (0,5350), (0,7910), (0,6887), (3,655), (3,656), (3,2704), (0,5870), (0,5871), (0,5872), (3,661), (0,5363), (0,5876), (0,12020), (0,2805), (0,3318), (0,5880), (0,3322), (0,5882), (0,4859), (0,9467), (0,2812), (0,3325), (0,5885), (0,9470), (0,2815), (0,3327), (0,3328), (0,5888), (0,2817), (0,7425), (0,2819), (0,9476), (0,4359), (0,2824), (0,7435), (0,8460), (0,7438), (0,8464), (0,5393), (0,2836), (0,6932), (0,4374), (0,1819), (0,1820), (0,2848), (0,3360), (0,8992), (0,3362), (0,8994), (0,1828), (0,3365), (0,3366), (0,2855), (0,3368), (0,9513), (0,8495), (0,5424), (0,8496), (0,9015), (0,2874), (0,1864), (0,1866), (0,8522), (0,8525), (0,2895), (0,8528), (0,2898), (0,9045), (0,8536), (0,3417), (0,9051), (0,9054), (0,4448), (0,4961), (0,2920), (0,8553), (0,8555), (3,2831), (0,9069), (0,8558), (0,1905), (0,6001), (0,1909), (0,6005), (0,2937), (0,6010), (0,4988), (0,2941), (0,4992), (0,4996), (0,4488), (0,905), (0,6537), (0,5514), (0,2955), (0,6539), (0,908), (0,9100), (0,5005), (3,1841), (0,2959), (0,9103), (0,2961), (3,2357), (0,5522), (0,7571), (0,917), (0,5525), (0,7575), (0,9111), (0,4504), (0,5530), (0,2459), (0,924), (0,9116), (0,925), (0,9117), (0,2463), (0,2976), (0,930), (0,3491), (0,8099), (0,2982), (0,7590), (0,8103), (0,9128), (0,2985), (0,5546), (0,1964), (0,1965), (0,4015), (0,1969), (0,3506), (0,8626), (0,1971), (0,4531), (0,949), (0,1974), (0,3510), (0,3511), (0,4535), (0,5047), (0,953), (0,3513), (0,956), (0,3516), (0,958), (0,5055), (0,4033), (0,962), (0,3011), (0,5059), (0,6596), (0,965), (0,4549), (0,1990), (0,969), (0,3529), (0,3531), (0,3020), (0,973), (0,6605), (0,974), (0,9166), (0,976), (0,4560), (0,5072), (0,1489), (0,2513), (0,9169), (0,2514), (0,7634), (3,886), (0,3027), (0,1492), (0,4052), (0,981), (0,3031), (0,984), (0,2520), (0,9176), (0,3547), (0,2525), (0,4061), (0,9182), (0,991), (0,1503), (0,3040), (0,9184), (0,994), (0,3554), (0,9187), (3,391), (0,9188), (0,997), (0,999), (0,9191), (0,1001), (0,7146), (0,5099), (0,1004), (0,5100), (0,2030), (0,1520), (0,1009), (0,3569), (0,1010), (0,3570), (0,7155), (0,4596), (0,5109), (0,1015), (0,1018), (0,1020), (0,5118), (0,1023), (0,9215), (0,1025), (0,8705), (0,1027), (0,4099), (0,7172), (0,9220), (0,4614), (0,5127), (0,6663), (0,8713), (0,4619), (0,2060), (0,5132), (0,6157), (0,5134), (0,5137), (0,1555), (3,2486), (0,6677), (3,2492), (0,5148), (3,3009), (0,5152), (0,5158), (0,9255), (0,5161), (3,2514), (0,5167), (0,2609), (0,5170), (0,9266), (0,5171), (0,4660), (0,9269), (0,9278)
aventurarlo	(5,3347)
osamos	(0,11377), (0,10619)
restanar	(5,3307)
condenada	(5,2385)
pueda	(1,17696), (0,2368), (0,5446), (0,2376), (1,3372), (4,8143), (0,337), (0,4690), (0,5459), (1,11572), (1,3638), (0,2660), (1,13894), (1,18762), (1,1867), (3,1038), (1,3410), (0,8305), (0,3188), (1,3414), (0,11894), (1,16985), (1,10077), (1,13150), (1,8800), (1,8803), (0,1413), (0,2694), (0,2695), (3,2606), (2,2385), (1,13169), (1,18804), (1,13942), (1,14966), (3,2362), (1,14970), (1,1918), (3,2887), (4,5160), (1,2951), (1,9097), (2,5484), (3,2640), (3,2645), (1,7573), (1,3993), (0,4025), (4,4672), (1,11168), (0,2240), (2,389), (0,1219), (0,1475), (1,1956), (1,2983), (0,4552), (1,16298), (1,174), (1,4527), (1,178), (3,2932), (4,4949), (1,9908), (3,2938), (1,8377), (1,11195), (1,2236), (2,5533), (3,2432), (3,2433), (4,8549), (0,5090), (0,3812), (0,4326), (4,7535), (1,7633), (0,13553), (1,9686), (0,3830), (0,4861), (2,3008), (0,5118), (0,2305), (2,7366), (0,3081), (1,9194), (3,2222), (2,6605), (0,4365), (0,11789), (5,7797), (0,4625), (1,15094), (1,5879), (0,4377), (0,4634), (0,4124), (1,12542), (1,9474), (5,5511), (1,18703), (0,303), (1,12048), (3,2518), (1,1561), (1,1051), (0,1084), (2,1279), (5,1955), (4,6594)
abeja	(5,1365)
metiose	(0,10275), (4,6097)
soltamos	(2,2362)
altiva	(5,5765), (1,6796)
entrevan	(1,4970)
comentada	(5,6539)
pajarracos	(2,2331)
emocion	(5,4774), (2,5603), (2,3047), (5,4171), (2,6216), (5,7184), (2,4270), (5,4532), (2,1301), (2,3798), (5,4601), (2,5782), (5,5850), (2,1561), (5,5121), (2,6176)
peculiares	(5,1813), (5,4816)
bebido	(1,4023)
adheriria	(5,3381)
contestaciones	(0,527), (0,513), (5,854)
credencial	(2,2561), (2,2608)
bajaban	(2,1447), (5,1392), (5,1282)
entretienen	(1,1191), (1,17815), (1,18185), (1,17195)
pulcelaje	(1,18563)
emprenar	(4,7978)
altivo	(1,6914), (1,3101)
mostraba	(1,16673), (1,6628), (5,4521), (1,7656), (1,15721), (1,9521), (1,16051), (4,344), (0,6613), (4,6046), (2,990), (2,995), (0,8353), (1,12419), (1,1093), (1,12871), (5,205), (0,6184), (0,7979), (1,4878), (1,4432), (1,7890), (5,3736), (1,12500), (1,10774), (1,10141), (1,13533)
resignaba	(5,713)
aceptarlo	(0,3277)
companones	(4,8035), (4,8581), (4,7466), (4,8045)
descendientes	(5,6869), (4,2933), (1,14146), (5,1687), (4,8278), (5,1608), (5,6840), (5,5772), (5,2531)
bebida	(3,1022)
cegara	(4,2312)
navios	(0,1599), (0,3647), (1,8224), (0,1089), (0,4675), (0,1092), (0,3141), (0,11845), (0,3154), (0,1620), (0,3160), (0,4696), (0,1626), (0,4698), (0,3163), (0,1116), (3,2559), (0,4197), (0,3686), (0,4199), (0,4204), (0,3182), (0,4206), (0,6773), (0,3190), (0,5240), (0,1658), (0,1663), (0,5248), (0,7296), (3,2084), (0,5252), (0,1669), (0,4230), (0,8327), (0,4241), (0,7828), (0,3225), (0,1691), (0,3227), (0,4254), (0,4767), (0,3235), (0,3239), (0,4264), (0,4777), (0,3242), (0,4779), (0,11950), (0,4271), (0,4788), (0,1717), (0,3767), (0,4280), (0,5816), (0,3769), (0,5817), (0,3772), (0,4798), (0,1728), (0,4800), (0,1729), (0,3265), (0,706), (0,7365), (0,3783), (0,5319), (0,3785), (0,3788), (0,717), (0,3789), (0,719), (0,5328), (0,721), (0,723), (0,5331), (0,2772), (0,3798), (0,3287), (0,5337), (0,4314), (1,9407), (0,5343), (0,3301), (0,1254), (0,4839), (0,12008), (0,3817), (0,5353), (0,3306), (0,1772), (0,3308), (0,3823), (0,4338), (0,243), (0,1780), (0,5366), (0,3321), (0,3834), (0,4346), (0,1791), (0,10497), (0,12044), (0,5905), (0,1812), (0,5400), (3,700), (3,2236), (1,6394), (3,703), (0,5916), (3,705), (3,707), (0,1832), (3,721), (3,724), (0,1842), (3,727), (0,4408), (0,6456), (0,4410), (0,6983), (3,2287), (0,4429), (0,3406), (0,5967), (1,6449), (1,6457), (0,4441), (0,5978), (1,6459), (0,1887), (0,1890), (0,3426), (1,6468), (1,6474), (0,3434), (0,4458), (0,1899), (0,3438), (1,6481), (1,6483), (5,6360), (0,8572), (0,893), (1,6499), (3,808), (0,2949), (0,4485), (0,906), (1,6507), (0,8587), (0,4493), (0,4497), (1,6514), (0,4499), (0,3989), (3,827), (3,832), (0,4000), (0,5024), (1,6530), (0,4004), (0,5034), (0,5037), (0,10674), (0,5043), (0,11708), (0,4544), (0,3523), (0,3528), (0,1994), (0,6093), (3,1909), (0,7634), (0,7640), (3,2945), (0,4576), (3,389), (0,3560), (0,7660), (3,1937), (0,4590), (0,5614), (0,5620), (1,6103), (0,4601), (0,2560), (0,3072), (3,933), (0,5129), (0,4116), (0,3098), (0,4122), (0,4130), (0,1571), (0,3619), (0,4133), (0,13349), (0,3622), (0,3112), (0,4136), (1,6665), (0,3626), (0,4138), (0,1582), (0,5166), (0,1072), (0,5169), (0,5681), (0,1590), (0,3640), (0,1593), (0,1083), (0,5691), (0,3644)
letigios	(4,7277)
apresurarian	(1,7178)
familiarmente	(2,6680)
imaginacion	(1,2529), (5,7206), (1,8738), (2,1156), (1,6307), (1,13674), (1,15850), (1,9259), (1,16111), (1,9456), (1,15349), (1,13562), (2,6172), (1,1021), (2,4960), (1,16070), (1,8583), (2,4138), (2,1323), (5,4302), (3,82), (2,3122), (1,13138), (1,9046), (1,7895), (1,10842), (1,5533), (1,7901), (5,5538), (2,3968)
penetrante	(2,7923), (5,7368), (5,6985), (2,3581)
encrespase	(2,837)
electronic	(4,9155), (1,19232), (5,9128), (5,9131), (1,19242), (4,9166), (2,8209), (1,18992), (5,9141), (0,13904), (3,3060), (5,8891), (4,8923), (0,13911), (3,3067), (3,3070), (3,3074), (3,3076), (0,13923), (1,19013), (3,3081), (3,3083), (2,8235), (3,3086), (4,8943), (5,8912), (1,19020), (3,3088), (0,13934), (1,19023), (3,3092), (2,8243), (5,8919), (1,19027), (4,8951), (1,19029), (5,8922), (3,3353), (4,8954), (3,3100), (3,3356), (5,8926), (0,13945), (1,19034), (4,8958), (5,8928), (1,19036), (4,8960), (2,8255), (1,19039), (5,8933), (1,19041), (4,8965), (5,8935), (4,8967), (1,19045), (5,8938), (4,8970), (4,8971), (5,8940), (2,8266), (1,19306), (5,8944), (4,8976), (1,19053), (1,19309), (5,9205), (2,8277), (4,8983), (5,8952), (5,9208), (0,13973), (4,9243), (0,13976), (3,3134), (4,9247), (0,13986), (3,3145), (0,13740), (1,19087), (2,8305), (2,8308), (4,9014), (3,3158), (5,8986), (1,19098), (2,8318), (4,9025), (0,13757), (5,8997), (2,8068), (0,13764), (1,19111), (0,13767), (3,3180), (4,9037), (0,13771), (5,9010), (0,13773), (0,13779), (0,13781), (2,8089), (0,13784), (0,13786), (1,19133), (2,8096), (0,13790), (4,9059), (2,8099), (3,3206), (5,9032), (2,8103), (0,13798), (2,8105), (3,3214), (2,8110), (2,8112), (0,14062), (2,8115), (0,14065), (2,8117), (1,19159), (3,3226), (2,8121), (4,9085), (2,8382), (5,9058), (1,19167), (2,8129), (2,8385), (4,9092), (3,3237), (5,9066), (0,13832), (1,19179), (4,9103), (3,3248), (5,9078), (0,13843), (1,19190), (4,9115), (5,9089), (0,13856), (1,19201), (2,8163), (4,9126), (5,9100), (3,3276), (3,3279), (2,8174), (3,3289), (0,13878), (2,8187), (3,3039), (1,19229), (4,9153)
maniobras	(0,13109)
condenaba	(0,13095)
juguemos	(1,4709)
confesor	(1,8193), (1,8801), (1,11475), (5,5816), (1,11471)
excesivamente	(5,3221), (2,3123), (2,3844), (5,1129), (5,731), (5,351), (5,5439), (5,7376), (2,4095), (5,7603)
aniquilamiento	(5,5762)
mostrada	(0,13168), (4,727)
gomorra	(4,8530)
magallanesomitese	(0,11824)
mostrado	(5,2437), (1,10209), (1,2819), (1,13187), (1,2020), (1,3588), (1,4548), (1,9093), (0,9381), (1,14054), (1,7879), (1,8458), (1,14666), (5,2415), (1,8460), (0,5740), (1,2930), (1,13075), (0,9459), (3,2807), (0,8597), (1,16025), (5,6050)
romancesco	(2,546)
panaderias	(2,4721)
apasionados	(4,8372), (5,6313), (1,13722)
descubiertas	(0,850), (0,2626), (0,1082)
brazos	(1,10528), (2,3714), (1,8993), (1,6818), (1,15524), (1,3493), (2,5894), (1,2598), (1,15526), (1,2602), (1,17451), (1,2605), (5,7089), (1,10542), (1,4017), (1,12721), (1,9266), (1,8883), (1,15667), (2,1301), (1,2612), (1,4021), (1,14009), (1,14649), (1,9021), (1,15549), (4,5985), (1,14655), (4,8547), (1,3269), (1,198), (2,3495), (2,5929), (1,15561), (2,1451), (1,18252), (2,430), (2,3374), (1,15181), (1,6862), (1,9294), (1,18254), (1,14801), (2,1459), (0,10098), (1,17237), (1,1750), (2,953), (5,3421), (1,15577), (1,9309), (1,9313), (5,4326), (1,15586), (3,2727), (2,7110), (1,16486), (1,13799), (1,15592), (1,4457), (1,2154), (1,12908), (2,8014), (2,2640), (0,3984), (1,12660), (2,8022), (1,13813), (2,6103), (1,5366), (2,6104), (2,5338), (1,5114), (1,9339), (1,9340), (2,6239), (1,18047), (2,2913), (1,8704), (2,6884), (1,3335), (0,10278), (2,1515), (1,9099), (1,15243), (2,1519), (2,4853), (5,4126), (4,7229), (0,6329), (1,10523), (1,10652), (0,11453), (1,15646)
arcabuco	(0,6994), (0,10269), (0,10590)
menoscaba	(1,765), (1,16638)
odio	(2,7813), (2,2791), (3,2683), (4,2349), (2,6283), (2,4956), (5,640), (2,7456)
propias	(2,482), (5,7589), (2,2915), (1,10882), (3,2693), (1,197), (3,1575), (0,2564), (5,5322), (2,2120), (2,3817), (5,2829), (1,13484), (3,2996), (5,1406), (1,10939), (0,2587), (1,16318)
andreses	(1,2206)
aventuraria	(1,13611)
botalon	(0,13506)
esclabos	(0,7606), (0,7686), (0,7655), (0,8891)
bebian	(0,10709), (0,13174), (4,7051)
menoscabe	(1,1703), (1,18727)
terneza	(1,9571)
espulgan	(1,16621)
instintos	(2,2338), (5,2382)
aparejame	(4,2582)
navegacion	(0,9536), (0,12097), (0,1090), (0,3141), (0,5958), (0,12103), (0,2888), (0,2889), (0,3145), (0,4425), (0,6730), (0,6219), (0,12107), (0,1358), (0,6227), (0,5717), (0,2903), (0,3159), (0,5720), (0,3161), (0,4959), (0,3680), (0,6240), (0,12128), (0,5732), (0,13158), (0,2408), (0,4970), (0,6250), (0,4715), (0,12908), (0,3183), (1,7251), (0,13684), (0,3959), (0,3449), (0,5753), (3,1823), (0,3452), (0,3453), (0,3965), (0,3966), (0,5758), (0,2944), (0,3969), (0,13442), (0,644), (0,9349), (0,3206), (0,13448), (0,3984), (0,8341), (0,9369), (0,672), (0,679), (0,1704), (0,2733), (0,5293), (0,11950), (0,11954), (0,3507), (0,2740), (0,6072), (0,3519), (0,7360), (0,6083), (0,12997), (0,3271), (0,6599), (0,3532), (0,11981), (0,3534), (0,5582), (0,6610), (0,5588), (0,13524), (0,13525), (3,2937), (0,5335), (0,5592), (0,6104), (0,3547), (0,4829), (0,5600), (0,5608), (0,748), (0,3052), (0,4593), (0,12020), (0,9212), (0,2561), (0,3841), (0,3074), (0,3843), (0,4355), (0,4611), (0,5635), (0,5644), (0,13580), (0,4621), (0,3599), (0,5906), (0,3859), (0,4386), (0,3363), (0,4131), (0,3620), (0,3878), (0,12071), (0,2601), (0,5673), (0,4139), (0,2350), (0,5678), (0,818), (0,2610), (0,4149), (0,3894), (0,3383), (0,9531), (0,10811), (0,13627), (0,4156), (0,12092), (0,573)
reirse	(2,570)
entrever	(2,3329)
quitaste	(1,5875)
chillidos	(2,869)
maintaining	(1,19280), (2,8356), (0,14036), (5,9179), (3,3327), (4,9216)
echando	(1,8931), (1,12260), (0,10630), (2,2730), (0,9930), (1,9390), (5,2291), (1,5456), (3,821), (1,13237), (0,11445), (0,11350), (2,863), (0,4829)
hovieren	(0,1408), (0,1397), (0,1337), (0,1373)
menoscabo	(5,4484), (5,726), (1,18755), (5,191), (1,5679)
marineros	(0,4159), (0,4479), (2,1730), (0,1670), (0,9549), (0,3215), (0,2257), (0,3537), (0,9106), (0,406), (0,2263), (0,4247), (1,7738), (0,2276), (0,4390), (0,4455), (0,4393), (0,362), (0,2283), (0,4459), (0,366), (0,4142), (0,4911), (0,10416), (0,2167), (1,8216), (1,6623), (1,8223)
villas	(4,378), (5,4685)
asimesmo	(0,5215), (0,1633), (0,1627), (0,1643)
limaduras	(0,13043)
profanacion	(5,1023)
oleaje	(2,7118)
abriome	(1,16436), (1,14510)
fomentara	(2,2763), (2,685)
qualque	(4,518), (4,2105), (4,2045), (4,2221)
respondi	(0,4114), (1,8308), (1,14500), (1,15956), (4,824), (1,14518)
platicar	(2,675), (2,7351), (4,5708), (4,8784), (0,1838)
agujas	(2,305), (0,11122), (0,11064), (0,11336), (4,6896)
platicas	(0,1951), (0,7616), (1,18849), (1,9923), (1,11331), (1,3717), (1,15752), (1,12075), (5,4920), (0,8051), (1,11157), (1,10205), (1,10429), (0,3454)
responde	(1,18144), (0,11392), (2,131), (1,994), (1,17573), (2,6728), (4,3761), (0,10671), (1,15792), (1,15538), (3,917), (4,8726), (4,407), (1,15737), (3,541), (4,3390), (4,511), (1,11548), (3,2944), (1,16734)
hurdaneta	(0,12082), (0,3544)
idibus	(4,8471)
respondo	(4,292), (2,1667), (2,7000), (1,17661)
turbia	(4,6921)
galanteador	(2,6131)
cantilada	(0,6139)
preguntamosles	(0,10575), (0,10243), (0,10444)
responda	(4,3955), (2,230), (1,6184), (1,1167)
picarescas	(2,6128)
martillos	(0,3300), (1,17881), (2,1694)
menuda	(0,175), (2,3268), (2,2213), (1,10325), (2,1736), (0,474), (5,5888), (3,1759), (5,7889), (3,2224), (4,5889)
puede	(0,4160), (2,6662), (2,5645), (2,4122), (1,16441), (5,6590), (2,7710), (2,4640), (1,6208), (3,2052), (4,5094), (1,8261), (1,1607), (1,17996), (2,3631), (2,563), (1,6740), (1,14934), (2,569), (3,2588), (0,3705), (1,16474), (1,603), (2,1596), (1,4700), (0,3708), (1,4704), (2,6209), (4,3588), (5,7141), (4,8198), (0,8322), (0,3206), (2,5705), (2,4682), (5,4589), (3,556), (4,2574), (3,558), (1,3180), (0,3213), (2,1616), (2,7248), (0,8335), (2,7250), (0,145), (4,7190), (3,2615), (2,89), (0,3735), (2,7261), (5,1026), (2,3167), (1,14976), (5,2566), (1,1155), (1,7299), (2,4709), (2,5733), (2,2151), (2,4713), (0,684), (3,2127), (4,8241), (3,2129), (5,6163), (2,7798), (5,5147), (5,3100), (5,1565), (5,7712), (1,7837), (1,1694), (2,1156), (2,7813), (2,1159), (3,2664), (1,13990), (4,3659), (1,16044), (1,9901), (4,4690), (4,6739), (2,4242), (0,3285), (1,9912), (2,2715), (1,13499), (5,578), (3,2688), (3,641), (1,11456), (1,10945), (2,1188), (4,4199), (0,3301), (4,4715), (1,1227), (5,4688), (1,8910), (2,1715), (4,634), (1,14039), (1,16087), (2,1722), (1,732), (4,4224), (1,12509), (1,14048), (1,16100), (1,5866), (1,17642), (2,4301), (5,113), (1,17645), (0,1806), (0,2830), (1,14575), (1,18163), (2,1237), (4,2200), (1,18171), (0,2843), (0,2844), (2,5342), (2,2784), (1,11520), (5,4744), (1,17670), (0,2856), (1,16137), (0,13099), (5,1681), (0,814), (1,4882), (3,2773), (1,12051), (0,2867), (2,762), (2,2299), (4,5821), (5,3232), (1,3869), (1,18205), (5,7843), (4,5827), (1,13601), (1,13602), (5,5287), (1,8483), (5,1192), (2,3845), (2,2823), (0,2885), (5,4268), (1,18729), (1,8491), (1,11565), (1,16173), (1,16686), (2,1809), (1,11573), (1,1337), (2,2331), (1,4410), (1,13117), (3,258), (5,1223), (0,867), (1,5444), (4,2796), (1,2891), (2,5420), (2,815), (2,4401), (1,3409), (2,6964), (5,5849), (5,6874), (2,2360), (5,2269), (3,2843), (4,7933), (1,18779), (2,3902), (1,18271), (2,8001), (2,5954), (2,7490), (1,13153), (0,2946), (1,5987), (2,6468), (1,13157), (3,296), (5,748), (2,1866), (5,7918), (3,2349), (1,1388), (1,2925), (1,8557), (1,5998), (5,5875), (1,18287), (4,6932), (2,1875), (3,311), (2,6999), (4,8473), (3,827), (3,2363), (2,7519), (3,833), (4,7458), (1,4480), (1,4992), (0,13219), (4,4906), (2,7529), (2,1898), (5,2317), (1,17801), (5,6926), (3,845), (1,2956), (1,2957), (2,1391), (2,1392), (1,4495), (5,5397), (1,10642), (4,7479), (4,3897), (3,857), (1,3996), (2,6014), (5,6437), (5,5414), (1,8610), (1,5027), (1,13733), (1,12710), (4,1866), (2,7563), (1,16814), (4,7508), (1,14258), (0,978), (2,3477), (4,7511), (1,8628), (0,981), (3,889), (2,3480), (1,7608), (1,17848), (5,829), (2,922), (2,411), (5,5439), (1,5565), (0,1501), (1,960), (1,5057), (1,3011), (2,6566), (5,5964), (1,17354), (1,971), (0,1514), (2,4530), (3,1944), (1,2520), (2,6586), (4,4990), (0,2556), (4,4992), (0,9215), (4,6533), (4,5516), (1,16362), (0,11788), (1,4083), (2,7124), (3,1463), (3,3000), (1,16887), (1,1017), (1,6138), (4,3487), (2,2528), (2,7142), (0,7716), (0,4646), (0,9255), (1,17419), (4,5551), (4,4530), (2,6132), (1,9751), (1,1560), (4,1471), (5,1954), (2,7168)
mastines	(2,2363)
menudo	(5,4004), (5,5226), (5,5866), (5,1515), (5,3629), (5,6317), (2,1740), (5,240), (1,13359), (5,2228), (3,1331), (2,3219), (5,5686), (5,4920), (0,11731), (1,373), (1,3319), (5,3323), (5,7740), (5,4544), (1,16572), (5,1411), (5,4037), (5,4421), (5,2057), (1,4869), (1,17161), (5,3216), (2,175), (0,4461), (4,7858), (5,2004), (2,2673), (5,4244), (3,979), (0,7989), (2,3256), (2,633), (5,1884), (5,4445), (5,5729), (5,6625)
puedo	(1,17697), (2,3331), (1,13348), (2,3591), (2,1032), (1,1069), (1,11567), (4,2273), (2,5923), (1,6722), (4,5353), (4,1772), (1,2126), (1,14931), (0,2675), (1,3416), (1,3417), (2,3899), (1,14938), (0,2939), (2,3390), (1,14429), (2,2624), (1,14943), (1,4705), (0,2693), (2,3406), (4,4627), (1,13936), (1,16240), (1,13937), (4,789), (1,14965), (1,17532), (4,1569), (1,2945), (1,2949), (2,5990), (2,7785), (0,2985), (2,2157), (3,1359), (2,881), (4,6454), (4,5687), (1,13973), (1,15509), (1,13974), (2,6526), (1,6559), (2,5762), (4,4934), (1,13476), (1,14760), (1,1705), (4,3917), (1,4529), (1,17074), (1,4534), (2,6552), (4,3932), (1,1213), (2,5279), (1,5567), (1,14783), (4,3684), (1,5313), (1,17607), (1,16330), (4,1903), (2,2733), (1,6350), (2,6832), (4,3700), (4,1397), (1,9683), (1,16085), (2,4024), (4,3707), (4,3709), (2,5308), (4,5507), (2,6850), (1,18660), (1,18662), (1,10986), (2,464), (1,2032), (1,9712), (1,753), (2,2775), (0,2837), (4,6302), (4,6049), (1,18174), (4,4514), (1,15625), (2,1009), (1,7961), (2,1275), (1,11290), (1,13595), (4,7871)
emprendo	(5,900)
condenado	(5,3831), (1,8358), (5,1324), (2,4622), (2,6800)
consiste	(1,17840), (2,1843), (2,1875), (2,7028), (5,6103), (1,708), (2,2501), (5,7736), (2,2649), (1,8408), (2,526), (2,6975)
despachariamos	(0,7627)
limosnita	(1,1328)
metiolo	(4,5926)
abriolo	(1,5903)
campesinos	(5,2227)
disolverla	(5,173)
emprendiendo	(2,1090), (5,5052)
abriole	(1,2562)
roelas	(0,4195), (0,12458)
cantarades	(1,355)
oprimia	(5,288)
jaymes	(0,9552), (0,5972), (0,13543), (0,12377)
creiamos	(2,4486)
ligerisimo	(2,3510)
parajes	(2,6329), (0,12907)
ignorandola	(1,16960)
invoca	(5,7060)
alargaron	(5,4996)
oprimio	(2,7858), (2,1364)
isunza	(1,14273), (1,15569), (1,14483), (1,15284), (1,15390)
oprimir	(2,5485)
declarareis	(0,2191)
aburrido	(2,4037), (5,5455), (2,1150)
llegate	(1,3093)
bogadores	(0,10117)
hablemos	(2,3924), (2,5445), (1,16302)
escusado	(0,2852)
cardenas	(0,2049), (1,13410), (1,13411), (0,12206)
virreyes	(0,557)
diferenciavamos	(0,9999)
apreciable	(5,2316), (5,7277), (5,7778)
feria	(1,4832), (4,6659), (1,18513), (4,6539)
tribunales	(5,2791), (5,3627), (5,1539), (5,7363)
dulce	(4,5000), (4,6920), (4,8009), (2,648), (4,1674), (1,2281), (0,10569), (0,6474), (0,10443), (2,975), (5,1714), (2,3663), (0,3855), (1,2292), (5,4536), (0,10708), (1,2806), (1,18422), (1,1786), (4,3037), (4,7390), (0,10204), (1,2302), (0,9950), (1,7682), (1,10565), (3,712), (0,6374), (1,1417), (1,4489), (0,10024), (0,10216), (1,9867), (1,10765), (1,8718), (0,8685), (1,14926), (4,5810), (4,6712), (3,220), (4,7103), (5,7520), (5,5281)
misericordiosa	(5,7294)
enredos	(1,2233), (1,16495)
cardenal	(4,4391), (5,6616)
recompensasen	(1,7114)
satisfacian	(1,1663), (5,3011)
gramaticos	(5,6164), (1,16888)
escusada	(3,2557)
meditaciones	(2,2721), (2,1650), (5,8469), (2,1763), (5,1495), (2,1589), (2,1591), (5,4395), (2,5033), (2,1626), (2,2426), (5,4989)
hinchiran	(0,3279)
bobillo	(2,7918)
llegase	(0,6912), (0,7360), (2,7428), (1,15460), (1,15525), (1,12519), (1,8616), (1,7212), (5,2737), (1,14387), (0,13207), (3,1659), (1,12922), (2,796), (1,6459), (1,7291), (2,797), (1,4285), (5,898), (1,12286), (0,3486), (0,8414), (0,6047), (1,13696), (0,2912), (2,2147), (1,3845), (1,9285), (1,15813), (5,2634), (1,14022), (1,14025), (1,6668), (1,6925), (1,18509), (3,1173), (1,6483), (1,4437)
excomunion	(4,8505), (4,8889)
pudie	(4,8442)
leyendas	(5,6409)
quieresnos	(4,823)
darme	(4,8355), (2,2754), (1,13923), (1,13957), (1,16806), (1,8776), (1,4714), (2,5069), (4,5424), (4,5682), (1,6191), (1,10640), (1,13168), (1,9682), (1,627), (1,2549), (0,2517), (0,2869), (4,4889), (1,15640), (1,6201), (1,15674), (2,3037)
99712	(4,9195)
embarcaren	(0,4463)
palidez	(2,5812), (2,5849), (2,4845)
achacaron	(2,4362)
presidia	(5,1721), (2,4016), (5,5907)
conformando	(2,6959)
cuarto	(1,12194), (2,4228), (0,6084), (1,12198), (5,5804), (5,1901), (2,7758), (1,878), (2,722), (1,11828), (1,12212), (1,760), (2,2905), (5,4156), (0,11608), (1,15865), (2,7579), (3,701), (2,5788), (2,5726), (1,5437), (2,7583), (5,771), (0,12127), (0,13088), (2,614), (2,7654), (2,7592), (1,17611), (1,780), (5,6160), (5,3985), (5,4753), (5,3986), (5,5331), (1,5456), (1,12240), (1,12242), (2,2357), (1,8729), (1,8730), (5,6176), (2,3902), (5,7586), (5,2851)
provisor	(4,7527), (1,7577), (1,7370), (1,7435)
asistencia	(3,1145), (2,6649), (0,13579)
exonerarles	(2,3772)
modos	(1,9729), (2,5413), (2,2599), (4,5964), (1,267), (1,684), (5,3826), (1,15697), (1,13170), (4,4378), (1,6264), (4,3036), (5,670), (2,3965), (5,4673), (1,7869), (2,4415), (1,14719)
ellas	(0,2623), (1,17953), (5,4008), (1,16935), (2,7691), (0,6218), (0,9806), (4,2515), (0,9808), (4,2519), (0,2649), (0,4698), (0,96), (4,3044), (1,579), (1,1603), (4,5609), (0,5734), (1,1097), (1,16457), (4,1005), (1,17482), (0,5226), (0,9834), (0,1132), (0,2669), (5,5075), (0,5742), (4,2549), (1,4693), (0,5749), (4,5627), (0,5239), (1,17496), (1,10841), (0,4731), (4,1538), (0,3201), (1,6754), (0,4738), (1,15461), (0,4741), (4,5642), (0,4742), (0,9862), (0,1160), (1,7786), (0,4746), (1,18027), (1,1138), (1,1140), (1,11380), (0,9364), (0,3223), (2,5721), (0,1180), (0,1696), (1,1155), (0,7333), (1,8327), (1,11911), (4,7724), (1,11917), (4,7729), (4,7738), (4,7740), (3,2652), (0,5306), (5,3105), (1,13470), (2,5248), (2,2690), (1,15009), (4,8779), (4,4684), (1,13482), (1,17067), (1,18603), (4,2129), (0,1232), (4,5716), (0,4819), (1,12980), (3,1655), (3,1144), (4,6745), (0,7383), (0,9952), (3,1157), (1,4804), (0,6372), (1,9413), (1,198), (1,9930), (4,4721), (4,4724), (3,1687), (1,9941), (1,11991), (0,6392), (0,4857), (0,11513), (1,17114), (4,2178), (0,6398), (4,4739), (0,6401), (4,4742), (1,2790), (0,7429), (1,9960), (0,11532), (0,2830), (0,2831), (4,7316), (0,787), (1,3316), (1,9972), (0,7444), (1,9973), (0,8984), (3,1212), (4,158), (0,4892), (1,9981), (1,13565), (1,9983), (1,13568), (4,4260), (1,9985), (4,677), (1,3848), (2,7916), (0,301), (1,1294), (1,17678), (5,3220), (0,9007), (1,18706), (0,4917), (2,7415), (3,1753), (0,4918), (4,5307), (4,4284), (0,9016), (1,15129), (3,222), (0,315), (4,5311), (1,15133), (0,7488), (0,10562), (1,4388), (1,10023), (5,5294), (0,8012), (4,6354), (1,12594), (0,852), (0,8025), (0,2398), (1,3391), (0,1892), (0,1893), (5,1228), (4,6380), (1,2890), (1,3405), (2,4398), (4,5363), (1,13137), (1,2899), (1,2900), (0,4979), (4,8442), (1,9561), (0,6009), (4,8447), (4,5377), (0,2942), (5,7908), (1,1890), (1,9570), (1,14692), (3,814), (3,2866), (1,11633), (0,10131), (0,5014), (5,7933), (1,8574), (0,6046), (0,10142), (0,933), (0,937), (1,2442), (1,10636), (0,7598), (1,11663), (3,1874), (0,2992), (1,4497), (5,4374), (5,3351), (1,16789), (5,6430), (4,1346), (4,1347), (1,18336), (1,1956), (5,6959), (5,4914), (1,7598), (3,369), (4,2387), (0,6607), (1,945), (1,9137), (1,10162), (0,5587), (4,1368), (1,15797), (5,4922), (1,1470), (3,2432), (5,5444), (1,7620), (0,1513), (4,1393), (1,10193), (1,18897), (5,5980), (4,892), (0,9208), (1,17881), (3,2973), (4,895), (1,10716), (0,5629), (0,3582), (1,13279), (1,17888), (4,6023), (0,9219), (0,5637), (4,6026), (0,4616), (1,14825), (0,4618), (3,944), (5,7026), (0,5648), (4,2965), (4,6040), (5,3962), (1,1527), (0,3094), (4,2974), (1,9212), (4,2977), (0,4637), (0,2591), (2,484), (2,3044), (4,6055), (0,4646), (0,9255), (0,5160), (4,2989), (0,3113), (0,4650), (4,2991), (0,4652), (4,3506), (1,11280), (5,3990), (4,441), (1,14358), (0,2614), (0,573), (0,8254)
ponderaba	(0,12953)
misericordioso	(1,17702)
presidio	(2,7298), (2,6405), (2,6406), (3,1866), (3,2318), (2,5101), (2,6254), (2,4688), (2,6256), (2,6800), (3,2290), (5,7542), (1,3443), (5,3831), (3,2558)
ciertamente	(5,5207), (0,7651), (5,6841), (0,150), (1,17577)
penetracion	(3,2973), (5,5442)
presidir	(5,3782), (2,6298), (2,5532)
tudescos	(4,2168)
atadas	(1,15579)
cuarta	(4,7978), (0,11339), (1,18732), (3,2241), (5,3155), (5,3331)
bellezas	(1,18099)
darle	(2,7873), (1,3873), (1,2594), (0,8705), (1,14370), (1,13155), (1,871), (2,4170), (1,4073), (4,8143), (1,12396), (0,8463), (1,12529), (2,3354), (1,4793), (2,5722), (1,4985), (1,9401), (5,5246), (1,4157), (0,4444), (2,6432), (4,8482), (2,2786), (2,1834), (1,3785), (1,15946), (1,6219), (4,8494), (1,18379), (1,2444), (2,7341), (1,4749), (1,10830), (0,8494), (2,5554), (1,5265), (1,12949), (1,3862), (1,9302), (1,9943), (1,18519), (0,696), (0,8953), (1,3931), (1,6621), (1,18589), (0,10749)
excepcionales	(5,1126), (5,5119)
darla	(1,4529), (2,7285), (1,3196)
regocijados	(1,9664), (1,6647)
rateros	(1,17203)
sumido	(5,4147)
trascendencia	(5,570), (5,1165), (5,2211)
wilson	(5,887), (5,8780), (5,2319)
escusaba	(4,380)
librancas	(0,11711), (0,12047)
enfurece	(2,7473)
severas	(5,4561)
aconsejandose	(1,5335)
tenebrosa	(4,8571)
burlados	(1,14010), (1,11629)
desmentiras	(2,2605)
proteste	(2,1240)
sonora	(2,2179), (1,18434), (2,103), (1,11718), (5,1008)
1563de	(0,4100)
sintiendose	(5,4948)
protesta	(0,2767), (5,422), (2,4179), (5,6857), (4,316), (0,2779), (5,2561), (5,4673), (5,434)
hostilidad	(5,2422), (0,770), (5,4617), (5,2714), (5,1262), (5,847), (5,594), (5,3906)
almadrabas	(1,12593), (1,11011), (1,12887), (1,11272), (1,11592), (1,10841), (1,12235), (1,11389), (1,10783), (1,10847)
sedas	(0,7626), (0,5115), (1,4414)
lluvia	(0,175), (1,1616), (1,14416), (2,3883), (2,412)
perezoso	(5,2021), (1,17412), (1,15573), (1,10121), (1,15883)
tercera	(0,11839), (4,6148), (5,5797), (4,8774), (0,12898), (4,5607), (4,8776), (3,937), (2,4712), (5,6827), (0,12966), (0,103), (4,3057), (2,592), (1,8913), (5,5944), (4,6360), (5,6939), (2,1113), (2,1210), (4,125), (5,6879)
hiran	(0,3518)
protesto	(0,2694), (0,2695), (0,2697), (2,2509), (0,2955), (0,3021), (0,2864), (2,6419), (0,2963), (2,6421), (0,2553), (0,2778), (0,2684)
devotas	(4,8627), (4,896), (4,2928)
sonoro	(1,18145), (5,3080), (5,1022), (1,18442)
sumida	(1,17671), (5,7548)
turbosela	(1,1402)
carinos	(2,7817)
donate	(0,14051), (1,19140), (5,9194), (4,9066), (1,19304), (5,9039), (3,3342), (4,9231), (0,14060), (5,9203), (3,3187), (2,8371), (3,3351), (4,9240), (2,8216), (2,8380), (0,13885), (1,19295)
desviandome	(1,16586)
minuciosas	(2,626), (0,313)
subido	(5,7316), (0,5056), (0,11684), (1,12821), (1,648), (5,1148), (5,1420), (0,11676), (0,11692)
octavo	(3,2803), (3,2854), (5,6009), (5,6176)
anegaron	(0,3500)
dares	(1,11337)
cuartillo	(0,366)
aparejado	(4,1411), (4,1683), (1,8448), (5,3253)
sobriamente	(1,17954)
adulterio	(1,1597)
asomose	(3,1367), (1,15895), (1,12350)
incendiado	(5,7540)
subida	(1,2326)
divididos	(1,12513), (3,1726)
limpia	(1,18817), (1,18818), (5,7719), (4,1959), (4,7111), (2,6693), (1,12036), (4,5738), (1,15592), (1,10793), (1,10739), (4,5559), (1,16501), (1,9654), (1,18815)
garrocha	(4,3137), (4,1826)
octava	(1,17986), (5,6075), (1,18151), (1,2285), (1,2287)
disyuntiva	(5,3349)
daria	(4,3267), (1,4128), (1,10018), (0,7813), (1,16935), (1,7978), (0,7818), (1,15083), (0,8011), (0,9483), (4,4369), (1,3249), (5,3382), (0,8145), (4,5657), (1,12598), (1,4151), (1,3194), (1,12987), (1,5820), (1,7168), (0,6943), (0,8480), (1,9986), (4,8102), (0,7779), (1,18565), (3,1544), (4,7401), (1,4680), (5,2637), (1,3727), (0,9007), (1,7708), (1,10140), (1,4637), (1,7197), (4,2241), (1,5662)
acopio	(0,656)
aventurarse	(1,12072)
mayusculas	(4,38), (1,40), (2,30), (1,31)
recompensas	(2,2755)
esparcida	(1,17867)
recompensar	(1,1745), (2,798)
subian	(1,16804)
deslumbradora	(2,3644)
aparejada	(1,5872), (1,15746), (0,8068), (4,4745), (4,5548), (4,5583)
inclemencia	(5,6382)
flete	(0,1355)
terceto	(5,6215)
tercero	(5,7654), (5,6248), (1,4710), (1,14182), (3,618), (1,17195), (5,6834), (0,8911), (4,149), (5,6076), (0,8922), (2,609), (3,706), (0,8865), (1,17282), (1,17603), (0,8549), (2,552), (2,2344), (2,6131), (1,16722), (0,8562), (1,16725), (0,2229), (3,2137), (0,8695), (5,3297), (0,8829)
volvieronselas	(1,15038)
alimanas	(4,5820)
dudase	(5,7623)
desubientes	(4,2933)
sozobrar	(0,9919)
mollera	(4,7373), (2,1632)
pobrecito	(2,4272)
loaisa	(0,13248), (0,13265), (0,13476), (0,13175)
esportillas	(1,4828)
ligeros	(2,2930), (4,6025), (0,9915), (0,6557)
letuarios	(4,436)
banderizos	(1,3096)
oleada	(5,474)
tosigo	(4,5926), (1,7046)
compelido	(0,5006)
radicales	(5,985), (5,3216)
proteccion	(5,2341), (2,3300), (2,3302), (2,3112), (2,7018), (2,5102), (5,3092), (3,2771), (2,2612), (2,2581), (2,2138), (2,2202), (2,1276), (1,94), (5,4546)
andrajoso	(1,9839)
aguardabale	(2,4914)
desarrollado	(5,5179), (5,3267)
distintas	(5,6901), (2,5797), (5,4955), (2,3179), (5,7887), (5,3328), (5,961)
pudre	(1,18801)
litigamos	(4,4725)
esparcian	(5,2961)
vencidos	(5,1384), (1,3302), (2,6271), (3,1265), (3,1489)
dominarle	(2,6552)
fomentada	(2,2224)
espigacensis	(4,1309)
perdalesca	(4,5979)
emulas	(1,101)
palaos	(0,12915), (0,13155), (0,12772), (0,442)
precipitarse	(5,1528), (2,5439), (5,5586)
cosilla	(4,2272)
mostrara	(0,3001), (1,175), (1,3119)
modum	(1,6068)
comenzando	(1,2258), (1,14180), (1,10713), (1,4334)
daran	(1,1249), (0,6786), (4,6023), (0,1220), (0,1252), (0,4709), (4,5676), (4,6316), (1,13483), (0,3280), (1,16563), (1,11002), (1,18618), (4,6815)
mostrare	(4,5571), (0,5382), (0,1806), (0,2782)
fomentado	(2,7065), (5,141)
senalalles	(0,1861), (0,1895)
desarrollada	(2,4533)
perdices	(4,1263)
levantandose	(2,2820), (1,4741), (1,3559), (1,12201), (1,14634), (2,3446), (2,3894), (2,6586), (1,16153), (1,3546), (2,7132), (5,4096), (1,17244), (2,6942), (2,1311), (1,8831)
curen	(0,3746)
limpio	(1,4096), (4,2181), (1,18210), (1,6021), (1,10824), (4,2288), (4,4464), (4,8177), (0,6478), (5,6102), (1,11955), (1,9653), (1,11255), (1,11579), (4,5535), (1,10781), (4,2561), (0,9949), (4,3298), (1,5087)
hablareis	(0,2131), (0,2108)
pudor	(2,5800)
esquisitos	(1,17246)
observadas	(0,13612)
aguila	(5,4933), (2,5270), (1,280), (1,1625), (1,16346), (1,1723), (1,8574)
cures	(4,5140), (4,3269), (4,4437), (4,1546)
pantasilea	(4,3054), (1,13790)
partes	(0,4672), (0,3649), (2,7689), (0,11850), (0,2640), (4,7124), (0,2641), (0,10837), (0,2647), (0,2649), (3,514), (0,2655), (0,1126), (0,2662), (0,4710), (0,9320), (0,8297), (3,1037), (0,8298), (0,5230), (3,530), (3,1043), (0,5233), (0,4724), (0,5237), (0,8821), (0,1142), (2,4665), (0,7801), (0,11897), (1,13915), (0,5243), (2,1598), (0,4732), (1,7773), (5,6114), (0,4736), (5,3051), (5,2540), (4,5137), (1,9326), (2,3154), (0,5264), (1,7283), (0,1171), (1,4727), (5,509), (0,9371), (0,6309), (0,678), (0,5286), (0,9384), (4,558), (1,11403), (0,7339), (4,567), (1,7829), (1,7830), (0,4791), (4,573), (1,7324), (1,3230), (0,5309), (1,9376), (0,8385), (0,9409), (0,5315), (4,584), (5,2089), (0,5321), (1,8876), (0,2252), (0,4814), (0,6864), (0,4818), (0,5334), (4,603), (0,3803), (0,6364), (1,14525), (1,10430), (5,5188), (1,3777), (0,3808), (0,5344), (1,14020), (1,18629), (0,5862), (0,3815), (0,4839), (0,3818), (0,4332), (0,3821), (0,4845), (4,6775), (0,3830), (0,4855), (0,2810), (0,4858), (4,7295), (0,2813), (0,2816), (0,6400), (4,8839), (0,4870), (2,6864), (0,4879), (4,6804), (0,7440), (1,8948), (4,8346), (0,5402), (4,671), (0,7451), (0,2845), (0,2846), (0,5408), (0,5410), (4,6826), (0,2855), (5,5776), (3,722), (1,9489), (1,10514), (0,5430), (3,219), (0,4921), (3,733), (3,736), (0,2878), (0,4927), (0,1344), (1,295), (0,4934), (3,749), (1,17196), (1,8497), (0,3411), (0,341), (0,4950), (1,9528), (0,10591), (0,3425), (1,17730), (5,3275), (0,4968), (0,1386), (0,1901), (0,4973), (0,4977), (5,6871), (2,6458), (1,7519), (0,1919), (0,897), (0,2945), (0,13187), (1,15205), (0,4998), (2,4937), (0,7560), (5,755), (0,5007), (0,5012), (0,2453), (0,922), (0,4506), (5,5376), (0,927), (0,2464), (1,10115), (0,931), (0,4003), (0,2472), (0,1961), (0,3500), (0,5036), (1,6543), (5,5909), (0,5041), (1,12691), (0,2995), (0,4025), (0,5050), (3,866), (0,3017), (0,4043), (3,879), (0,5069), (0,7632), (3,372), (0,979), (0,5075), (0,7635), (0,10710), (0,5080), (1,18361), (3,382), (0,1501), (1,5055), (0,7652), (0,5605), (0,1515), (1,3021), (1,3022), (2,6064), (0,2031), (2,4024), (5,3931), (5,4444), (0,5114), (1,14299), (0,1020), (0,9216), (1,13793), (1,12259), (4,5511), (4,5512), (1,15846), (1,4583), (1,4586), (0,4620), (4,7578), (0,10262), (0,5145), (5,3967), (1,17916), (5,1413), (0,5156), (1,13829), (0,9254), (0,1078), (0,5174), (0,3639), (0,5176), (0,5179), (0,9277), (0,3646)
salteador	(1,1125), (1,8888)
condenara	(1,12118), (2,2091)
escurisima	(1,13145), (1,16589)
mostrase	(1,12562), (1,17491), (1,8276), (2,2230), (4,1018)
regantio	(4,5505)
precipitaron	(5,3297)
apreciaban	(5,2890)
leoncillo	(1,16445)
aconsejandole	(1,10693)
cegaba	(3,106), (5,927)
proyvireis	(0,1929)
gentedon	(0,3309)
cureu	(4,1097)
redomilla	(4,1958), (1,8454)
remision	(0,317)
germanescos	(1,5010)
guadalcanal	(1,5427), (1,7757)
efimero	(5,284)
enconados	(5,546)
perturbase	(0,2888)
efimera	(5,3941)
parten	(0,11569), (4,1576), (4,2124)
ireis	(0,4929), (1,1653), (1,2133), (0,4245), (0,4630), (0,1560), (4,7456)
enrojecio	(2,5695)
cientifica	(5,4999), (5,4942)
mostrame	(4,1203)
dulzes	(0,6686)
atrebuir	(0,2695)
llegaos	(4,1203), (1,1445), (4,3416), (4,5375)
perniciosas	(5,2223)
reservarian	(5,2135)
pendianle	(1,11256)
simple	(2,3137), (3,419), (4,8007), (5,6312), (1,10023), (5,2286), (1,10474), (5,6767), (1,12461), (5,1465), (5,2109), (1,16957), (5,7874), (1,16510), (1,11008), (5,4869), (5,3654), (5,6918), (5,2760), (3,2183), (5,909), (1,15818), (1,11213), (5,2582), (1,15516), (5,4834)
solita	(2,897), (2,5825), (2,2886), (2,5958), (2,2951), (2,3975), (2,3016), (2,906), (2,4235), (2,332), (2,972), (2,2956), (2,5836), (2,5964), (2,2897), (2,5845), (2,8021), (2,4310), (2,1305), (2,1371), (2,1501), (2,670), (2,5726), (2,1440), (2,4193), (2,1383), (2,3047), (1,6022), (2,4328), (2,5993), (2,1514), (2,2861), (2,4270), (2,2865), (2,2931), (2,3955), (2,5750), (2,1338), (2,635), (2,636), (2,3004), (2,5948), (2,1406), (2,3967), (2,640), (2,1024)
floridas	(5,2365)
averigua	(0,165)
pertinaces	(5,499)
traperos	(4,423)
restriccion	(5,635), (5,161)
averigue	(1,18094)
pagnique	(3,2036), (3,1984)
zambra	(1,7672)
conseguidos	(5,3698)
cientifico	(5,4825), (5,5163)
delicadeza	(1,14155), (2,4463)
averiguo	(1,18936)
adobado	(4,422)
patriotero	(2,7395)
ensortijados	(1,7402)
improrrogable	(5,7093)
matasen	(3,2029), (3,1985)
perteneciere	(0,1515), (0,1118), (0,1534)
sintiendola	(1,5494)
revelaba	(2,949), (2,3887)
estela	(5,1973), (0,100)
farellon	(0,10981), (0,11573), (0,10982), (0,11574), (0,11576)
deliberadamente	(5,6961)
tumulo	(5,4469)
corrompida	(5,4671), (2,4543)
botillerias	(2,5626)
severos	(5,490)
curan	(4,2134)
llegara	(1,12034), (1,14754), (2,5284), (1,11780), (5,2170), (1,3238), (2,1864), (5,4012), (1,13817), (3,1437), (2,304), (0,13262)
guillermo	(5,5751), (5,5755), (5,5743), (5,8272), (3,2287), (5,5778), (5,5826)
hundia	(2,948)
populusque	(4,6615)
156528	(0,12063), (0,9348), (0,12070), (0,9197)
156527	(0,9144), (0,12056)
curad	(1,14775)
156529	(0,9335), (0,12076)
partan	(0,3496), (4,3582)
dulcemente	(2,3715), (2,7445)
inexacta	(0,744), (5,3890)
calderilla	(2,2725)
desenvolviese	(1,11397)
levantandole	(1,1750)
criando	(1,3592)
requisitos	(2,3096), (1,10872), (1,18157), (1,8734)
arcudo	(4,7027)
prudencia	(0,4417), (2,6918), (2,2193), (1,6265), (1,13625), (4,8482), (1,9543), (1,2249), (1,10506), (0,3565), (5,4818), (4,7218), (2,6896), (2,561), (0,4339), (0,4595), (1,6230), (3,2713), (0,5304), (3,2845), (2,6716), (2,6972), (1,16796), (2,6975), (5,867)
trabajareis	(0,4705), (0,4658)
curar	(4,7653), (1,16293), (1,8598), (1,9514), (5,4817), (1,1871), (1,1887), (1,11439)
llegare	(0,2358), (1,6189), (1,6543)
achacarse	(2,6812)
hierofante	(2,1833)
curas	(2,4658), (2,2516), (2,2518), (4,8520), (2,2519), (2,1864), (2,6073), (4,7566), (2,4655)
particularidad	(2,6661)
bancos	(2,5362), (1,4211), (1,3348), (4,4999), (1,4324), (4,6407), (4,3177), (1,4264), (1,4188), (2,6302)
nuebos	(0,3070)
profit	(0,14006), (4,9185)
inexacto	(0,744)
delacion	(2,7072)
terneis	(0,1535), (0,5311), (0,4417), (0,1090), (0,1925), (0,2250), (0,2314), (0,1742), (0,5262), (0,2319), (0,4815), (0,2324), (0,4564), (0,2390), (0,5275), (4,3299), (0,5215), (0,1761), (0,1889), (0,4513), (0,1828), (0,4580), (0,1829), (0,4903), (0,5287), (0,2345), (0,2346), (0,2351), (0,4463), (0,1968), (0,2225), (0,2228), (0,4792), (0,5176), (4,8188), (0,2233), (0,1084)
156515	(0,12039), (0,9038)
156516	(0,12052), (0,9095)
atados	(1,3604), (0,4920), (3,237), (1,13355), (1,13341)
esteis	(1,13920), (4,4489), (4,1966), (4,2014), (4,4527)
tudescas	(4,3022)
hundir	(2,1737), (4,1457)
punzadas	(5,7450)
xodar	(4,3146)
levantandome	(4,1904)
obrare	(0,320)
mueranse	(4,3542)
dadouques	(2,1538)
lindeza	(4,8420), (4,2773), (4,486), (4,551)
obrara	(1,10524)
pasadas	(1,2240), (0,2592), (1,7745), (1,14338), (1,17602), (4,6022), (0,8786), (4,8586), (1,10489), (2,7675), (1,7114), (1,5789)
humedades	(1,2673)
faena	(2,3262)
clerigalla	(2,2720)
entregadas	(0,2673)
sujetara	(5,507)
caprichosas	(5,5071), (5,6449)
comprasela	(4,4081)
zingaras	(4,6880)
botado	(0,9919)
narciso	(4,1187), (5,2612)
circunstancia	(0,129), (2,2675), (3,2278), (3,2135), (5,2345), (2,1242), (2,6554), (2,4237)
guinea	(0,641), (0,5699), (1,16966), (0,3910), (0,5606), (0,5644), (0,816), (0,3920), (0,12947), (0,5589), (0,12886), (0,3895), (0,5687), (0,5592), (0,12762), (0,3932)
fumosa	(5,4303)
intimo	(1,14065), (2,3123), (5,2504), (5,6984), (5,2233), (0,5768), (5,990), (5,5902), (5,2095), (5,7106), (5,1715)
atentados	(2,6785), (5,7083), (5,2797), (2,6795), (5,687)
atreviose	(1,17908)
juniocarta	(0,12080), (0,11998)
animado	(5,4424), (4,224)
llegada	(5,6053), (0,11968), (0,12100), (3,2728), (0,13511), (1,7851), (1,15340), (1,7277), (4,2769), (1,9328), (1,7281), (1,2867), (0,3475), (1,7226), (0,10650), (0,13469), (1,9215), (0,12066), (1,14218), (5,3856), (3,1423), (0,1710), (0,9200), (5,990), (0,9534)
rechinchaoslas	(4,8021)
guineo	(4,8536)
potente	(2,7030), (2,1739), (2,3147), (5,4130)
intima	(5,6277), (5,7301), (5,3433), (5,1178), (5,5690), (5,5388), (5,5389), (5,7806), (5,6770)
conoscerle	(0,7987)
casandose	(3,2795)
folklorista	(5,7768)
pasados	(3,1256), (0,11270), (4,5963), (0,7752), (2,2059), (1,5037), (1,5937), (0,3986), (1,9203), (1,6388), (3,1089), (1,17280), (4,5735), (4,751), (1,4879), (4,8306), (0,7919), (4,7285), (1,16146), (0,4082), (0,7666), (1,2004), (3,408), (5,3866), (1,8214), (1,14166), (1,6359), (2,441), (1,153), (1,16282), (1,17690), (1,2142), (1,6366), (1,17695)
sacomano	(4,3496)
embarcarse	(5,3749), (5,5447), (5,938), (0,5574), (0,4137), (0,3629)
funebre	(5,4772), (5,6613), (2,1620), (5,2685), (5,8546)
echala	(4,6756)
legazpisacado	(0,5548)
divulgado	(3,1397)
violates	(3,3268), (1,19221), (4,9145), (2,8297), (5,9120), (0,13965)
anduvimos	(0,10047), (0,9665), (0,10050), (0,9668), (0,10053), (0,9671), (0,10056), (0,11209), (0,9674), (0,5708), (0,10060), (0,9678), (0,10063), (0,10319), (0,9681), (0,10066), (0,9684), (0,10069), (0,9687), (0,10072), (0,6234), (0,9690), (0,10075), (0,9699), (0,9702), (0,9705), (0,9708), (0,9711), (0,10607), (0,9714), (0,10612), (0,9717), (0,9720), (0,9723), (0,9596), (0,9853), (0,9599), (0,9727), (0,9856), (0,9601), (0,9730), (0,9604), (0,9733), (0,9736), (0,10248), (0,9739), (0,9868), (0,9741), (0,9615), (0,9871), (0,9744), (0,9618), (0,9874), (0,9747), (0,9876), (0,9621), (0,9749), (0,9624), (0,9752), (0,9626), (0,9755), (0,9629), (0,9886), (0,9889), (0,9890), (0,10147), (0,9893), (0,10277), (0,10534), (0,9639), (0,9897), (0,9642), (0,10282), (0,9899), (0,9645), (0,9901), (0,9648), (0,9651), (0,9654), (0,9657), (0,9659), (0,10044), (0,9662)
echamos	(0,9872), (0,10080), (0,11489), (2,1621)
sempere	(2,5248)
escupiome	(1,16436)
espetativa	(4,7933)
travesias	(2,3881)
dean	(1,12922), (3,657)
librandolo	(5,3722)
animaba	(5,6524), (5,1824)
propincua	(1,6896), (1,7312), (1,18166)
sacaremos	(2,6554), (2,4205), (1,1741)
plenipotenciario	(5,2404), (5,2376), (5,5672), (5,5882)
sufriria	(5,4484)
xxxicomo	(4,8741)
suicidio	(2,4562)
zopenco	(2,129)
insidias	(4,5044)
encantos	(1,7876)
3538	(5,8049)
propincuo	(1,18176)
floridos	(5,3931)
contagioso	(5,2419)
bastardilla	(5,6845)
certificarse	(1,9331), (0,8822), (1,13176), (1,13406)
pedrazana	(4,216)
embiaredes	(0,1791), (0,1890), (0,1779), (0,3091), (0,1780), (0,1717), (0,1254), (0,1900)
trabajasen	(4,6783)
disculpando	(1,7098)
valerme	(1,164)
llegado	(2,6273), (1,14244), (1,18859), (2,1165), (1,6700), (1,9388), (0,716), (1,6318), (1,12334), (3,497), (0,7761), (0,10323), (0,8404), (3,2681), (1,12600), (5,6208), (1,14015), (0,993), (5,4550), (5,5191), (3,1672), (2,6951), (1,1863), (0,4201), (2,6315), (0,8297), (3,2189), (0,5354), (0,7789), (3,1810), (1,17362), (0,7282), (1,10835), (1,13395), (2,3771), (0,8569), (1,2014), (2,6208), (1,9951), (1,4835), (3,2726), (1,16101), (5,2410), (1,4456), (1,13288), (1,17257), (1,4202), (5,5361), (0,5006), (0,10127), (1,17779), (5,7545), (1,13303), (4,158), (0,4250), (3,2238), (1,18174), (5,1795), (1,14207), (1,5250), (0,1062), (1,6279), (0,9255), (0,4649), (0,5930), (1,3212), (1,13324), (1,13836), (0,7982), (1,1937), (3,1369), (1,14615), (3,602), (5,2460), (1,3227), (0,5050), (5,6561)
complace	(2,3207)
presteza	(1,6470), (1,10952), (1,14120), (1,4300), (1,4014), (1,2384), (1,2449), (0,9264), (1,3220), (0,3283), (1,6580), (0,6419), (1,1886)
perdidas	(1,4484), (1,4660), (1,15428), (1,7271), (0,7560), (1,7114), (1,14010), (3,1247), (0,2957), (4,6018)
causadas	(0,500)
enganarse	(5,3349), (3,215), (5,5387)
biography	(5,2327)
zabana	(0,10877)
decimosexto	(4,8694), (4,2487)
suficiente	(5,1829), (3,262), (1,4997), (3,2154), (3,2539), (5,1583), (0,943), (5,3188), (5,1142), (1,15859), (3,2646), (1,12154), (5,7391), (0,5437), (5,5091)
verdugos	(1,17353), (2,172), (1,1599)
nombrerodrigo	(0,11685), (0,11640)
requebrar	(1,12628)
echais	(4,1715), (4,3718), (4,2639)
botaha	(0,3889), (0,13474), (0,12585), (0,3868), (0,3964)
trababa	(3,2665)
hedad	(0,3539)
valerosos	(3,1251), (1,6818), (1,2887), (2,1645), (1,4493), (2,4399)
calfuy	(3,1594)
zebu	(0,12081)
deci	(4,2371), (4,1125), (4,2757), (4,2821), (4,1031), (4,7335), (4,7818), (4,2605), (4,3216), (4,3767), (4,7319), (4,504), (4,2616), (4,8218), (4,2715), (4,2720), (4,4768), (4,4769), (4,3426)
soltando	(2,500), (1,3302), (1,4444)
autual	(0,9073)
antedichas	(3,1665)
encarga	(0,319), (0,4864), (0,5449), (2,4703)
espuerta	(1,16401), (1,16414)
justificado	(5,1668), (0,4983)
celemin	(1,11292)
apresuro	(2,4903)
encargo	(0,3587), (1,13287), (5,1580), (3,171), (0,1546), (0,8714), (1,15534), (0,1678), (3,438), (0,1747), (5,318), (1,2682), (5,2943), (0,3162), (5,5887), (0,667), (0,8159), (5,3461), (2,1316), (0,11876), (1,15045), (1,9542), (2,7339), (5,3727), (3,1999), (0,7917), (0,1006), (1,5456), (3,1557), (2,1404)
proveera	(0,1201), (4,3160), (0,952)
embarcaron	(1,3218), (3,1717), (1,7735), (1,3256), (0,6839), (0,5786), (1,7228), (0,10686)
escelsa	(1,11186)
debo	(1,4000), (2,2372), (2,1029), (2,7245), (3,207), (5,4017), (1,13969), (1,13938), (2,7476), (2,5398), (1,1335), (1,10232), (4,6364), (2,2651), (2,1277), (1,14428), (2,1055)
justificada	(4,104), (2,6827)
iluminadas	(4,8218)
instructiva	(5,6511), (5,3889)
brutalidad	(2,7460)
valdemoro	(2,6869), (2,6975)
rindamos	(3,2745)
debi	(2,1254), (1,4895)
extinguida	(3,2714)
debe	(4,2250), (0,13638), (3,746), (0,4426), (1,17708), (1,5166), (1,5936), (4,8405), (5,6072), (2,6936), (1,11576), (4,2780), (3,2556), (2,6939), (1,11581), (2,5155), (5,6087), (4,1769), (3,2824), (1,12358), (4,1770), (1,13639), (5,7375), (0,8302), (0,13168), (1,12627), (0,13682), (2,6965), (0,8307), (4,1022), (2,5438), (1,17757), (0,2429), (5,4066), (2,5441), (2,5701), (0,13187), (2,5446), (1,6757), (5,3562), (0,647), (2,331), (1,2672), (2,850), (2,1874), (2,2133), (2,2134), (3,2873), (0,13462), (5,4860), (5,6909), (1,4475), (5,768), (1,10620), (1,10878), (2,6496), (0,11934), (1,4480), (1,9089), (1,10625), (5,5640), (3,2122), (1,13193), (0,5294), (4,7986), (3,2903), (4,2617), (0,13494), (3,2138), (1,12952), (3,2652), (1,11163), (1,3996), (1,8092), (4,6464), (1,15518), (2,6528), (2,7296), (1,12451), (4,7751), (1,5030), (4,7753), (3,2153), (2,6794), (3,2413), (3,2925), (4,5714), (1,17330), (1,15539), (1,4532), (1,2998), (5,6459), (5,7228), (1,10682), (3,383), (2,6819), (3,2184), (4,5993), (1,968), (0,13031), (4,2157), (1,11978), (3,2447), (1,18125), (1,16080), (2,7095), (2,2493), (1,9181), (0,13308), (2,2496), (2,2244), (1,1260), (5,5491), (4,5011), (1,8177), (4,3223), (3,2999), (0,5396), (5,1659), (5,5501), (2,5339), (1,6138), (0,13337), (2,1501), (3,192), (1,9471), (2,4577), (0,13600), (0,3105), (1,3586), (4,5031), (1,3849), (1,10249), (1,16138), (2,750), (2,751), (4,7859), (5,5782), (1,11542), (2,7162), (1,8219), (1,4892), (5,5536), (1,1565), (1,14878), (2,5888)
deba	(0,4326), (3,1866), (1,1051)
furibundos	(2,6530), (2,425)
gavias	(0,6307), (0,6311)
licencia	(1,1697), (2,2435), (0,3267), (2,2438), (1,5287), (1,2856), (4,6220), (4,1230), (5,7088), (5,7092), (0,2513), (0,6355), (0,1236), (1,12344), (0,1240), (4,2781), (1,15674), (1,13884), (0,5086), (0,5345), (0,1250), (4,2792), (1,13637), (1,4552), (1,14409), (2,6701), (1,6349), (1,4559), (1,13647), (0,5232), (0,5106), (1,6356), (1,3929), (1,5593), (1,6361), (4,5629), (1,991), (1,4575), (1,5599), (0,7294), (0,5119), (4,388), (1,6241), (0,7300), (1,2790), (0,9097), (0,1930), (0,1419), (0,1293), (0,1936), (0,6800), (1,7666), (1,14578), (0,2452), (0,12054), (1,14584), (1,14969), (0,5277), (1,13438), (4,3106), (3,966), (0,9123), (0,8740), (1,11142), (1,7178), (1,15627), (1,6284), (1,3469), (1,7183), (1,10899), (1,15640), (0,1464), (3,95), (1,7709)
aquilon	(4,8436)
experimentadora	(5,5004)
prontamente	(5,2568), (5,2220), (5,5933), (3,1372), (5,5711)
correspondiese	(2,2917), (1,7417)
frescos	(0,3926), (4,1469)
mentir	(1,2001), (4,5285), (1,8338), (1,17156), (1,1351), (4,1915), (1,1993), (1,1999)
morteruelo	(4,1125)
frescor	(1,2307)
servicial	(4,5911), (4,1691)
saludadera	(4,5781)
susidio	(4,6561)
extinguido	(5,3730)
pajas	(1,5585)
pestifera	(1,10653)
sentiria	(5,4552)
acometidas	(5,1034), (5,3164), (5,1967)
pajar	(1,9952), (1,9860), (1,9768), (1,10440), (1,9513), (1,7934), (1,10766)
cecinas	(0,4289)
muebles	(2,6148), (0,1366)
tantico	(1,18720), (1,16009), (4,5010)
dedo	(4,7941), (0,6436), (1,12261), (1,711), (1,3975), (4,5099), (1,17226), (2,3596), (5,7664), (1,5552), (1,1043), (1,2163), (1,1300), (4,8439), (2,2807), (2,2777), (2,6745), (2,7036), (3,2175)
certificaron	(0,2870)
mensajera	(1,10287)
alistado	(2,5013), (2,5151)
angosto	(3,722), (0,10399), (0,10290), (0,6915), (0,4037), (0,10837), (0,7206), (0,10202)
medicaba	(4,7631)
apresure	(1,1504), (2,2087)
gramatical	(5,4109)
defiendan	(1,18768), (3,2662), (3,2832)
generacion	(2,2018), (1,17889), (1,17954), (2,5428), (2,5159), (1,7945), (1,14251), (5,627)
angosta	(1,17734)
casandola	(1,2668)
granjeado	(1,130), (1,16375), (1,9419)
secta	(1,3569), (2,1834), (0,4808), (5,5022)
calamidades	(5,7076), (1,15112), (3,719), (5,7138)
ratificaron	(3,2156)
rudeza	(3,2138)
encantes	(4,6850)
hierven	(4,6944), (2,1567)
reisos	(4,6089)
recebimiento	(1,15247)
perturbado	(2,3954)
infundirle	(5,7460), (5,1191)
observador	(2,3157), (5,1488)
asintio	(3,2621)
fabricarme	(1,2335)
jacobo	(2,1798), (3,2287)
furibundas	(2,6300)
concurso	(1,7793), (1,4802), (5,4568), (1,5061), (1,7383), (5,2608), (5,5042), (4,562)
deplorar	(5,901), (5,5477), (5,4470), (5,2673)
echado	(2,3170), (1,3268), (1,3684), (4,7051), (0,11272), (0,11688), (1,7562), (1,3435), (2,1936), (1,12496), (1,14641), (4,1653), (2,4404), (0,6163), (2,6102), (1,17909), (2,4439), (1,12151), (1,15449), (1,4794), (1,6938), (1,6523), (1,6876), (0,13564)
anegarse	(1,3314), (1,6908)
evocasen	(5,4646)
tenazas	(1,9777), (1,1572), (1,9765), (1,17880)
impertinencia	(1,6765), (2,3967)
tramado	(4,7895)
lienzos	(2,4977), (3,1512), (0,7626), (3,2113), (2,4160)
echada	(4,1827), (1,9478), (4,3402), (0,3415)
reapertura	(5,4184)
espresa	(0,5119)
mentia	(1,8448), (4,3463), (2,5797)
excepcionalmente	(5,2007), (5,1455)
santiago	(1,15648), (0,12996), (5,5997), (0,394), (0,1995), (5,6705), (0,9548), (0,7757), (3,2036), (0,7761), (1,14134), (5,6333), (0,1563), (5,6016), (3,1984), (3,3009), (4,6051), (5,6405), (0,290), (4,8618), (1,2637), (1,14158), (0,11121), (5,6039), (0,12978), (3,1694), (0,2171), (0,12475), (4,6400), (5,6177), (0,381), (0,12286)
educados	(5,1943), (5,4284), (5,6591)
educador	(5,6037), (5,4647), (5,3916), (5,3581), (5,3997), (5,5102), (5,4623), (5,5299)
probasedes	(4,1281)
encrucijadas	(1,17619)
siniestros	(2,6016)
christos	(1,8562)
alpujarras	(1,801)
cautivos	(1,7553), (1,3298), (1,6626), (0,164), (1,3849), (1,3435), (0,3434), (1,3246), (1,7246), (1,2927), (0,3439), (0,10326), (1,3896), (4,4476), (1,4249), (1,7449), (1,3834), (2,2527), (1,7390), (1,8318)
complementarias	(5,7790)
deis	(4,8211), (1,13168), (4,5749), (0,5313), (1,9730), (4,6870), (1,13637), (1,18869), (4,1230), (1,15627), (1,13884)
governador	(0,8767), (0,2497), (0,1987), (0,1220), (0,1478), (0,1992), (0,10824), (0,1226), (0,1229), (0,2509), (0,8782), (0,1488), (0,1105), (0,8916), (0,1493), (0,8533), (0,9045), (0,3030), (0,2775), (0,8923), (0,8927), (0,8800), (0,8804), (0,8933), (0,9061), (0,6888), (0,2798), (0,1519), (0,8815), (0,9071), (0,2165), (0,8828), (0,1154), (0,8834), (0,8838), (0,2058), (0,1678), (0,9102), (0,1551), (0,1553), (0,1050), (0,2076), (0,1056), (0,8740), (0,2728), (0,8745), (0,9135), (0,8756), (0,8761), (0,8889), (0,8892), (0,8894)
hermosita	(1,798)
inscripciones	(2,4978), (2,6069), (2,6149), (2,1625)
perturbaba	(2,6165)
resposada	(4,430)
fabricaron	(3,1716), (5,3153)
perdereis	(4,6873), (4,491), (4,5035)
trabado	(1,13738), (3,1869)
pajes	(1,14561), (1,15077), (1,14887), (2,5514), (4,2477), (1,11756), (1,15341), (1,15343), (1,15123), (1,15380), (4,5689), (1,14553), (1,16703)
tramada	(0,13624)
deje	(1,15649), (2,5699), (2,5827), (2,3396), (1,2980), (2,5829), (1,12710), (1,13030), (1,4711), (1,6183), (1,4719), (1,5231), (1,562), (1,11699), (2,2524), (1,3902), (3,1345), (1,11456), (1,15617), (2,6948), (1,18822), (1,13959), (2,2220), (1,4685), (1,12110), (1,17616), (1,11154), (1,3155), (1,18708), (1,16661), (1,5849), (1,17625), (1,13148), (1,3422), (1,14622)
enojeis	(4,2997), (1,1387)
esotras	(4,3713)
deja	(1,9634), (1,11556), (5,6825), (1,2984), (4,140), (0,140), (1,12338), (1,18674), (2,7509), (1,11829), (1,11830), (1,11894), (2,1433), (1,17659), (3,574), (0,12891), (1,13630), (1,11199), (2,2212), (1,199), (1,15624), (1,9993), (0,681), (1,6091), (5,6415), (1,12619), (2,303), (3,210), (1,5266), (1,16083), (0,11571), (1,1687), (2,6587), (3,989), (1,4253), (5,738)
viewed	(3,3124), (1,19077), (2,8153), (4,9006), (5,8976), (0,13822)
antedichos	(3,2212), (3,2385)
zigala	(0,8031), (0,8000), (0,8129), (0,8023), (0,7992), (0,8378), (0,7980), (0,8013), (0,12541)
diferente18	(5,1353)
amaleis	(4,3517)
rafael	(1,14113), (1,13986), (1,14249), (1,13354), (1,13739), (1,13995), (1,13744), (1,13877), (1,14261), (1,14135), (1,14009), (1,14137), (1,14140), (1,13759), (1,14015), (1,13377), (1,14025), (1,13899), (1,14028), (1,13263), (1,14031), (1,13654), (1,13783), (1,13274), (1,13658), (1,13276), (1,13407), (1,13281), (1,13410), (1,14183), (1,13800), (1,13418), (1,13291), (1,14189), (1,13296), (1,13808), (1,14064), (1,13682), (1,14066), (1,13299), (2,856), (1,13307), (1,14203), (1,13436), (1,13821), (1,13310), (1,13312), (1,14209), (1,13315), (1,13829), (2,747), (1,13835), (1,13708), (1,13327), (1,13711), (1,14096), (1,13713), (1,14100), (1,14229), (1,13721), (1,14105), (1,13723), (1,13979), (1,13852), (1,13982), (1,14238), (1,13855)
bastardo	(1,17113), (0,10443)
enviasen	(4,6605), (1,3755)
inculcar	(5,5050), (2,1853)
echaba	(1,7904), (1,15505), (2,437), (0,6164), (5,2923), (1,10762), (1,8059), (2,1885), (0,6573)
fuertemente	(5,3781), (5,7334), (1,2371), (2,4326), (5,1230), (5,1328), (1,12716), (5,146), (5,882), (2,3375), (1,11406), (1,3350), (1,5719), (5,2048)
contribuyen	(2,4023)
pacificador	(5,231), (5,303)
pagueis	(0,1289)
bastarda	(1,1985)
concurre	(3,2278)
tobillos	(1,5135)
poeticamente	(2,4573)
vengativos	(2,7341)
rejas	(3,149), (2,101), (3,952), (2,6061), (1,11181)
malevolencia	(0,776)
trabada	(1,18896), (1,13759)
fantastico	(1,3972), (1,1000), (5,6611)
decadencia	(5,2707), (5,6819)
trabajo	(5,3749), (2,2563), (0,8897), (5,4776), (1,6696), (1,10792), (2,4107), (0,11593), (5,3249), (5,7217), (4,3153), (5,7474), (0,974), (1,10799), (1,18095), (1,6073), (0,9432), (1,16569), (5,7232), (2,2719), (1,18110), (0,8798), (5,5704), (5,6728), (4,2536), (5,5321), (0,4582), (1,4807), (4,2027), (2,4137), (5,6733), (2,300), (0,4586), (2,303), (2,6319), (5,4309), (1,5971), (5,90), (2,4023), (1,8406), (4,7549), (1,8411), (5,3553), (2,6206), (1,15456), (5,5733), (5,233), (1,3301), (0,263), (0,8331), (5,625), (5,1137), (1,14320), (5,757), (5,503), (5,6263), (1,8309), (1,3192), (2,7642), (2,5085), (5,5120), (5,6145), (2,1887), (5,6531), (1,18179), (4,6312), (5,7561), (5,139), (5,2572), (5,141), (2,2282), (5,2317), (1,17930), (5,1809), (5,3987), (5,4756), (5,4758), (5,664), (5,7833), (5,6682), (5,1948), (5,5277), (1,5530), (0,954), (3,222)
several	(4,9252), (1,19314), (2,8390), (0,14070), (5,9213), (3,3361)
acutisimos	(4,8486)
office	(3,3314), (0,14017), (1,19267), (2,8343), (4,9194), (4,9196), (5,9166), (0,14014)
fantastica	(5,7606), (2,6022), (5,7754), (5,2652)
revelase	(2,663), (2,4202), (5,6850)
dela	(0,4886), (0,4873)
zeja	(0,11487)
rosario	(5,7718), (1,5046), (1,18344)
tabique	(5,7507)
agallas	(4,6057), (1,16694), (4,6059)
peores	(2,2690), (1,15347), (1,14758), (1,1879), (2,4414), (2,2367)
sectario	(5,1975), (5,472)
aguardamosla	(0,9757)
dejo	(1,8480), (1,10531), (1,13091), (1,17443), (1,14632), (1,10538), (1,5932), (0,594), (1,7220), (0,7000), (3,1532), (2,4891), (5,1473), (1,2109), (1,10817), (1,3653), (0,7271), (2,7466), (0,12905), (2,300), (2,4149), (1,6486), (1,3927), (1,9821), (1,4190), (1,14687), (5,6885), (1,5477), (1,13158), (1,6247), (1,4203), (1,12908), (1,11629), (0,6541), (2,5975), (1,18039), (1,3704), (1,8827), (1,16002), (1,1155), (5,1038), (1,9867), (1,13707), (1,14477), (2,2934), (1,18839), (1,2456), (2,1402), (1,3225), (1,13978), (1,5537), (1,14756), (1,5798), (1,12968), (1,16552), (1,14763), (1,3757), (1,11437), (1,14001), (1,10419), (5,1855), (1,9407), (1,10688), (1,12740), (1,6600), (1,4298), (1,9930), (1,10954), (5,7504), (1,2509), (5,2643), (1,13007), (1,12502), (1,13020), (1,10717), (5,4453), (0,6148), (1,9957), (1,18149), (2,970), (1,2537), (1,13549), (1,12526), (1,2800), (2,7122), (1,10993), (1,13813), (1,10487), (1,18170), (2,1244), (1,13051), (5,899), (1,11007), (1,1792), (3,709), (1,5637), (5,4235), (0,7207), (1,11786), (1,3345), (1,17684), (1,14105)
torcerse	(1,12355), (5,6768)
loyola	(3,2692), (3,939)
bodas	(1,14720), (5,7062), (1,2868), (1,2853), (1,15255), (1,14248), (1,14712), (4,6300), (4,7133), (1,7596), (1,10796), (1,14236)
entregados	(5,4712)
admiracion39	(5,3120)
revelare	(2,1012)
vuestras	(4,6469), (4,4678), (0,2115), (1,12454), (4,4686), (1,13483), (4,5455), (4,2768), (1,12720), (4,5588), (4,7256), (4,3420), (1,14778), (1,14779), (4,3295), (4,4705), (4,6886), (1,6723), (1,11846), (1,13642), (0,5357), (1,1871), (1,6735), (4,5236), (4,6132), (4,1141), (5,3543), (2,182), (0,1782), (1,5463), (4,1152), (4,1026), (0,5888), (1,1378), (0,4993), (1,15205), (4,4746), (4,5773), (1,3563), (1,1389), (1,1390), (4,7313), (4,6292), (1,14198), (4,7323), (1,11384), (4,3487), (4,3875), (0,2081), (1,6404), (0,2476), (1,13457), (0,2482), (1,13076), (4,1724), (4,7614), (4,5184), (4,7616), (1,15518), (4,7618)
insinuadas	(3,2792)
trabaja	(2,6497), (2,4227), (2,5271), (0,1831), (2,1146), (5,4799), (2,4654)
trabaje	(1,17955)
pedrea	(2,6116)
oanborno	(0,2538), (0,12765)
mental	(2,7821), (5,3987)
anormal	(0,684)
esmeril	(3,2152)
poltrona	(1,11713), (2,6870)
pronunciad	(2,5154)
bastaria	(2,2450), (1,12298)
llegaba	(1,17089), (1,17090), (1,4419), (1,10276), (2,4358), (2,1703), (2,4072), (1,18345), (1,12749), (1,3439), (3,1234), (2,4307), (0,6482), (1,7315), (1,7895), (1,10843), (5,2656), (0,4030)
zelo	(0,5392), (0,5842), (0,8292), (0,1749), (0,5304), (0,3356), (0,4061)
estamena	(4,4939)
mesana	(0,10394), (0,7869)
abundantemente	(4,2068), (5,5128), (0,7011), (1,8646), (5,1979), (5,7723), (5,5523), (5,7923)
pronunciar	(2,3970), (2,5893), (5,5073), (5,4562), (5,1587), (5,5752), (5,3641), (1,18229), (5,4154), (5,956), (5,3807), (2,5596), (2,1342), (2,5567)
delo	(0,5168)
hipar	(4,4820)
barniz	(4,300)
escalado	(5,1298)
rasgos	(2,4817), (5,2053), (5,7382), (5,5369), (5,7561), (5,143), (5,528), (5,5282)
atribuyendo	(1,6818)
deme	(1,11284)
buscadlo	(2,2041)
embarcasen	(1,3254)
desprenderse	(3,1298), (5,2388), (5,3446)
enganaras	(2,3667)
clavaban	(2,5591), (2,2896)
alvergue	(0,5209)
enganaran	(4,4153)
prohivireis	(0,5236), (0,5230)
pobres	(5,1062), (1,10786), (1,14630), (4,5583), (4,2896), (4,2898), (1,1203), (4,5980), (1,698), (1,17596), (1,14656), (4,5480), (1,11589), (2,2217), (1,14538), (1,8140), (1,18381), (3,786), (1,6610), (4,7037), (2,4670), (1,6109), (4,6018), (4,8453), (4,8582), (1,1124), (3,1574), (1,1127), (4,6026), (4,6923), (1,9448), (4,6925), (3,1325), (1,2674), (4,6934), (4,4760), (0,8724), (4,1696), (2,1893), (4,2088), (4,2988), (1,18057), (2,363), (3,1612), (1,9482), (1,656), (0,1330), (1,8723), (1,16662), (2,120), (2,4992)
61202	(1,16)
horrible	(5,6725), (2,4297), (5,2222), (2,7853), (5,7409), (2,6034), (2,4023), (2,5049), (5,1982), (2,4923), (2,7133), (2,6046), (2,6142)
tubimos	(0,11194)
escepticismo	(3,195), (5,4290)
favoritos	(5,3246)
noblemente	(5,6050)
constituyeron	(5,1108)
ponzona	(0,4934)
calhoun	(5,392), (5,204), (5,1421), (5,207), (5,239), (5,8079), (5,692), (5,3478), (5,183), (5,311), (5,631), (5,440), (5,221)
respiraba	(2,1705), (1,17723), (2,4126)
visorey	(0,2143), (0,1488), (4,5045), (1,3415), (0,2058), (0,2126)
cobardes	(1,18258)
baratas	(0,7608)
miserable	(2,1793), (1,3041), (2,6793), (1,5450), (5,6065), (1,2894), (2,7983), (2,4048), (2,7856), (1,3281), (5,5813), (1,3378), (5,3830), (2,7507), (2,948), (2,6102), (1,3737), (1,9435), (5,3649), (1,4638)
rayzes	(0,9808), (0,7975)
pagueos	(4,2243)
reformada	(5,5770)
baratar	(4,6566)
fregatrices	(1,11768)
enviaria	(3,580), (1,14979), (1,12516), (1,6277)
extender	(5,3700), (2,5041), (2,1605), (2,855), (5,5659), (5,2462), (4,8241), (2,3568)
servicios	(3,98), (4,7107), (0,577), (1,6946), (5,3307), (1,1833), (2,5387), (4,7569), (1,3055), (5,6004), (5,3702), (5,375), (2,2901), (5,3192), (5,1402), (5,3324), (1,18430), (5,3139), (5,3587), (2,805), (2,811), (0,13481), (0,1131), (5,6032), (0,1265), (0,5873), (5,5912), (1,6359), (5,994), (1,6366), (5,1379)
questaban	(0,6166)
alimentar	(5,3353)
joven	(2,2561), (2,4102), (2,1416), (2,5004), (2,911), (5,946), (4,7121), (2,2707), (2,3347), (5,5174), (2,1428), (2,2580), (2,1813), (5,7480), (2,6551), (2,280), (1,439), (5,828), (2,3354), (5,3775), (5,832), (2,925), (2,3869), (2,1054), (2,6686), (2,2849), (2,4902), (2,5542), (2,4391), (5,7500), (2,3501), (2,3121), (2,5170), (2,1459), (5,6617), (2,2999), (2,5561), (2,1594), (4,8829), (2,318), (2,4414), (2,5182), (5,5602), (2,704), (2,2624), (2,7360), (2,5698), (2,6979), (2,7619), (2,328), (2,3913), (2,2634), (4,8208), (5,882), (2,2898), (2,3410), (5,5751), (2,5590), (2,3799), (4,7065), (2,2777), (2,7385), (2,7641), (5,7550), (2,2658), (2,5730), (2,4708), (5,5767), (5,7431), (2,997), (2,1509), (2,487), (2,5736), (2,1388), (2,1774), (2,1519), (2,3440), (2,2929), (2,3059), (5,4758), (2,7283), (2,757), (2,2549), (2,3063), (2,4218), (2,1406), (5,1315)
escondiendose	(2,5800)
perdidos	(0,927), (3,2084), (0,8353), (0,3874), (2,6340), (1,9381), (2,1575), (2,1959), (2,6344), (5,3468), (3,2254), (1,13261), (3,1104), (3,1937), (1,2064), (1,18226), (3,1909), (2,2326), (3,728), (1,16662), (2,2396), (5,2655), (5,6335), (2,6366)
polvora	(5,2763), (4,7660), (2,4620), (4,7664), (1,17230), (4,7669), (0,2323), (2,1914), (1,13689), (2,1916), (3,862), (2,4509), (2,4511), (0,3742)
compendi	(3,1512)
templados	(2,3874), (2,2215), (2,6830)
bianno	(0,10025)
nueces	(4,438), (1,16807)
animare	(1,18290)
dificiles	(5,7732), (1,7914), (5,6144), (5,1411)
faciliten	(3,1688)
current	(3,3348), (4,9237), (1,19301), (2,8377), (0,14057), (5,9200)
purpureas	(1,3020)
simpatica	(2,6695), (2,2026), (2,5771)
cobardia	(1,6169)
recado	(2,337), (1,12976), (1,18550), (0,2471), (1,18538), (1,14875), (1,12589), (1,3758), (1,14382)
hallome	(0,11348)
hablelos	(1,7546)
carinancu	(3,2064)
necesaria	(0,3239), (3,2922), (1,10536), (5,910), (0,1065), (1,8202), (5,7889), (0,1709), (0,688), (3,1939), (0,4145), (3,1685), (5,2680), (1,8500), (0,2135), (0,8407), (1,1820), (5,2018)
aquiles	(1,3118)
presteis	(4,8005)
simpatico	(2,6979), (2,2948), (2,3208), (2,1754)
gozara	(4,4983), (4,314), (2,3069)
parezcamos	(1,16610), (4,6305)
animandolos	(3,868)
castigo	(2,7297), (1,1699), (4,3275), (5,2796), (4,8461), (0,6667), (1,2991), (0,6673), (1,2549), (1,7095), (1,2424), (1,13241), (5,894), (0,8857), (5,1535), (2,2269), (4,8608), (1,1599), (1,18111), (1,18239), (1,13248), (1,2498), (2,6822), (0,13093), (4,3626), (5,6923), (0,8870), (1,13255), (1,8265), (2,7212), (2,7533), (4,8431), (1,6285), (0,8876), (2,6255), (2,2480), (1,16015), (1,10642), (4,8886), (1,16083), (1,16598), (1,1816), (0,6647), (1,12120), (2,2300), (0,2748)
hallolo	(0,10733)
defensores	(5,1961), (5,2377), (5,7529), (1,2887), (5,671), (5,593), (5,5138)
felices	(1,1028), (2,4167), (1,4518), (0,9189), (1,14250), (3,2799), (5,4978), (5,789), (1,4531), (1,9363), (3,87), (0,5846), (1,2233), (2,3066), (1,15580)
dubitaban	(4,6784)
degollaban	(2,170)
necesario	(0,1730), (0,5572), (0,1223), (2,5641), (0,9031), (0,8905), (1,10154), (0,3530), (5,2355), (0,4686), (0,4047), (0,1879), (0,4439), (1,9784), (0,3800), (2,1309), (5,450), (2,4127), (0,5341), (1,9023), (1,14143), (2,1441), (0,5093), (0,3944), (4,4081), (0,4205), (1,16335), (0,4335), (4,376), (3,1559), (3,2460), (5,2911), (0,4475), (1,18653), (2,5184), (3,677), (0,9474), (2,5318), (0,133), (0,5387), (0,8971), (5,3313), (0,141), (0,5390), (1,9840), (0,1810), (0,4755), (1,14967), (0,1943), (0,5399), (0,795), (3,449), (0,1950), (4,6051), (0,5663), (5,5638), (4,6311), (0,3753), (0,9385), (0,4010), (0,1835), (5,145), (5,5394), (0,9389), (0,3246), (0,4014), (1,7696), (2,2290), (0,2097), (0,3761), (0,1842), (0,5298), (4,3511), (0,2484), (5,674), (1,4638)
ingalaterra	(1,6593), (1,7201), (1,6482), (1,7378), (1,6532), (1,6597), (1,7189), (1,18150), (1,6568), (1,7288), (1,7209), (1,7276)
maestras	(5,4852), (5,4397), (5,2225)
matatias	(2,5506)
palafreneros	(4,8074), (4,8866)
fallesciendo	(0,5501)
hallola	(1,7122), (1,2373), (1,2585)
arredrar	(1,14416)
castiga	(1,5547)
hallole	(1,17909), (1,12070), (1,2589), (1,2686)
reverentemente	(5,695)
story	(5,3303)
valderas	(4,6961)
felicia	(1,16494)
insurrecciones	(5,3686), (5,8348)
inflamaba	(2,5799)
aprenderlo	(1,18676)
bullanga	(2,355)
atacar	(5,172), (5,2050)
atacas	(2,2499)
guisando	(1,3219)
parecermeia	(1,4912)
enviarle	(1,7341)
metodicas	(2,620)
declamacion	(5,4859), (2,4926)
enviarla	(1,3888), (1,3586), (1,3542), (0,5017), (1,7035)
curihuentu	(3,2390)
trastes	(1,5756)
carecer	(4,4744), (2,1293), (3,560)
carecen	(3,1157), (2,6708), (1,6851), (0,3779), (3,377)
desa	(4,1572), (4,4676), (4,2245), (4,1798), (4,7756), (1,4652), (1,12684), (1,7629), (4,2325), (4,5109), (4,5749), (4,2329), (1,18262), (4,3674), (1,16792), (4,6428), (1,15545), (1,16281), (4,3421), (1,16058), (1,4892), (4,6911)
reino	(1,10241), (1,15233), (3,646), (3,647), (1,2181), (2,7015), (1,8391), (2,1737), (3,2986), (1,14123), (1,18188), (3,175), (1,2192), (1,3536), (2,5265), (2,6706), (3,2356), (3,2452), (3,1207), (2,122), (1,2170), (1,7836), (4,6144), (3,2368)
zera	(0,8094)
simpatias	(2,7361), (5,4490), (2,632), (2,1804)
descarada	(5,3763)
dixeronles	(0,9791)
facilitar	(1,13170), (5,665), (5,5625), (5,3850), (3,2505), (1,5608), (5,2509), (3,2491), (1,42), (3,2861), (5,3183), (0,204)
beatrice	(4,7159)
antipatico	(5,5048), (2,3158), (2,631)
facilitan	(1,17879)
nautica	(5,4824), (0,13108), (0,869), (0,13687), (0,13082), (0,574)
enviarme	(4,939), (4,3906)
puertonuestra	(0,5861)
deso	(4,5029), (4,6597), (1,16290), (4,3720), (4,3881), (4,4233), (0,2502), (4,5258), (1,4936), (1,16873), (4,6734), (0,2958), (4,2008), (0,2489), (1,18236), (4,5921), (4,4034)
naval	(1,150)
ventajas	(5,2580), (3,2804), (5,2087), (0,11986), (0,3603), (5,249), (3,2857), (5,3102), (1,9068), (5,2529), (3,2865), (0,4414)
extendio	(2,3714), (5,2158), (2,7963)
animaos	(1,2013)
antipatica	(2,1413), (2,6016)
catedraticos	(5,5041)
reina	(1,6949), (1,7205), (5,6571), (1,6952), (1,6954), (1,7212), (1,7214), (1,6447), (1,7471), (1,6960), (1,7217), (5,6582), (1,7218), (1,6708), (1,7221), (4,8154), (1,7224), (1,6973), (1,6977), (1,6469), (1,6728), (5,6608), (1,6998), (1,6239), (1,7778), (1,6244), (1,7016), (1,7017), (1,6250), (1,7019), (1,6252), (1,7276), (1,7022), (1,7279), (0,402), (1,7027), (1,7033), (0,12441), (1,11133), (1,7040), (1,6785), (1,6531), (1,6277), (1,6794), (1,395), (1,6284), (1,6797), (1,7056), (4,6197), (1,7058), (1,7061), (1,6806), (1,7065), (1,410), (1,6812), (1,6302), (1,6816), (1,7072), (1,6305), (1,6821), (1,6315), (1,6831), (1,7087), (5,7731), (1,6321), (5,7733), (1,7092), (1,6326), (1,6841), (1,7098), (1,6333), (1,7102), (1,6847), (4,3172), (1,6353), (1,7378), (1,6869), (1,6364), (1,6877), (1,6882), (1,6371), (1,6884), (1,8420), (1,6887), (1,6378), (1,6890), (1,6124), (4,6800), (4,1682), (1,6385), (0,13077), (1,6394), (1,6910), (1,6399), (1,6913), (1,6664), (1,7177), (1,6410), (1,6667), (1,6923), (1,6669), (1,6926), (1,7182), (1,6415), (1,7183), (4,6324), (1,7185), (1,6932), (1,6424), (1,7192), (1,6937), (1,6683), (1,6939), (5,6561), (1,7197), (1,6431), (1,6943)
dese	(1,12003), (4,4872), (1,15655), (1,3112), (1,3723), (4,1137), (4,947), (1,3096), (1,5274), (1,3868), (1,15228), (1,15165), (1,14590)
bienhechora	(1,9110)
secas	(1,10818), (1,17731), (2,2922), (1,2766), (4,7025)
deva	(0,2866), (0,2887)
brazil	(5,5482)
cogera	(5,7032)
circundaba	(5,5526)
dividiese	(0,256), (0,931), (1,15975)
devo	(0,2864), (0,2675), (0,4084), (0,5828), (0,2693), (0,2939), (0,3021)
proprietary	(2,8193), (4,9043), (5,9016), (0,13862), (3,3164), (1,19117)
hallabamos	(0,11345), (0,6243), (0,7225)
gozate	(4,6689)
asegurandote	(1,2959)
restante	(2,5621), (2,6141), (2,5646), (0,13372)
volterianismo	(2,3188)
deve	(0,4096), (0,2946), (0,2886), (0,2920), (0,1673), (0,2859), (0,2891), (0,1836), (0,3180), (0,2865), (0,2642), (0,2837), (0,2646), (0,5782), (0,3865)
infantado	(2,1163), (2,1181)
buscados	(3,2214), (5,6685)
galiano	(2,5416), (2,6665), (2,6670)
porcuna	(4,4761), (4,5597)
brutal	(2,1411), (2,4038), (1,18522)
bailarines	(1,11637)
enviaros	(4,4089)
marcasen	(0,9696)
solemnizaron	(1,7154)
hovieron	(0,7539)
trabajaron	(0,6171)
patibulos	(5,7050)
presenciara	(2,5646)
venciese	(1,10489)
maestres	(0,2176), (0,4544), (4,6213), (0,354), (0,2183), (0,4360), (0,4458), (0,9610), (0,1614), (0,4590), (0,4273), (0,307), (3,2742), (0,4342), (0,1687), (0,2202), (0,6043), (0,1630)
agarraba	(2,7084)
deus	(4,8387), (4,3879), (1,8103)
flojos	(1,16390), (1,3854)
quedamos	(0,9392), (1,15076), (4,2954), (0,9318), (1,17447), (0,9257), (1,17535), (1,17679)
deum	(4,6424), (1,16507)
enviaron	(1,13097), (1,10874), (4,3823)
locuras	(1,7893), (4,7165), (4,2318), (5,2739)
dexe	(0,1792), (4,8295), (4,7496), (4,5579), (4,1900), (4,5356), (4,2350), (4,1584), (0,1901), (4,531), (4,1780), (4,6328), (4,4218), (4,508), (0,5368), (0,4473), (0,2493)
156420	(0,12032), (0,5854)
africanizacion	(5,2417)
156425	(0,12035), (0,5894), (0,4106), (0,11994)
dexa	(4,3651), (0,2879), (4,5188), (4,2053), (4,5126), (4,7378), (4,917), (4,7957), (4,2134), (4,535), (4,3735), (4,1944), (4,3291), (4,7519), (4,3622), (4,7078), (4,6311), (4,4203), (4,2287), (0,1775), (4,5747), (4,8247), (4,3064), (0,2869), (4,6969), (4,2875), (4,5499), (4,898), (4,7874)
tiraderas	(0,6393), (0,8601), (0,6634)
acuchillaba	(1,14389)
opuestamente	(5,2344)
proveymiento	(0,1288), (0,3838)
reuniones	(5,2084), (2,6737), (2,1543)
alababan	(1,730)
vehementisimas	(3,2270)
dexo	(4,1768), (4,876), (4,3404), (4,4140), (0,10792), (4,782), (4,4847), (0,5579), (4,8431), (4,1585), (4,8885), (4,2358), (4,4630), (4,7126), (4,3960), (4,7545), (0,9783), (4,446), (0,10554)
massachusetts	(5,484), (5,933), (5,887), (5,2823), (5,1017), (5,7227), (5,480), (5,576), (5,497), (5,194)
estobimos	(0,6720)
fulgura	(5,6325)
rosseew	(5,6526), (5,8643)
156412	(0,5554), (0,12012)
discordancias	(0,13669)
enrique	(1,13409), (1,13425), (1,14225), (1,13490), (5,5159), (1,13411), (5,8873), (1,13415), (5,14), (5,63), (1,14205)
vendian	(0,7456), (0,8241), (1,12149), (1,4826)
156415	(0,4189), (0,11998)
156418	(0,12023), (0,5801)
granjeaba	(1,4073), (1,7903), (1,17263)
responderian	(5,1481)
naves	(0,163), (0,357), (0,11913), (1,6475), (0,13002), (0,620), (1,6702), (0,2222), (1,6450), (1,6484), (0,13108), (3,2234), (5,6369), (1,6975)
156419	(0,12027)
arrias58	(0,3651)
endevinasen	(4,2187)
livido	(2,5864)
conociera	(2,1154), (1,1555), (2,5782), (5,7881), (1,1544), (1,18442), (1,3867), (1,10924)
echate	(2,4770), (4,6764)
lxiiicomo	(4,8862)
lxicomo	(4,8854)
espumarajo	(2,5212)
infortunios	(5,5092), (5,7108), (5,6072), (1,12308), (1,343), (5,4270)
litigante	(4,1370)
hierro	(2,4103), (1,14957), (0,5074), (2,4053), (0,8147), (2,6934), (0,8148), (1,5368), (0,8600), (1,13241), (4,5982), (2,1439), (2,5024), (0,9247), (4,1637), (0,3875), (4,1901), (0,9451), (2,2799), (2,7728), (0,7601), (2,1396), (0,7603), (0,7604), (0,1205), (2,6136), (1,17879), (1,2840), (5,7068), (5,223), (1,1243), (0,3770), (0,3708), (4,6145), (5,3555)
inflamada	(2,4013)
preguntandoles	(0,8223), (0,7217), (1,6519)
aurora	(1,420), (1,16486), (1,1640)
deducido	(5,531)
derive	(1,19136), (2,8212), (4,9062), (5,9035), (0,13881), (3,3183)
periodicos	(5,4740), (5,6661), (2,6389), (5,7129), (5,3738), (5,683), (5,7307), (5,6013), (5,6177), (5,915)
conociese	(2,485), (1,7128), (2,7612), (1,13695)
consumidos	(4,8548)
instruccion63	(0,4151)
instancia	(3,2370), (4,628), (3,2851), (3,2836), (3,1846), (0,1748), (3,2920), (3,2801)
echase	(1,12240), (1,17984), (4,630), (4,4266), (4,3501), (5,6222), (4,6514), (1,6159)
vendida	(1,12214), (1,1017)
enganarla	(2,3160)
descubrieredes	(0,1155), (0,1188), (0,1288), (0,1130), (0,1102), (0,1199), (0,1136), (0,1169), (0,4818), (0,1299), (0,1268), (0,1143), (0,1179)
inflamado	(5,196)
alarmas	(2,7573), (2,6768)
restituireis	(0,5037)
vendido	(1,18704), (1,17906), (3,1579), (1,12201), (1,17914), (1,18939), (1,17900), (1,18334), (4,962)
enganarlo	(5,1779)
desaprobacion	(2,2093), (2,6734)
pesauranas	(4,3018)
pagalda	(4,7396)
terminantemente	(0,642)
respondiendole	(1,10577)
caerse	(1,2390), (2,3996)
enviarte	(2,2629)
indeterminadas	(5,5291)
viudas	(4,4211), (1,17485)
juntaremos	(0,2368), (1,5994)
convoque	(2,6445)
secos	(0,6372), (4,8546)
echare	(1,15392)
echara	(2,689), (0,10479), (0,1798)
penetrando	(5,2307), (5,4179)
asegurandome	(3,1224), (1,15962)
prefirio	(5,2072), (5,2204)
argumentos	(5,2127), (5,720)
doblamos	(1,3330)
capacha	(1,16124)
fianzas	(0,1010), (1,1801), (1,2365), (1,4813), (1,2399)
victoriosa	(5,2298), (5,285)
testacho	(1,7952)
yrizobotija	(0,10023)
resplandecia	(2,1984)
afecciones	(5,7347)
pagaldo	(4,3862)
resplandecio	(1,727)
conducirlos	(3,117)
virtualmente	(5,7286), (5,5400), (5,5133), (5,2531)
acometerian	(0,8358)
hembras	(2,4898), (1,5138), (1,15704), (1,9610)
desmochado	(1,5936), (1,5943), (1,5933)
readable	(5,9141), (0,13986), (0,14034), (3,3289), (1,19242), (4,9166), (4,9214), (2,8318)
astillero	(0,1087), (0,3618), (0,3666), (0,3640), (0,1085)
anexionista	(5,2469), (5,2610)
valerse	(1,8641), (1,17314), (1,6499), (5,5881), (1,15958), (1,2983)
victoriosos	(1,6643), (3,1260)
enganarme	(1,13033), (2,3486)
navio	(0,1600), (2,2564), (0,11586), (0,1603), (0,4675), (0,8003), (0,11079), (0,1608), (0,842), (0,5706), (0,1613), (0,1615), (0,4177), (0,1618), (0,13394), (0,13396), (3,761), (0,7512), (0,1626), (0,6490), (0,11100), (0,11358), (0,863), (0,1634), (0,1635), (3,775), (0,3430), (3,2319), (0,11119), (0,11376), (0,11128), (3,796), (1,6491), (0,11387), (0,11132), (0,11139), (0,8329), (0,11403), (0,11152), (1,6516), (1,6519), (0,11416), (3,572), (0,11164), (0,13215), (0,11169), (0,1698), (0,4770), (0,1699), (0,11173), (1,6539), (3,849), (0,1710), (1,6548), (0,4788), (0,11445), (0,4278), (1,6551), (0,1728), (1,6565), (0,10948), (1,6566), (0,6597), (0,5319), (0,11207), (0,10953), (0,8652), (0,2766), (0,8398), (0,2256), (0,5328), (0,10962), (0,10964), (0,11477), (1,6585), (0,10968), (0,5338), (0,7386), (0,10971), (0,10974), (0,5343), (1,1732), (0,11237), (0,11493), (0,5353), (3,909), (0,3050), (0,1772), (0,5356), (0,10988), (0,11245), (0,11502), (0,4592), (1,6611), (0,2547), (1,6612), (0,10995), (0,1780), (0,7412), (0,1781), (0,5366), (0,8182), (0,11001), (3,2464), (1,18655), (0,1791), (0,11007), (1,6625), (0,4353), (0,11010), (0,11013), (1,18666), (0,11018), (0,5388), (0,11281), (3,437), (0,4114), (0,9491), (0,2580), (0,11543), (0,11033), (0,1562), (0,11290), (0,11546), (0,1563), (0,1564), (1,6653), (1,6658), (0,290), (1,6659), (0,294), (3,457), (0,1574), (3,2249), (0,11047), (0,1064), (0,7465), (0,11049), (0,11306), (3,2260), (0,309), (0,2357), (0,2358), (0,2870), (0,11318), (0,9784), (0,11323), (0,1597), (0,11070)
retrocedia	(5,7026)
bolvieron	(0,8672)
causados	(2,5232)
exhalando	(2,1139)
economizado	(0,554)
capaces	(5,6630), (3,2901), (1,2901), (5,4730), (1,16246), (5,7083), (3,2605), (2,7341)
requerimientos	(0,2435), (0,9443), (0,8504), (0,13224), (0,2905), (0,13181), (0,510), (0,11918)
echaos	(4,1877), (1,10068), (4,6076)
atenciones	(3,130), (5,3724)
respirado	(2,6677), (5,3180), (5,4380)
irracional	(4,7940), (1,16248)
pervierte	(5,2223)
acuchillada	(1,6292)
esclabo	(0,7392), (0,8647)
adjudicar	(2,7043), (2,7047)
conosceran	(0,7836)
enconado	(5,5896)
tenuta	(4,7157)
recompensaros	(1,6746)
brazas	(0,7362), (0,13154), (0,419), (0,6147), (0,10085), (0,13542), (0,10183), (0,7400), (0,10153), (0,10186), (0,10666), (0,10155), (0,6735), (0,6863), (0,12913), (0,13521), (0,10290), (0,10354), (0,9781), (0,9784), (0,10200), (0,10844), (0,10397)
estubiere	(0,5925), (0,5212), (0,4382)
cincinnati	(5,3068), (5,1374), (5,1441), (5,3123)
dispendiosos	(0,555)
quintanona	(2,638)
retroceder	(5,229), (3,2820)
defendemos	(2,6376), (0,1341)
asegurandole	(1,9940), (1,10471), (1,13308)
resplandecer	(1,11201)
vuestros	(0,4928), (1,6689), (1,18466), (4,7750), (4,839), (1,1445), (0,4553), (1,15274), (4,4689), (4,978), (1,12719), (1,12721), (1,1204), (4,5079), (4,7130), (4,604), (1,6201), (4,3425), (1,6206), (4,611), (4,3942), (1,2887), (1,10570), (4,751), (1,1868), (4,3952), (1,6734), (0,1265), (0,5239), (4,2558), (0,1532), (1,6366), (1,14046), (2,450), (0,10752), (4,4358), (1,3564), (0,4875), (4,8208), (0,2189), (0,2193), (1,13938), (4,7830), (4,7448), (1,14197), (4,281), (0,1175), (0,1690), (1,9339), (1,6397), (1,14077), (0,926), (1,13951), (4,6310), (1,1031), (4,2602), (1,13191), (4,6571), (1,13449), (0,4905), (0,4906), (0,4908), (4,948), (1,14103), (4,4673)
confesar	(2,1139), (1,9157), (1,2951), (5,3868), (1,17725)
informarian	(0,8137)
asegurandolo	(1,2248)
viudez	(1,833)
confesas	(4,896)
recosida	(1,13618)
hierve	(4,7079)
solitarios	(5,6614)
uxon	(2,5288)
stowe	(5,1076), (5,1063), (5,1111), (5,1112), (5,8702), (5,8417), (5,99), (5,1107)
trabar	(5,3990), (1,6034)
frenillos	(4,5784)
trabas	(3,195), (5,3065), (5,478), (5,5182), (5,3664), (5,1617)
buscabamos	(3,2081)
menjunge	(4,6303)
