significado	(1,10560), (1,10139), (2,2416)
describian	(3,78)
fernando	(3,1382), (2,6663), (2,4365), (1,2865), (0,9104), (0,12241), (0,9047), (2,418), (4,294), (0,13027), (1,2565), (2,423), (0,9061), (2,425), (5,8205), (5,8207), (0,9130), (5,6609), (5,7762), (0,9137), (5,7063), (0,9138), (3,984), (2,6267), (5,3679), (0,9085)
lipique	(3,1672)
michigan	(5,3146)
circuitos	(2,3724)
practicaba	(5,3764), (2,3347), (5,4871)
disparates	(1,16160), (1,18004), (1,18213), (1,16215), (2,4697), (1,4153), (1,7308), (1,4943)
precedentes	(3,1607), (3,1564), (5,1759)
irs	(1,19281), (2,8357), (0,14037), (5,9180), (3,3328), (4,9217)
aguase	(1,12980)
inventar	(1,16177)
mosquitos	(1,16740)
velludo	(4,4164), (1,18349)
desaparecido	(2,4087), (5,2956)
creyesen	(1,3062)
postrados	(1,4453)
publicaban	(1,13565)
palida	(2,3451), (2,1340), (5,6962)
persuasiva	(2,6694)
fenomeno	(2,2037)
mogotes	(0,11464)
cino	(1,13712), (1,7925), (1,13215)
imbecilidad	(5,763)
abrazado	(1,10561), (1,15189), (1,14012), (4,2416), (1,12781), (1,14206)
indomable	(5,2997), (2,315), (5,3139)
nino	(1,8993), (1,15524), (1,8997), (1,14629), (1,8998), (1,15526), (1,15528), (1,14378), (1,9005), (4,7121), (1,15662), (1,9009), (1,14641), (1,15537), (2,147), (3,502), (1,15670), (1,14648), (5,4157), (2,155), (0,857), (1,9019), (1,15554), (1,14661), (1,8006), (1,14662), (5,5196), (0,9450), (1,14667), (0,10732), (1,14672), (2,434), (1,14801), (1,14804), (1,8662), (4,1018), (1,15063), (0,10743), (1,15321), (1,15451), (1,15582), (1,8543), (2,2627), (1,9058), (1,15586), (1,15461), (1,15591), (1,16743), (2,203), (1,14829), (1,9070), (1,11887), (1,14832), (0,8722), (1,15222), (4,411), (1,15224), (0,8728), (1,15099), (1,1278), (2,1887), (2,6240), (0,9247), (2,226), (1,8963), (1,14851), (1,9092), (0,8742), (1,15496), (4,5804), (1,8969), (0,8617), (4,5806), (0,8746), (2,110), (0,8749), (1,15502), (2,1520), (0,8752), (1,8978), (1,15123), (1,9109), (2,1271), (1,8985), (1,9114), (2,124), (4,1086), (1,14747), (1,9116), (1,15644), (1,9245), (1,15262)
protocolo	(5,7583)
palido	(2,897), (2,7124), (2,4567), (5,7937), (2,7504)
caballo	(1,8993), (1,12577), (1,15141), (4,4169), (1,12710), (5,3244), (3,363), (3,1131), (5,5806), (4,3662), (1,15154), (1,15156), (1,6965), (1,15162), (4,6630), (5,5447), (5,7503), (1,10955), (1,15179), (0,13038), (1,17359), (1,15184), (1,8536), (1,4441), (1,7001), (1,14171), (3,416), (1,13793), (1,8292), (3,1579), (3,688), (3,691), (4,7956), (1,12658), (1,17268), (1,3449), (1,7673), (1,7674), (3,1341), (1,12414), (1,17278), (1,17281), (1,17283), (1,14980), (4,3496), (1,17287), (1,17289), (3,1102), (4,7087), (1,17293), (1,14222), (1,12815), (1,16271), (1,17296), (0,1073), (1,16275), (1,17299), (0,1075), (1,4757), (1,17302), (1,17815), (1,10906), (1,8988), (1,6301)
temiendo	(1,15346), (5,4219), (1,11432), (3,1212), (1,4267), (1,2413), (1,9261), (1,12126)
entonan	(1,530), (5,6231), (1,472)
acia	(0,3396), (0,4612), (0,6341), (0,7368), (0,6217), (0,6793), (0,10377), (0,8589), (0,6862), (0,3857), (0,6934), (0,7454), (0,10078), (0,10334), (0,3936), (0,6306), (0,3940), (0,10469), (0,7398), (0,3947), (0,6763), (0,3758), (0,3952), (0,4020), (0,3898), (0,3899), (0,3900)
dedos	(1,2592), (1,2595), (4,7879), (0,5444), (2,4103), (4,6473), (0,7304), (4,7758), (2,7308), (2,3599), (1,5742), (1,2608), (1,10097), (1,4722), (4,7900), (4,7904), (0,6431), (4,747), (1,16521), (0,5484), (1,9805), (1,9869), (1,1742), (1,5138), (0,437), (1,2390), (1,17688), (1,10972), (1,12508), (1,12510)
ita	(5,4697)
fuerunt	(1,8095)
pota	(4,4427), (4,4432)
hostilidades	(3,1008)
nina	(1,2593), (1,1442), (4,7496), (1,678), (1,5673), (1,10668), (1,2484), (1,1333), (1,2489), (2,3226), (2,5666), (1,12737), (2,3109), (1,12486), (2,1453), (1,589), (1,1103), (1,12627), (1,12500), (4,3448), (1,12630), (1,2776), (1,6104), (1,6106), (1,12506), (1,1119), (2,1346), (1,6753), (1,6114), (1,18659), (1,6117), (1,6120), (2,4555), (1,747), (1,6251), (1,18669), (1,14703), (1,752), (1,753), (1,6129), (1,18674), (1,755), (1,18803), (2,3161), (1,18938), (2,734), (1,9471), (1,770), (2,3812), (1,2564), (4,6697), (1,18439), (1,2568), (1,18824), (2,2924), (1,913), (1,786), (1,18836), (2,3195), (1,9115), (1,9503)
versificador	(5,6324)
nimi	(0,10035)
750175	(0,14015)
honorato	(5,4704)
dictamenes	(0,148), (3,2537)
its	(0,14015), (3,3171), (4,9189), (0,14017), (2,8133), (2,8200), (4,9195), (4,9196), (0,13802), (1,19276), (0,13869), (0,14032), (1,19057), (5,9175), (1,19124), (4,9050), (4,8987), (5,8956), (3,3323), (4,9212), (5,9023), (3,3104), (2,8352)
notablemente	(0,45), (5,6130)
poso	(4,673)
canela	(0,8223), (0,8287), (4,7268), (0,7456), (0,8225), (0,8290), (0,9378), (0,7427), (0,8227), (0,9286), (0,7335), (0,12616), (0,7277), (0,8272), (0,7218), (0,8275), (0,9305), (0,8283), (0,7644), (0,7453), (0,10334)
acertelo	(1,18080)
egemplo	(3,636)
cine	(2,213)
allegado	(0,10843)
eceptar	(0,4603)
port	(4,3879)
acha	(0,10034), (3,863)
depositario	(5,2292), (5,263)
posa	(4,4008), (4,8733)
enftplantano	(0,10027)
almoneda	(1,15827), (1,2504), (0,8202), (1,3615)
polvorin	(1,12271)
production	(2,8307), (5,9130), (0,13975), (3,3278), (4,9154), (1,19231)
allegada	(0,10910)
danles	(4,1610)
privilegiados	(2,3199)
octubreinstrucciones	(0,11912), (0,2221)
iva	(0,9567), (0,9569), (0,9636), (0,10533), (0,9544), (0,10280), (0,10281), (0,10541), (0,10606), (0,9551), (0,10543), (0,9556), (0,10487), (0,10264), (0,10554), (0,10524)
halleme	(1,16095), (1,17055)
correspondiendole	(0,11886)
atentase	(0,880)
adobar	(1,11610)
escuadras	(5,3655)
suscitandose	(3,808)
indestructiblemente	(5,5365), (5,1784)
huyesen	(0,9792)
identify	(0,13920), (3,3223), (1,19176), (4,9101), (2,8252), (5,9075)
osavan	(0,10264)
advertencia	(3,1026), (1,13504), (2,7363), (0,13201), (4,4230), (1,9043), (4,249), (4,8636), (4,7905), (4,98), (2,2192)
reireis	(4,2358)
pararas	(4,539)
respondieronle	(1,9954), (1,14866), (1,15378), (1,4287)
hallela	(1,16021), (4,2186)
florecerian	(5,437)
aguaxe	(0,10673)
hallele	(1,16032), (1,17109), (1,12732)
deficiente	(5,6733)
aflictivas	(5,532)
determinaban	(0,8501), (4,8891), (4,8556)
caerles	(2,5462)
sobaban	(2,1693)
idolos	(0,1399), (3,2847)
ayuntadas	(4,8404)
unicas	(5,5444), (5,1941), (5,7751), (1,7306), (5,3953)
referir	(2,1670), (2,1063), (1,2027), (3,400)
inglesas	(4,3021), (5,4254)
elegiacos	(5,6982)
entusiasta	(5,1237), (2,2277), (5,4280), (5,5871), (5,4385)
arraeces	(1,3230)
debria	(4,321)
eslabon	(4,538)
sostenidas	(5,3329), (5,3475)
gastando	(1,9376), (1,17945)
anunciando	(0,623), (2,3878), (5,2061), (5,2160), (5,4131)
desatinos	(2,2872)
orientales	(4,7315), (1,3650), (5,8550), (1,6451), (2,1547), (5,6434)
escenica	(5,3294)
rezelaba	(0,7788)
desenganarlos	(0,7837)
adivinaba	(5,5584), (5,3266)
borneos	(0,7553), (0,8129), (0,8647), (0,7947), (0,8077), (0,8081), (0,8147), (0,8148), (0,8149), (0,8153), (0,7521), (0,8097), (0,7844), (0,8036), (0,7782), (0,7656), (0,7658), (0,7978), (0,8106), (0,8108), (0,8172), (0,7918), (0,8431), (0,7664), (0,7920), (0,7984), (0,7921), (0,8049), (0,7933), (0,8189)
estatua	(1,10529), (4,1398), (5,1624), (2,2952), (4,2414), (1,6427), (1,2428), (1,3084), (5,7458)
enemistad	(0,7281), (0,7729), (1,8434), (1,8495)
bastidores	(5,3290)
sabriamos	(5,5088)
amansar	(4,5510), (4,7548)
abrigar	(5,6900)
condolido	(1,3683), (1,10063)
sensaciones	(2,4071), (3,222)
alexareis	(0,4890)
referia	(5,7661), (5,1758)
estafermos	(2,5341)
perezosas	(1,13012)
moverlos	(1,18033)
remordimiento	(2,4226), (2,1702), (1,15961)
pozo	(4,7891), (4,6948), (4,678), (4,7894), (4,680), (5,6154), (1,2871), (0,13174), (4,701), (4,893), (4,6911), (4,8657)
platero	(4,2238)
generously	(0,31), (0,13728), (2,22), (1,21), (4,27), (5,28), (3,28), (4,8911)
quebradas	(0,6690), (5,5358), (0,8093), (0,11421)
abrazase	(1,4380)
city	(3,3315), (0,14018), (1,19268), (2,8344), (4,9197), (5,9167)
habitada	(3,1745)
pararon	(1,4336), (1,14288), (1,13541), (1,13543)
sellos	(0,643), (0,5445), (0,5485)
excusados	(5,2305)
escritores	(5,4741), (3,117), (5,6282), (5,6330), (5,6253), (5,4366), (0,13308), (5,6642), (4,8321)
identico	(5,6868), (5,3977), (5,269), (5,541), (5,4237), (5,7123)
cito	(3,1483)
patrones	(4,2125)
habitado	(3,1074)
anuentes	(5,3620)
ocurriria	(5,2492)
escrito	(0,13632), (1,7589), (0,327), (0,201), (3,2543), (0,8909), (5,6069), (1,12084), (2,4119), (0,13143), (2,282), (2,1818), (0,729), (5,319), (5,7231), (1,1471), (1,5951), (1,16194), (0,870), (5,4427), (4,108), (2,5034), (1,5965), (4,113), (0,4211), (1,8277), (4,6779), (5,5724), (5,6243), (5,6116), (4,8454), (2,1222), (3,1959), (4,6792), (4,6794), (1,10343), (1,18023), (2,458), (5,6264), (0,12951), (0,5016), (0,5659), (2,1630), (5,2563), (1,2560), (2,489), (5,2572), (5,6540), (4,173), (1,17552), (0,2352), (5,6294), (5,6935), (0,13366), (5,6812), (1,5915)
deliciosa	(2,3828)
haloques	(4,6168)
objetos	(3,2610), (5,5814), (5,4408), (2,953), (2,1865), (2,7593), (0,13673), (0,315), (5,5200), (2,1598), (3,177), (3,209)
izo	(0,10470)
correspondian	(5,3198), (0,330)
poyo	(0,13263), (0,12436), (1,12906)
depositaron	(2,2080)
encubra	(4,6024), (1,4715), (1,12703)
escrita	(0,576), (0,11843), (0,9348), (0,11974), (5,3564), (0,13320), (5,4334), (5,3122), (5,4404), (5,4789), (2,4118), (5,7737), (5,1082), (5,6205), (0,3554), (5,5191), (0,12070), (0,13606), (3,589), (1,16203), (0,2411), (5,4754), (4,6579), (0,5618), (1,13523), (3,1626), (0,2424), (5,4765), (0,4217), (0,12986), (0,891), (3,2526)
delicioso	(2,647), (5,2234)
expuse	(3,1556), (3,1561)
agudeza	(1,7920), (1,18096), (1,2356), (4,552), (5,7161), (5,7742), (1,7915)
aparicio	(4,6959)
estimadas	(0,4851), (0,13670)
oscurantismo	(2,359), (2,872)
encubre	(4,3612), (1,5324), (1,2431), (1,12703)
polvorosa	(1,16425)
rigores	(1,17885)
trastornaba	(5,644)
despedazaban	(1,16595)
cita	(3,1634), (5,7401), (5,7755), (5,7903), (0,13034), (5,4288), (5,2514), (5,3875)
expuso	(3,2517), (5,1336), (5,1932), (3,2508), (5,3086), (3,1565), (5,5008), (3,1536)
adivinado	(5,1387)
identica	(5,1766), (2,4371), (5,7814), (5,7704), (5,4403)
desapareciera	(1,8738)
cortina	(2,3283), (5,2687), (2,3677)
abrazame	(2,4851), (2,4859)
habitaba	(2,986), (1,7193), (3,1501)
fechos	(0,6707), (0,2586), (0,6426), (0,2590)
dulzuras	(2,4885), (2,3817)
precision	(5,4404), (5,4790), (5,6470), (5,743), (5,6969), (3,137), (5,6411), (5,1133), (5,1965), (5,5088), (5,1073)
templarles	(5,4637)
acompanare	(2,1520)
ingleses	(1,6481), (3,2308), (1,6514), (1,6597), (1,6102), (3,1770), (3,2394), (1,6634), (3,2158), (5,4995), (1,7247), (0,13358)
afeminado	(2,5543)
hamilton	(5,5931), (5,1485), (5,8285)
acompanara	(1,2527)
unguento	(1,10112), (1,17633), (1,10148), (1,10149), (1,10153), (4,7598), (1,10156), (4,7600), (1,10576), (4,2452), (1,10513), (1,10421), (1,10167), (1,11479), (1,10138), (1,10299), (1,10525), (1,10559)
afanar	(4,6861)
malignidad	(1,8485)
hacellos	(0,1699), (1,17895)
sobresaltarla	(1,15339)
centeno	(4,6522)
bramando	(5,843)
comprobadas	(5,5542)
pararia	(1,5694), (2,5584)
sensata	(2,6523)
aquilanas	(4,3015)
continuarla	(5,4225)
retirase	(5,5592), (3,1372), (1,14511)
desapareciese	(1,17719), (5,3552)
llenarlo	(3,126)
ejerzan	(2,347)
acompanase	(4,377), (1,10716)
sensato	(2,7031)
barbinegro	(1,5130)
todas	(4,3011), (1,1062), (4,7113), (5,5037), (1,10284), (3,1007), (2,1039), (1,3124), (5,4024), (4,3032), (2,5142), (1,16437), (4,2010), (4,3034), (5,5051), (4,6107), (1,10297), (2,2081), (1,1089), (1,11330), (1,8263), (0,8297), (1,10315), (1,10318), (4,3061), (3,1045), (1,10325), (4,5113), (2,5175), (5,4060), (1,4184), (2,4155), (1,10334), (0,126), (2,4162), (4,8196), (5,7151), (0,3211), (1,5229), (4,2066), (4,6162), (2,3154), (1,13433), (1,6266), (4,6176), (5,2051), (2,3168), (0,4254), (0,6309), (0,7333), (5,7180), (1,15497), (0,7339), (5,1043), (1,2192), (0,6319), (1,12432), (0,10418), (0,3251), (0,9403), (1,10397), (1,3231), (1,15519), (0,9408), (1,1187), (1,15523), (5,5162), (2,143), (0,4301), (3,114), (1,176), (3,115), (1,10417), (1,17585), (1,6326), (5,7229), (1,18618), (2,158), (0,6364), (5,5188), (5,2117), (0,6369), (1,10434), (1,8387), (1,196), (2,3237), (4,6247), (2,6310), (1,7371), (0,5355), (1,5326), (2,1202), (4,2170), (0,6392), (1,10459), (4,6271), (3,160), (1,10464), (4,7300), (1,10465), (4,6279), (0,11523), (1,1254), (0,7429), (1,8422), (0,4358), (1,9448), (4,140), (4,4236), (1,18665), (1,18666), (3,1197), (0,2314), (0,10508), (0,11532), (2,207), (1,10481), (1,17649), (1,14584), (1,16635), (1,13567), (1,13570), (1,1285), (5,5257), (3,1227), (1,266), (1,7434), (1,18698), (5,3217), (1,271), (0,9519), (2,7411), (1,10514), (3,2262), (1,17686), (3,219), (1,4377), (1,15644), (1,17693), (5,164), (1,288), (3,1250), (0,6466), (4,8392), (1,9510), (1,9511), (1,302), (4,8401), (0,1366), (1,312), (0,5467), (0,1379), (1,9540), (5,1228), (0,8556), (1,9549), (3,1306), (2,6458), (1,8539), (4,259), (1,16740), (1,1381), (2,3399), (5,243), (0,6542), (2,5457), (0,4501), (0,1431), (1,9594), (1,379), (1,9595), (2,349), (4,7456), (1,8574), (4,7464), (1,9610), (1,17805), (1,10638), (1,6543), (4,308), (1,9618), (1,15762), (4,4407), (1,3477), (5,4377), (1,12694), (1,3480), (4,8510), (1,414), (1,3489), (1,11683), (4,2375), (5,6443), (1,8617), (2,5515), (1,18863), (5,3384), (0,468), (3,380), (4,1373), (5,6463), (1,15809), (1,18882), (0,7652), (5,4426), (2,1450), (0,2536), (4,8556), (2,430), (2,4526), (4,5488), (4,6517), (1,4563), (1,5587), (4,6519), (2,5562), (1,17881), (1,10717), (0,8710), (0,2567), (1,14824), (1,1516), (0,2572), (1,6641), (1,5619), (5,4473), (1,15868), (4,7584), (1,9725), (1,9726), (1,9727), (2,2533), (1,6661), (1,13829), (5,4490), (1,18953), (1,5645), (0,11822), (1,1553), (0,4658), (0,2611), (2,502), (1,11801), (5,3489), (4,6592), (4,8640), (1,7709), (2,7689), (1,5676), (5,6576), (4,7632), (2,6677), (5,7610), (0,9816), (0,601), (1,5691), (0,3675), (1,14911), (1,7745), (0,3684), (4,2540), (0,9832), (3,2572), (1,6730), (0,7786), (0,2668), (1,6735), (1,18001), (0,5745), (0,3698), (1,7766), (2,4665), (1,13915), (1,16989), (0,2686), (0,7806), (1,10854), (1,1639), (0,9862), (0,9864), (1,6764), (1,7788), (0,9879), (2,602), (5,509), (4,5660), (0,9880), (5,4609), (1,7809), (1,1671), (1,13961), (0,2735), (5,533), (1,7825), (2,3700), (1,7830), (1,9885), (1,7839), (1,673), (4,4678), (0,1733), (1,8876), (4,593), (2,4753), (4,5718), (0,4820), (1,8887), (1,12985), (5,3649), (3,643), (0,4832), (1,8897), (1,1730), (1,9923), (1,9924), (3,652), (4,4720), (1,4814), (1,9936), (0,2800), (0,2801), (1,4820), (1,9940), (1,726), (0,1781), (1,729), (5,2654), (1,15070), (1,4831), (3,674), (1,9954), (1,4838), (2,1738), (0,4872), (1,1771), (5,7793), (2,6864), (5,7795), (4,6804), (1,16113), (1,3827), (2,7896), (1,763), (0,10010), (4,671), (5,5763), (2,2787), (0,6945), (1,11012), (1,9992), (1,1802), (1,8970), (1,780), (4,689), (4,690), (5,6803), (4,5812), (5,6807), (1,10003), (4,8891), (0,9015), (5,1693), (3,733), (1,6946), (4,712), (1,2854), (5,2739), (1,6964), (5,697), (1,10039), (5,6845), (5,4799), (1,10043), (1,10045), (1,3902), (1,10046), (4,6882), (4,6884), (1,10063), (1,9040), (0,2938), (1,863), (1,864), (4,774), (2,4933), (4,7944), (4,777), (1,10092), (2,6990), (1,878), (0,8078), (1,7025), (0,8081), (5,4861), (1,9081), (5,6911), (0,2976), (4,4901), (1,12162), (0,4002), (1,8067), (1,10115), (1,11142), (0,2982), (0,936), (1,10126), (4,2866), (1,7055), (1,10127), (3,1874), (1,2961), (0,2995), (1,8086), (0,4024), (0,3015), (1,10154), (3,879), (2,6030), (5,4916), (4,2901), (4,7000), (4,858), (2,7066), (4,2910), (0,8160), (4,5992), (1,3015), (2,1961), (1,13258), (1,17354), (0,2026), (0,2028), (1,9165), (0,2029), (2,4015), (1,8142), (2,6064), (0,6126), (1,14287), (1,10192), (1,14288), (1,17364), (1,8149), (2,4024), (4,4990), (0,5114), (2,4032), (2,4033), (1,11232), (1,10209), (1,10212), (1,14308), (1,16356), (1,9193), (1,11241), (4,2963), (0,5136), (1,10230), (2,5082), (1,6138), (5,3967), (2,5084), (0,5147), (5,3969), (2,4064), (0,5150), (1,6145), (5,4999), (2,4069), (4,1962), (0,9254), (1,2060), (5,3984), (1,17422), (2,4080), (4,5044), (1,8210), (1,10266), (1,1053), (5,4001), (4,3009), (0,9277)
madre	(1,9250), (0,2114), (4,3528), (1,3110), (0,10821), (1,12839), (1,8745), (1,9260), (1,9262), (1,3120), (4,2011), (1,10814), (1,12863), (2,3108), (4,2023), (1,9284), (4,489), (1,10822), (2,4136), (1,9288), (1,6218), (2,3117), (1,6221), (2,3122), (1,10323), (1,9304), (4,508), (1,10331), (4,1024), (1,17502), (4,3587), (1,10338), (0,2178), (1,2659), (1,17508), (1,17511), (1,15980), (3,2097), (1,17521), (4,535), (1,17526), (4,4122), (2,5720), (1,17528), (1,6777), (2,603), (4,4127), (3,2111), (4,8736), (1,17535), (1,18559), (3,1090), (1,6784), (1,17537), (1,17539), (1,7813), (2,4205), (5,3602), (1,17551), (1,17552), (2,4210), (1,17555), (2,4214), (5,2588), (4,7739), (0,2234), (3,1635), (4,6218), (1,7340), (1,10925), (4,4177), (4,7250), (1,2736), (1,15536), (1,6834), (1,2739), (1,15539), (4,4183), (1,8375), (4,2651), (1,16570), (4,2655), (1,6845), (0,1760), (1,18625), (4,4197), (1,6853), (1,17606), (1,12487), (4,621), (4,6253), (2,4276), (1,6867), (1,2773), (1,12503), (1,17624), (1,6875), (1,8926), (4,2693), (1,8935), (2,5834), (2,715), (4,1166), (5,4208), (4,3217), (2,5839), (1,12526), (4,3221), (4,3223), (4,5783), (1,7419), (4,160), (4,673), (1,16639), (1,8960), (1,6913), (1,8962), (1,7427), (4,5805), (1,6925), (1,8976), (1,6931), (1,18707), (4,3255), (4,3260), (1,17690), (1,5404), (4,3267), (1,5413), (4,7369), (1,9001), (1,4910), (1,18735), (5,6842), (1,5431), (1,7482), (1,7488), (1,9026), (4,3303), (1,15685), (4,3306), (3,1290), (1,2377), (4,3308), (1,5454), (4,754), (2,2864), (1,336), (4,1267), (1,5972), (1,9046), (4,5887), (1,9055), (1,4448), (4,5895), (4,1288), (4,5897), (2,328), (1,17768), (1,16746), (1,15213), (1,14702), (5,5876), (1,18803), (4,800), (2,2913), (1,15233), (1,9109), (1,5526), (4,2363), (4,6973), (1,6042), (1,12701), (5,1314), (1,12705), (4,3400), (5,3881), (4,3405), (4,4432), (0,4563), (1,17844), (1,17845), (4,870), (4,873), (1,5067), (1,9168), (4,2932), (4,377), (4,380), (4,381), (1,16858), (4,385), (1,9182), (4,389), (4,390), (1,14314), (1,8684), (1,9196), (2,5591), (4,412), (4,2974), (1,9211), (4,416), (1,509), (1,9217), (1,8708), (1,2565), (0,2086), (1,1544), (5,7057), (5,1428), (1,18454), (4,442), (4,5052), (4,445), (4,446)
acompanaria	(1,13311)
meriendas	(1,17262)
verbalmente	(5,5356)
prerogativas	(1,16253)
procesion	(5,6406), (0,8737), (0,10737), (1,18402), (0,8738), (0,10738), (0,8741), (0,8729), (3,1997), (1,4445), (1,7567)
canete	(5,6329), (5,8091)
incalculables	(5,994)
entusiasmo	(5,1125), (5,2085), (5,3365), (2,5570), (0,545), (5,1286), (5,3143), (5,1256), (5,4651), (2,4074), (5,785), (5,5843), (2,5522), (2,820), (5,2615), (5,4663), (5,6807), (5,1245), (5,6045), (5,3295), (3,192), (5,5122), (5,7395)
concentrar	(5,4882)
retirate	(2,1611), (2,1616)
cayese	(1,4146), (1,4227), (1,7932)
titulos	(3,610), (5,4804), (1,97), (5,6951), (5,7943), (2,521), (1,16718), (5,756), (5,407), (3,2905), (1,14842), (5,1793), (1,12382)
escritorio	(1,9089), (1,13313), (1,14680), (1,9037), (1,8847)
dormilona	(1,17761)
despotica	(2,2497)
llenaron	(2,203)
temerario	(3,564), (3,907), (0,12970)
hojee	(2,7891)
ventiscase	(1,5390)
aborrescido	(0,7707)
despotico	(2,731), (2,5580), (5,1666), (5,5058)
desplacer	(4,4377)
asigurasen	(0,7755)
cayere	(1,1112)
sobrellevada	(1,15861)
cayera	(1,13817)
digamoslo	(2,4145), (2,6774), (2,6313), (2,589)
convocaban	(5,1200)
pagasen	(0,8154)
hipocritas	(2,2802), (1,16991)
ensillase	(1,13050)
escrupuloso	(5,7884), (5,2574)
cortijo	(1,4706)
vittoria	(4,7177)
despachase	(0,4114), (0,7411), (0,7898), (0,8398)
quitamela	(1,8757)
digamosle	(4,8136)
remolino	(4,6639)
tricolor	(2,5282)
descubrieron	(3,1763), (0,6656), (1,11428), (3,872), (3,1736), (5,3117), (3,1742), (1,2223), (1,4399), (1,4403), (1,14164), (3,1719), (1,4246), (1,6456), (1,7103)
escrupulosa	(1,7714), (4,254)
temeraria	(5,100)
amberes	(1,7843), (5,5802), (3,796), (1,14282)
zurcir	(5,233)
constantinopla	(1,3584), (1,4160), (1,3751), (1,4167), (1,4169), (1,3756), (1,3533), (1,4142), (1,3889), (1,4374), (1,3706), (1,3837), (1,4191)
trueca	(1,1281)
habras	(1,16260), (4,4875)
acompanarlo	(5,7497), (5,1722)
testigo	(5,6564), (5,7660), (0,13130), (1,10861), (5,3123), (1,690), (1,2227), (5,7097), (1,7989), (4,3611), (1,15613), (1,12478), (1,15103), (1,9088), (1,13127), (5,6606), (4,5234), (5,2836), (5,4693), (1,13586), (1,8915), (5,4699), (4,1147), (0,2684), (0,8510), (1,13983)
habran	(5,4949), (1,13090), (0,4834), (5,5626), (2,2488), (1,2679), (0,5495), (2,2490), (4,6386)
acompanarle	(3,1380), (1,4866), (1,6996), (2,5193), (1,13470)
isperiencia	(0,2265)
trueco	(1,9760), (1,14817), (1,11459), (1,13700), (1,8229), (0,8196), (1,8581), (1,13287), (1,13992), (1,2954), (1,11307), (1,15792), (1,14833), (0,8211), (1,10456), (1,10237), (0,8221), (1,3999)
villalobos46	(0,3023)
comparacion	(5,6311), (1,2900), (5,3307), (1,18440), (1,17963), (1,10989), (4,321), (1,4511)
galateas	(1,16525)
galeota	(1,3233), (1,3297), (0,773), (1,4263), (1,3304), (0,1994), (1,4013), (1,7533), (0,1997), (0,2447), (1,3184), (1,3314), (1,3187), (0,211), (1,3254), (1,4027), (0,1564), (1,3197), (1,4413), (1,4350), (1,3263), (1,3711), (1,4415), (1,4033), (0,291), (1,4356), (0,2597), (1,3334), (1,3271), (0,487), (1,3273), (0,1582), (0,432), (1,4434), (1,3348), (1,3543), (0,1593), (0,382)
preseas	(0,9119), (1,1766), (0,12053), (1,5543), (1,4793), (0,9096), (0,9114)
acta	(5,422), (2,1605), (2,2261), (2,2166), (2,1929), (2,2265), (2,2281), (2,1883)
using	(0,13766), (0,13830), (2,9), (0,9), (0,13770), (3,3184), (3,3060), (2,8213), (2,8089), (3,3132), (3,3069), (3,3073), (2,8161), (2,8098), (1,19137), (4,9063), (5,9), (2,8102), (1,19013), (3,9), (5,9036), (1,9), (4,8943), (5,8912), (1,19085), (1,19022), (1,19026), (5,8984), (5,8921), (4,8953), (5,8925), (4,8957), (0,13882), (0,13757)
disertacion	(5,4788), (2,789), (5,4859), (5,6284), (5,4063)
regocijo	(1,18048), (1,7297), (1,6243), (1,16675), (1,7300), (1,16806), (2,5448), (1,10549), (5,1787), (1,5370), (0,8729), (1,15678), (0,6590)
tumbezes	(3,2178)
acto	(5,772), (5,1638), (2,3876), (2,5028), (5,1800), (1,18020), (4,8520), (5,5804), (5,5932), (3,2155), (5,4560), (5,7409), (3,2449), (5,2803), (5,4627), (5,598), (5,3228), (1,6968), (5,222), (5,1631), (5,5409), (5,7521), (5,3459), (5,5795)
continuaron	(0,848), (5,1766), (3,170), (5,2782), (3,1279)
encima	(1,5089), (1,1890), (1,1443), (4,4679), (1,9513), (2,7691), (2,5004), (1,14763), (4,3792), (5,7538), (1,14512), (1,3315), (1,10547), (2,5462), (5,6457), (1,9654), (2,2009), (4,5021), (4,6045), (4,7582), (2,349), (4,6751), (1,7932), (0,7262), (4,4900), (1,9089), (1,14657), (0,6437), (5,3851), (0,11432), (4,8303), (4,2161), (0,10349), (2,752), (1,9104), (0,10351), (1,14163), (5,154), (4,1721), (2,6010), (2,4667), (5,4382), (2,7483), (5,4383), (1,8990), (1,14686), (2,4032)
recoxerse	(0,4900)
letter	(4,9189)
descansando	(2,1533)
desesperantes	(2,4041)
nivel	(3,211), (5,6343), (5,7499), (0,154), (5,4354)
compra	(4,1283), (4,3939), (4,7203), (4,1668), (4,4389), (5,2698), (4,5068), (5,2702), (1,299), (1,17291), (2,6030), (4,3345), (5,404), (4,8083), (1,12176), (1,2994), (4,6456), (5,2618), (5,2430), (4,3678), (5,6783), (4,7103)
gobierno	(5,4520), (5,5809), (5,5042), (5,3508), (5,7098), (2,6936), (2,4379), (5,2496), (2,4382), (2,4639), (5,5058), (2,6431), (3,2561), (5,2502), (2,6435), (2,2086), (2,4646), (5,5834), (2,555), (2,6444), (3,526), (5,2769), (5,3793), (5,1492), (0,628), (2,6710), (5,7129), (2,7737), (2,4666), (5,6621), (2,2875), (2,7739), (2,6972), (5,2528), (2,7741), (3,2593), (2,4674), (5,4582), (2,7748), (2,8005), (5,4842), (2,6471), (2,5449), (2,6474), (2,6475), (2,5452), (3,558), (2,6478), (2,6991), (2,6480), (2,6482), (1,3443), (2,6996), (5,5881), (2,6998), (3,568), (2,7003), (5,5895), (2,5477), (3,1865), (2,7016), (5,4621), (3,1359), (3,2899), (1,7827), (5,1304), (2,1146), (0,186), (3,1376), (2,4738), (5,1319), (2,6538), (5,2606), (2,6795), (5,7471), (2,2702), (1,9398), (5,3388), (3,2427), (2,7323), (5,7486), (2,1949), (5,3906), (2,7071), (5,2372), (5,4676), (2,420), (5,5962), (5,4683), (2,1454), (5,2387), (2,5552), (5,5973), (2,691), (0,753), (5,2903), (2,7093), (2,2489), (2,6587), (2,6843), (5,2400), (2,191), (2,5059), (2,7107), (2,5573), (2,2502), (2,6854), (2,7110), (2,4807), (2,6344), (3,171), (2,1739), (2,5580), (2,6349), (2,7117), (5,4466), (2,5329), (2,6610), (2,6612), (2,7127), (5,6016), (5,1665), (2,2783), (2,6367), (2,7135), (2,6880), (5,5254), (2,7395), (2,6884), (5,2440), (2,6375), (2,6887), (2,6378), (5,3472), (2,5101), (5,6040), (5,7064), (2,5366), (3,1240), (5,3482), (3,2521), (2,6394), (5,5789)
hercoles	(4,7981)
aguada	(0,6480), (0,6993), (0,7925), (0,4633), (0,426), (0,3854)
barloventeando	(0,10319)
vulcano	(1,7836)
gobierne	(4,3173), (0,5441), (0,5482)
antojase	(5,2181)
gobierna	(3,2421)
restituir	(1,5057), (5,6841), (1,5054)
encina	(1,2257), (1,13366), (4,1149)
aguado	(1,10462)
productos	(5,6785)
acompanaros	(1,13222), (4,7886)
efectuar	(0,4049), (5,5403), (0,1993)
sacrificios	(5,2740), (5,645), (1,13569), (0,1410), (2,2232), (0,1399), (0,4809), (5,4145), (2,6527), (5,563)
balanza	(5,1721), (5,2291)
perteneceria	(5,5554)
riberas	(3,2245), (1,7619), (0,3830), (5,620), (3,254)
muchedumbre	(3,354), (2,308), (1,7814), (3,377), (0,9258), (1,10367)
140150	(5,8423)
crispando	(2,7308)
hartarse	(1,10993), (1,12541), (4,5522)
coronilla	(2,1152)
dieronmelos	(1,7521)
emanadas	(2,1792)
guapezas	(2,5737)
comunicaciones	(3,548), (0,5238), (0,551)
militantes	(5,2981), (2,4971)
oliver	(3,2286)
acompanaron	(1,14135)
trageronlo	(0,7378)
paliza	(2,1091), (2,1113)
disipan	(0,153)
gargantas	(1,10657), (1,3491)
hartaron	(2,6295)
154722	(0,11927)
hicelo	(1,13960)
httpwwwpglaforg	(4,9179)
liquidas	(1,8146), (1,14690)
republicanismo	(2,5446)
xacal	(0,8993), (0,9012), (0,9016)
afanado	(2,7300)
indignos	(5,5970)
medanos	(3,1049), (3,1050), (3,304)
bastecer	(0,8324)
atentado	(2,7235), (5,2935), (5,5801), (1,11397), (5,5834), (5,3757), (5,1023), (5,2978)
mercado	(4,2075), (0,9399), (4,5486), (1,17899), (1,11949), (4,2065)
afanada	(4,6098)
mortaja	(1,9389)
expedible	(3,3003)
brabante	(5,5801), (5,5760)
those	(5,9092), (0,13937), (3,3240), (1,19193), (4,9118), (2,8269)
escrivi	(0,2152), (0,2059)
cibdadano	(4,7090)
respeta	(0,194)
movioles	(1,3258)
escriva	(0,2490)
respete	(5,2200)
hicele	(1,15876), (1,17988), (1,14510)
compro	(2,4129), (2,4100), (1,9508), (1,3530), (1,3531), (1,10923), (0,8043), (5,1716), (0,4303), (1,9520), (1,9521), (1,17910), (0,5977), (2,4445), (1,3582), (4,7650)
sanguina	(4,5502), (4,3728)
hicela	(1,10637)
respeto	(4,5188), (0,5056), (1,16419), (1,2212), (2,390), (0,3397), (5,6059), (0,2893), (1,4272), (0,1744), (4,3028), (5,2231), (0,3922), (5,184), (1,18486), (2,1561), (0,12889), (5,3008), (1,4029), (2,287), (1,6081), (0,4451), (1,18373), (1,13638), (0,358), (1,6855), (0,5480), (5,1745), (1,12238), (1,10448), (1,18256), (5,2525), (4,8572), (0,1018), (3,1568), (3,2850), (1,13794), (2,1863), (1,106), (3,1583), (1,3568), (5,1399), (0,5269), (5,508), (0,663), (1,1788), (2,735), (5,7810), (2,2912), (2,737), (1,15104), (0,1829), (0,9382), (1,5513), (0,5035), (1,5516), (5,2322), (1,3087), (5,3091), (5,1812), (1,3857), (5,5915)
penultima	(1,16144)
amamante	(5,6587)
compre	(0,5184), (1,12161), (1,5444), (4,4649), (4,6314), (4,6924), (1,13579), (2,3633), (2,3635), (2,3636), (4,2103), (4,2304), (0,2365), (0,5085)
indiferente	(2,3315), (5,2313), (2,2807), (2,360)
acompanale	(1,8292)
recurso	(5,1079), (3,1269), (5,4199), (5,3352), (5,973), (3,2654)
dilatadas	(3,1032), (1,17816), (1,201), (3,1153)
gentil	(1,1056), (1,18656), (1,15777), (4,7113), (0,10763), (1,13295), (4,3220), (1,9969), (1,370), (1,1462), (1,10038), (1,7672), (1,11131), (1,13821), (1,18429), (1,13374), (1,3528), (4,1327), (1,6673), (1,3859), (1,9235), (1,17428), (4,504), (1,3797), (4,508), (1,1883), (1,3677), (1,8223)
saltandole	(1,10706)
gentio	(3,1351), (3,1007)
perdicion	(1,18225), (1,18069), (1,14711), (1,11546), (1,4219), (1,10651), (1,10476), (1,4014)
recomendacion	(5,7093), (0,377), (0,314), (1,13389)
eternizar	(1,8651)
habello	(4,6739), (0,8220)
sanguily	(5,8660), (5,3815), (5,5272), (5,5209), (5,3898), (5,5291), (5,5196), (5,5278)
fraccion	(5,3433), (5,3131), (5,1358)
carcomida	(5,5574)
borromeo	(5,8047), (5,6672), (5,4433)
jurareis	(0,4522)
peligros	(1,1731), (2,970), (2,5452), (1,18767), (3,83), (1,13169), (1,13649), (3,116), (3,2740), (0,3697), (1,9397), (2,3225), (2,4665), (0,1368), (3,2462)
rescebian	(0,9297), (0,8123)
regalandole	(2,7094)
folias	(1,11677)
inexplicables	(2,3154), (5,7681)
acompanarte	(2,3756)
carcomido	(4,887), (2,1816)
presurosos	(1,8229)
mordiendo	(2,408)
olivas	(4,5658)
infalibilidad	(5,5008)
menguando	(1,14322), (0,2131), (5,4016)
aguage	(0,6477)
castisimas	(4,6195)
faciles	(3,1462), (3,123), (1,12137)
hojaldres	(4,428)
adusto	(5,5565)
airadas	(5,854)
portatiles	(0,13337)
divergencia	(5,1574), (5,5559)
escrebir	(4,339), (4,6357), (4,8363), (4,8320), (4,337), (4,8322)
acogio	(1,9381), (2,6615), (5,1787), (1,17928), (2,2944)
habrir	(0,5457)
adusta	(5,3081)
habrio	(0,5460)
suntuosamente	(1,12846)
bizarrisimo	(1,15786)
vertido	(3,261), (5,7923)
recatamiento	(0,3129), (0,4793), (0,3292)
lupicia	(1,16094)
daryen	(3,2172)
habria	(3,738), (2,258), (2,645), (1,7339), (3,879), (1,7341), (0,462), (1,16816), (1,12593), (4,7895), (5,1338), (5,2747), (4,5851), (5,835), (2,3235), (0,103), (2,4010), (1,18378), (0,5610), (4,1775), (4,4463), (5,5456), (0,3693), (5,4691), (5,4437), (3,1812), (5,5341), (5,5086), (0,7674), (1,10460), (5,7137), (5,5090), (2,3140), (3,2472), (2,1225), (2,846), (5,7153), (2,3152), (5,7156), (0,3728), (5,7157), (1,16881), (1,6643), (1,10867), (0,7064), (2,7262), (1,18559), (5,900), (0,6431), (5,6916), (0,8608), (5,1800), (5,7824), (5,660), (3,467), (5,1559), (2,6134), (0,8884), (2,1143), (5,1562), (1,8854), (2,7033), (2,1023)
vertida	(5,7049), (5,7038)
disponia	(2,7570), (0,564), (1,7845), (0,842), (5,1459)
siguiolas	(1,15798)
observadores	(5,5728)
habitante	(2,614)
conquistados	(0,9476), (5,3308), (0,13230)
conquistador	(5,1305)
detestable	(2,6818), (2,1071)
manteca	(4,1907), (4,7268), (1,17050), (4,1919)
epit	(0,13117)
escrebia	(4,7013)
siguramente	(0,8769), (0,8531), (0,8771), (0,8774), (0,7816)
cartera	(2,7881)
ropas	(3,950), (0,8181), (0,10774), (4,2059), (2,3501)
asaban	(2,6075)
celeridad	(1,6497), (1,2590), (1,3151)
enterose	(2,2903)
gentes	(1,16609), (0,7297), (1,1187), (1,7653), (1,18021), (0,3015), (1,17834), (4,8463), (3,1008), (1,8751), (1,7794), (1,8754), (1,17650), (3,2037), (0,1363), (1,17332), (1,17337), (0,3417), (2,5660), (0,2523), (0,6684), (1,14014), (3,2049), (3,2433), (0,3614), (0,2464), (4,5924), (1,706), (0,741), (4,7850), (1,136), (1,18506), (0,9835), (0,2476), (1,14542), (1,272), (3,2258), (3,1812), (0,4724), (0,2933), (0,5045), (1,16279), (4,571), (2,1849), (0,10746), (1,18652), (0,9789), (1,18271)
controvertible	(5,7925), (5,3014)
reparaciones	(2,3201)
ventajosa	(5,6597), (5,2475), (5,6700), (3,2910)
dispongo	(4,5691), (2,7499)
pintarte	(1,16540)
recusar	(5,6965)
fechas	(3,2306), (1,7200), (0,2592), (3,2499), (5,6183), (5,4137), (0,170), (0,13036), (0,6702)
enfrian	(1,11805)
trasudando	(1,4885)
alguaciles	(1,8486), (1,17191), (1,8297), (1,8505), (1,17199)
disponga	(1,16624), (1,10678), (3,2970), (1,14060), (3,2351), (3,2367)
versiculos	(5,2826), (5,4122), (5,7370)
ventajoso	(3,2930)
jueves	(1,4832), (0,9599), (0,11013), (1,4649), (0,10056), (0,9674), (0,10958), (0,11151), (0,9744), (4,2072), (4,2074), (0,9626), (0,11098), (0,11037), (1,1537), (0,9890), (0,10979), (0,11492), (0,9702), (0,6056), (0,10088), (0,11178), (0,10926), (0,11125), (0,9654), (0,11062), (0,9723), (0,9853), (0,10109)
presonas	(3,1813)
venenosa	(4,5807)
curiosas	(5,5685), (5,6727), (1,3015), (5,4316)
perturbadores	(2,6318)
unicos	(2,1164)
descubriesen	(3,582), (1,1526)
pintarse	(1,18647)
fatigosa	(0,150)
fraseologia	(5,6839)
nobeno	(0,1276)
fortunas	(1,3684), (5,2588)
rescebido	(4,1179), (4,6046), (0,9230)
intelligencia	(4,8342)
pollino	(1,2422), (1,2426)
pomposa	(2,825), (5,1006), (2,3148)
hiriendo	(1,10386)
canestico	(4,7482)
cuevas	(1,1614)
veiase	(2,6092)
grosura	(1,18647)
habres	(4,1070), (4,1778)
transformo	(5,3443)
renian	(1,16785), (0,6451)
disponer	(2,1313), (5,2567), (2,3174), (1,4552), (1,3753), (3,668), (1,10858), (4,576), (1,3582), (5,7266), (1,6223), (1,6367)
desbaratando	(5,4984), (2,3710)
ayestaran	(5,7996), (5,4704)
disponen	(2,2098), (2,2782)
recibe	(1,17638), (1,520), (1,4410)
decirtelo	(2,3580)
reciba	(2,6450), (1,15939), (0,307), (1,18484), (1,102), (1,1225), (1,12026)
disponed	(1,14974)
recibo	(2,2739), (4,3725)
trueno	(2,5026), (1,5803)
folletos	(5,7307)
recibi	(2,5298), (3,1660)
sarmientos	(2,906)
utilizar	(2,7064)
centavos	(5,1434)
persuasion	(1,15125), (3,202), (1,18589), (1,14110)
pomposo	(1,17290), (5,4961)
ensillado	(1,6810)
anduviesen	(1,16964)
colmarle	(1,15601)
jurisconsulto	(5,712), (5,1658), (5,6096)
tocos	(4,6500)
vigorosamente	(5,4836)
gorrero	(1,2148), (1,2142)
acompanaba	(1,18880), (0,327), (3,235), (1,13018), (0,9146), (1,17083), (2,1661), (0,12059)
beneficiados	(2,4805)
mensageros	(0,8802), (3,2720)
limitation	(3,3266), (3,3267), (3,3270), (2,8295), (2,8296), (2,8299), (0,13963), (0,13964), (0,13967), (1,19219), (1,19220), (4,9144), (4,9145), (1,19223), (4,9147), (5,9118), (5,9119), (5,9122)
nonprofit	(5,9158), (3,3306), (1,19259), (2,8335)
imperiosamente	(2,7647)
solicitation	(2,8369), (0,14049), (5,9192), (3,3340), (4,9229), (1,19293)
celidonia	(4,6563), (4,6582), (4,6998), (4,6616), (4,7000), (4,6558), (4,6624), (4,6594)
regocije	(4,8328), (4,6014)
leocadia	(1,9248), (1,13601), (1,13857), (1,14113), (1,8738), (1,14114), (1,14119), (1,9256), (1,13872), (1,13617), (1,13874), (1,14135), (1,8762), (1,8764), (1,9276), (1,13629), (1,13890), (1,9284), (1,13898), (1,13900), (1,13646), (1,13905), (1,14162), (1,13652), (1,9301), (1,13911), (1,9304), (1,13657), (1,9306), (1,9309), (1,9057), (1,9315), (1,9317), (1,8806), (1,8808), (1,13674), (1,13932), (1,9325), (1,14190), (1,9330), (1,13683), (1,9332), (1,8821), (1,9078), (1,8823), (1,13946), (1,8827), (1,14206), (1,8831), (1,14207), (1,13698), (1,8836), (1,13701), (1,9102), (1,13711), (1,9104), (1,14226), (1,9108), (1,13973), (1,14231), (1,13721), (1,8863), (1,14240), (1,9121), (1,9124), (1,9126), (1,14249), (1,9130), (1,8875), (1,8884), (1,13494), (1,9144), (1,14008), (1,9150), (1,13766), (1,14024), (1,14032), (1,13777), (1,14037), (1,13530), (1,13532), (1,8925), (1,13798), (1,13543), (1,13550), (1,8688), (1,14064), (1,13813), (1,8951), (1,8696), (1,13819), (1,8704), (1,9221), (1,14088), (1,9226), (1,8716), (1,8718), (1,9235), (1,8725), (1,13592), (1,13849), (1,9243), (1,8732), (1,13598), (1,8735)
consolarse	(1,2779), (2,3999)
cognombres	(4,3052)
talavera	(0,1476), (1,2109)
barrachelo	(4,4435), (4,4531), (4,4533), (4,4523), (4,4524), (4,4525), (4,4433)
conociole	(1,15188)
comply	(4,9027), (0,13759), (5,9061), (2,8132), (5,8999), (3,3177), (2,8206), (0,13838), (1,19056), (3,3062), (0,13907), (0,13845), (4,8986), (5,8955), (2,8091), (1,19130), (4,9056), (5,9029), (3,3140), (3,3209), (1,19015), (2,8169), (3,3147), (0,13801), (2,8238), (4,8945), (5,8914), (2,8176), (0,13875), (1,19093), (4,9020), (1,19162), (5,8992), (1,19100), (3,3103), (4,9088)
remachadas	(1,5139)
desmandaban	(1,9619)
gorrete	(2,260)
conociolo	(1,5746)
explotada	(5,3862), (2,5655)
acompanado	(1,11424), (5,2182), (1,13474), (5,7306), (2,3752), (5,7499), (0,9545), (3,1550), (1,7598), (5,6387), (1,3442), (2,6038), (2,4988), (2,5628), (1,18268)
depositasen	(5,7001)
pollina	(1,1780)
fertil	(0,8320), (5,2539), (5,3149), (5,1806)
ecepto	(0,1576), (0,3450)
consolarte	(1,3420)
replique	(1,14502)
acompanada	(1,14080), (1,14706), (5,4299), (5,7789), (1,7116), (1,12414), (1,12543)
explotado	(5,5423)
asenso	(3,1657)
xxxcomo	(4,8738)
ensillaba	(1,13273)
luces	(2,2180), (3,2566), (5,4970), (1,2152), (1,9579), (3,2639), (1,3793), (1,15157), (1,16405), (1,2263), (1,728), (1,14555), (3,3007)
recien	(1,9637), (1,14917), (2,1703), (1,14663), (0,490), (1,14637), (1,1006), (2,1681), (1,9618), (1,10835), (2,3288), (3,602), (1,14360), (1,15608), (1,5817), (4,3517), (1,13276)
estavan	(0,10337), (0,10690), (0,2147), (0,10630), (0,10536), (0,3561), (0,9290), (0,10645), (0,9878), (0,9079), (0,10263), (0,13593), (0,10620), (0,10589)
acababa	(5,933), (5,2261), (1,12657), (1,4946), (1,2435), (2,2613), (2,4182), (5,5467), (5,5468), (2,2428), (1,16269), (2,4815)
emprendidas	(0,549)
malhadado	(5,1528), (5,2991)
proponga	(5,814), (3,2622), (3,2672)
apremiantes	(5,6334)
firmadas	(0,2018), (0,4589), (2,7424)
cauteloso	(0,861)
degollina	(2,4562)
descontentos	(5,3543), (2,4934)
maestresala	(4,2602), (4,8698), (4,2605), (4,2592)
westminster	(5,4255)
leiste	(1,1162)
informase	(3,2468), (0,2471), (3,603), (3,2476)
humildemente	(1,6288), (1,693), (1,999), (1,4551), (0,5831), (5,3373)
valame	(1,9251), (1,12663), (1,1928), (1,13769), (1,14985), (1,16601), (1,4525), (1,12943)
guiete	(0,10374)
secuaces	(5,2921)
trucos	(1,178)
reanimaba	(5,7459)
lanzar	(5,708), (5,2351)
tanarailla	(3,2617)
lanzas	(1,1441), (0,6626), (0,5220), (0,8676), (0,10212), (0,6634), (3,2224), (0,6958), (3,2067), (2,4978), (0,466), (3,1077), (0,6994), (0,10099), (0,7541), (0,7605), (0,8566), (0,7864), (0,8600), (0,10681), (3,1309), (3,1501), (3,2109), (0,10621)
beneficas	(1,7877)
caliente	(4,7606), (4,1609), (2,6445), (4,1632), (1,1837)
indignas	(2,2235)
furiosa	(2,6050), (0,13443), (5,7551)
desapasionados	(5,2981), (1,3820), (1,11375)
valala	(4,7468)
fundandose	(2,659), (2,661)
propongo	(2,5218), (2,5299), (2,3486)
sublimidad	(2,6440), (2,1709)
otono	(5,8327), (5,6435)
villalobosel	(0,5504)
sustancial	(5,2607), (5,4048)
narraciones	(5,1301)
restituyo	(0,8097)
adjetivos	(5,7749), (5,7718)
asentaredes	(0,5278)
pintarlo	(5,4014)
estropen	(0,2308)
davalos	(0,1505), (0,1521), (0,275), (0,12232), (0,393), (0,300), (0,1517)
prosiga	(2,1173)
acabada	(0,5568), (5,3463), (0,5251), (1,7718), (0,8713), (1,14540), (0,9004), (1,529), (1,7346), (4,5018), (1,14615), (0,10551), (0,5246), (4,7906)
sectas	(5,511)
escedio	(1,11187)
adic	(0,13118)
civil	(5,677), (5,3560), (5,1513), (5,116), (5,1652), (5,438), (5,1398), (3,2870), (5,5881), (5,1338), (5,6202), (5,4478), (5,2305), (5,1027), (5,4613), (5,6981), (5,7429), (5,5702), (2,4391), (5,206), (5,8847), (2,4654), (5,2004), (3,2900), (5,3417), (5,3545), (5,8217), (5,96), (5,226), (2,5504)
escedia	(1,8302)
falsamente	(4,6210)
indicate	(2,8099), (5,8922), (4,8954), (0,13767), (3,3070), (1,19023)
lucha	(5,2148), (5,5669), (5,489), (5,2665), (5,3241), (5,3371), (5,3183), (5,7344), (5,2161), (5,5105), (5,5811), (2,7698), (5,1078), (5,1529), (5,122), (5,3578), (5,255), (2,5852), (5,7295), (5,1408), (5,7041), (5,898), (5,1283), (5,1347), (5,5060), (5,837), (5,2247), (5,2761), (5,3337), (5,6793), (5,266), (5,5130), (5,1229), (5,5837), (5,656), (5,977), (5,3350), (5,7001), (5,7002), (2,313), (5,3164), (5,4508), (2,4090), (5,5085), (5,5213), (5,4638), (5,1570)
fortalecido	(3,2308)
valdandorra	(4,6350)
renida	(5,4982), (1,14184)
apunto	(1,5206), (2,6432)
botecico	(1,10138), (4,7489)
medicina	(1,16288), (1,8259), (4,7015), (4,7612), (1,8251), (2,909), (5,3953), (5,4705), (1,7917), (1,9070)
amotipay	(3,1925), (3,1926)
hacerosle	(1,15626)
peregrinos	(1,14160), (1,14224), (1,14228), (4,6920), (4,8568), (1,14246), (1,14234), (1,15754), (1,14139)
cosidas	(0,6411)
comunicallo	(0,1855)
audientes	(4,8497)
besaldo	(4,1078)
jud	(4,2245), (4,2309), (4,2279), (4,2217), (4,2249), (4,2283), (4,2315), (4,2221), (4,2255), (4,2287), (4,2320), (4,2226), (4,2580), (4,2261), (4,2293), (4,2325), (4,2232), (4,2298), (4,2332), (4,2238), (4,2270), (4,2302), (4,2336)
mirolos	(1,2554)
pronosticando	(5,2500)
proponer	(2,2130), (2,4363), (5,2945)
diferir	(0,6111), (0,3504)
jul	(4,4768)
agradables	(1,180)
viniese	(1,11299), (1,4902), (1,15142), (1,9128), (0,10826), (0,7758), (1,11055), (4,3283), (0,2639), (0,8785), (3,1531), (5,3137), (0,8543), (0,8800), (0,8929), (1,12611), (0,8935), (0,10729), (1,6223), (1,13524), (4,6776), (4,637), (1,12506), (0,9467), (1,7261), (0,7036), (0,8452), (0,7045), (1,17126), (4,522), (1,2539), (0,9482), (1,13036), (0,9484), (5,5107), (0,8463), (1,9585), (1,7540), (1,9332), (1,12918), (1,9982), (0,10789), (1,15241), (0,7465), (4,2610), (5,5916), (0,7735), (1,14617), (0,8762), (0,7099)
jur	(4,7756), (4,7728)
lucio	(4,8199)
humanos	(5,2005), (1,14514), (1,14533), (5,3098), (2,2232), (1,14841), (5,1646)
apunta	(0,12883)
desleida	(5,5866)
forrada	(1,6292), (2,1903)
fragata	(0,8131), (0,5253), (0,10629), (0,7367), (0,10375), (0,10503), (3,2349), (0,8138), (0,8586), (0,10186), (0,6924), (0,10572), (0,10513), (0,7506), (0,8403), (0,7508), (0,7895), (0,7898), (0,10458), (0,9948), (0,8349), (0,10271), (0,8161), (0,10465), (0,10403), (0,10659), (0,10532), (0,8357), (0,9958), (0,10470), (0,9960), (0,10600), (0,5865), (0,7918), (0,8371), (0,10355), (0,10419), (0,10547), (0,10420), (0,10548), (0,10612), (0,8377), (0,10173), (0,10557), (0,8126)
indicare	(2,1279)
sabidor	(1,14241), (1,2210), (1,14444)
procedente	(2,4369), (5,2793), (0,857)
forzar	(4,5012), (5,5925), (1,7876), (5,3707), (5,2419)
adio	(4,3923), (4,5915), (4,1660), (4,1662), (4,3922)
macha	(4,1814)
lucho	(5,7262)
sentia	(2,1377), (2,4481), (1,13569), (1,8549), (1,9289), (1,7050), (5,1391), (2,7405), (1,13200), (1,10580), (1,3766), (1,9014), (1,1976), (1,7353), (5,4544), (1,8252), (5,2753)
creyeran	(2,264)
propositos	(5,7000), (0,2662)
infantiles	(2,158)
diximosle	(0,10452)
seductor	(5,4022), (2,7520)
lucia	(1,5446), (1,18840)
macho	(4,8021), (2,4565), (1,2470)
compas	(1,11650), (2,1717), (2,2021), (5,6681), (0,9881), (2,829), (1,13789)
cayeron	(2,3553), (1,10528), (5,821), (5,7894), (2,3721), (2,6428), (5,2787)
sentir	(2,6209), (1,16034), (4,134), (2,648), (5,6798), (1,3403), (3,2256), (4,4818), (1,16083), (5,2904), (3,3003), (5,4129), (2,7422), (5,6465), (1,16254)
penseis	(1,1216), (0,2191), (1,15073), (1,1443), (0,2098), (1,14053), (1,2013)
sentis	(4,999), (1,13630)
magestadla	(0,3177)
ambages	(5,5493)
colmandola	(1,17235)
revolucion	(2,418), (2,2005), (5,5337), (2,983), (5,2812), (2,4426), (4,6749), (5,1247), (2,4380), (2,6861), (2,3182), (2,2800)
esceden	(1,16110)
afloja	(2,2501)
disputaron	(4,5709), (4,8785)
candil	(4,1780), (4,1877), (1,17714), (1,8244), (1,17470), (1,17711)
clasificarlas	(3,262)
cambiando	(3,949)
dixeronle	(4,7747), (0,10131)
sesgamente	(1,6865)
lloviendo	(1,6494)
astrosos	(1,9655), (1,4696), (1,13358)
candia	(4,5763), (4,583), (1,7749), (4,601)
almacigos	(0,3829)
refiriese	(2,2909)
hurdemalas	(4,6530)
dixeronme	(0,2465), (4,4158)
deberian	(3,1838)
forrado	(2,359)
periodica	(2,4937)
punaladas	(1,15089)
modestamente	(1,16715)
aplicose	(5,4078)
sentaban	(3,150), (5,7544), (5,3628), (2,2031)
anfriso	(1,16483)
roosevelt	(5,8641), (5,1330)
comiencen	(1,12457)
vigorosa	(2,7029), (5,4123), (5,6956), (5,6624), (3,2880)
doiles	(4,1483)
vanidosamente	(2,3229)
xabon	(4,2552), (4,1465), (4,1535), (4,1538)
periodico	(2,4434), (2,7047), (5,1083), (5,4587), (5,1091)
pulsos	(1,10160), (1,10113), (4,5927), (4,7832), (1,8053), (4,8330), (1,12570), (1,10527)
haciendose	(0,8789), (0,6598), (2,7017), (3,843), (2,4346), (3,2541), (3,2605), (0,5581)
informate	(1,12602)
vigoroso	(5,4148), (5,2030), (5,6832), (5,2882)
pegase	(4,7846)
satisfactoriamente	(5,7380), (2,4456)
reposo	(5,7109), (5,167), (4,7079), (0,2758), (0,8678), (1,17610), (1,16429), (5,5106), (1,10257), (1,7411), (4,4952), (1,13013), (1,16021), (5,3903)
batallador	(1,6404), (5,3039)
reposa	(4,6164), (4,1865), (5,6443)
candor	(3,259), (2,4468), (2,2872), (5,4318), (2,4095)
carlomagno	(1,10270)
eclecticos	(5,5057)
miroles	(4,7611)
combenible	(0,4063)
defensora	(4,6187)
bailes	(1,10796), (1,1519)
decir	(1,17441), (0,8263), (1,14380), (1,7214), (1,12334), (1,5170), (1,8248), (2,2074), (1,14393), (2,3103), (1,3134), (1,5182), (1,18494), (2,4128), (1,18496), (5,6085), (1,11331), (1,8260), (4,8169), (1,17480), (4,4079), (1,16460), (2,3118), (1,2126), (1,5200), (1,15440), (1,16464), (0,112), (1,16466), (4,3066), (4,8187), (2,2107), (4,7166), (4,6143), (4,7173), (4,7176), (4,1034), (4,6159), (4,6163), (4,7187), (4,7190), (2,4182), (0,13462), (1,16507), (1,16511), (5,4103), (1,4229), (4,6185), (4,5162), (1,6281), (1,18571), (1,5260), (1,5262), (1,1167), (1,17553), (2,6259), (3,2136), (1,12438), (1,2203), (1,156), (1,16544), (4,5188), (4,6215), (1,165), (0,2246), (5,3115), (1,168), (1,16554), (1,1195), (2,3215), (1,13487), (1,18611), (1,12470), (1,14529), (5,4167), (4,103), (4,4199), (1,3274), (1,211), (1,4307), (1,8405), (1,4311), (4,4220), (2,5308), (0,5372), (1,6365), (1,13534), (0,8447), (1,18663), (4,2188), (4,5260), (1,18675), (1,12532), (1,15604), (2,3286), (1,12533), (1,10488), (4,159), (4,161), (4,3239), (1,10502), (2,6376), (1,6407), (5,6284), (4,8363), (0,8487), (4,5292), (4,8364), (1,16652), (1,18701), (0,8493), (4,3250), (0,8497), (1,17684), (1,278), (4,3259), (1,8474), (2,7421), (1,8476), (5,5285), (5,4262), (2,261), (4,7367), (1,8486), (0,13638), (1,17706), (4,208), (4,7378), (4,8403), (1,7472), (2,3347), (2,7443), (0,8529), (0,13649), (1,15668), (1,11573), (4,8409), (2,2331), (4,8413), (4,5343), (0,8539), (1,13632), (2,5410), (4,7397), (5,5321), (2,6439), (1,3403), (1,1359), (1,13647), (0,13682), (1,3416), (1,18779), (1,16732), (1,13661), (1,1374), (0,2429), (1,14689), (1,16741), (4,6409), (1,16742), (4,6410), (0,6537), (4,2318), (5,5366), (1,13682), (1,5491), (1,17779), (4,279), (1,16756), (1,18804), (4,6424), (1,15737), (1,6526), (0,8605), (1,14718), (1,2433), (1,15748), (5,5388), (2,2410), (2,5484), (3,1359), (5,4369), (1,11663), (4,6454), (5,2330), (0,438), (1,15768), (1,16792), (4,317), (1,17818), (4,318), (1,17819), (1,17820), (1,1440), (4,6467), (1,9633), (4,2375), (1,17828), (1,16815), (1,1457), (5,3393), (1,10692), (5,1357), (5,5453), (4,1390), (5,5455), (1,16843), (1,16851), (4,3450), (1,7639), (0,2556), (1,15840), (4,8589), (1,9711), (2,4567), (1,16887), (0,10776), (1,16892), (1,16894), (4,4515), (4,6563), (1,16902), (1,17926), (4,6570), (3,1484), (1,16907), (1,17935), (5,404), (1,17938), (0,8755), (1,13847), (5,2460), (5,7584), (0,8765), (1,3615), (4,5570), (4,7625), (1,15911), (1,6696), (1,17960), (1,16943), (1,7729), (1,16946), (1,4660), (1,16950), (0,7769), (3,509), (1,8763), (4,5599), (1,4670), (1,4678), (1,16971), (1,13902), (0,6768), (2,3638), (5,5599), (1,1630), (1,3681), (1,16994), (1,4709), (1,15986), (1,17011), (1,3701), (1,5751), (4,3615), (1,17021), (1,1662), (0,11934), (0,8867), (1,17028), (2,5740), (1,16015), (4,7735), (0,9908), (1,16022), (4,1598), (2,2684), (5,7712), (1,7837), (4,1601), (2,640), (1,17055), (1,18079), (1,2721), (4,4676), (1,4769), (1,6822), (1,16041), (1,16044), (1,9904), (1,14000), (1,5809), (1,5813), (2,665), (1,698), (4,5728), (0,8927), (1,11969), (5,3657), (0,8932), (1,3783), (2,6825), (5,1614), (1,15051), (1,5838), (1,14031), (1,5841), (1,14033), (0,4852), (4,634), (4,3707), (2,1724), (1,732), (0,1795), (1,15079), (0,7944), (1,747), (1,3819), (1,5869), (1,16110), (4,658), (1,3823), (1,752), (1,8944), (1,753), (0,2839), (1,11000), (1,12025), (1,16121), (1,14074), (1,11003), (1,16137), (0,2858), (4,691), (2,3825), (1,18194), (1,3861), (4,5816), (1,791), (1,15127), (2,3833), (1,16153), (1,4892), (2,5885), (1,1824), (1,10016), (2,6915), (4,5831), (5,6824), (4,3785), (1,17191), (4,6860), (2,6922), (1,17193), (1,18217), (4,6861), (5,6832), (4,6865), (1,18223), (2,1809), (1,3888), (4,6867), (2,5907), (4,6870), (1,13108), (1,822), (4,2779), (1,2874), (1,4926), (3,1795), (2,7971), (0,5989), (1,11082), (1,15178), (1,13131), (2,1838), (5,4818), (1,4943), (5,7892), (3,2840), (3,1826), (4,5893), (2,836), (0,13187), (4,1801), (1,18278), (0,2950), (1,9064), (1,4976), (5,5878), (1,7030), (5,1790), (1,892), (1,16253), (4,4897), (1,4994), (1,6019), (1,1925), (5,4886), (1,16274), (1,18324), (1,7065), (0,953), (1,16282), (5,6945), (1,16285), (5,803), (1,15265), (4,840), (0,8132), (0,7111), (4,845), (1,2986), (1,17322), (1,941), (5,1841), (4,8016), (1,8110), (4,2898), (4,2901), (4,4949), (1,16307), (1,6068), (1,8116), (1,6070), (4,8025), (1,17334), (3,1913), (1,2999), (1,16311), (1,6072), (4,861), (5,830), (1,1978), (1,8124), (2,2974), (4,868), (2,2982), (5,5963), (4,8044), (1,5069), (4,8055), (1,11220), (4,892), (1,4061), (4,4993), (0,13309), (4,6018), (1,18401), (0,11268), (1,15337), (2,4045), (1,7148), (1,15341), (2,1999), (2,3024), (1,8175), (2,2001), (1,4082), (5,2935), (4,2968), (1,4085), (4,5018), (4,6042), (1,5111), (1,16376), (0,7192), (0,13337), (1,8190), (0,2078), (1,7168), (1,7170), (1,11267), (1,16387), (1,16392), (1,8201), (1,3083), (1,17419), (1,17423), (0,13359), (5,1942), (0,2099), (1,4117), (4,1977), (2,7161), (1,15388), (1,3101), (1,8221), (1,5150)
pidioles	(1,14865), (0,6267)
decis	(4,3524), (1,12066), (4,7494), (4,839), (4,6088), (1,13610), (4,2382), (4,849), (1,5166), (1,18862), (4,2386), (4,1491), (1,9777), (1,15409), (1,12340), (4,6616), (4,5340), (1,12220), (1,13629), (4,5218), (1,6724), (4,1896), (4,2792), (4,4456), (4,6889), (4,2540), (1,1994), (4,6894), (1,6991), (4,3831), (4,2044), (1,13540), (4,1167), (4,7952), (1,13423), (4,2199), (1,13943), (4,2332), (1,14973), (4,3234), (1,3717), (1,1030), (4,1449), (1,2822), (4,5802), (1,2056), (4,1196), (4,5804), (4,5809), (0,3118), (4,2995), (0,2100), (4,5817), (4,8377), (1,14102), (4,7483), (4,4156), (1,17433), (1,17434), (1,14621), (4,5953), (1,15518), (1,12063)
omisiones	(0,153)
sentence	(1,19072), (0,13857), (2,8148), (3,3159), (4,9002), (5,8971), (1,19112), (0,13817), (2,8188), (4,9038), (3,3119), (5,9011)
amenidad	(5,7228)
batiendose	(5,2833)
cristianismo	(5,1097), (3,856), (3,635), (5,5009)
inmutables	(5,774)
cenidos	(2,266)
cristianescas	(1,4284)
decia	(1,9248), (1,7969), (2,3077), (1,12836), (4,6091), (5,7084), (0,7752), (1,8233), (1,3882), (3,2029), (2,7436), (4,6607), (2,7439), (0,9550), (1,13360), (0,9555), (0,6743), (0,9559), (3,1531), (4,5597), (5,2500), (0,10335), (5,4552), (1,1093), (0,7012), (2,5673), (1,12104), (1,13898), (4,7921), (0,6765), (1,10575), (2,4401), (1,8016), (1,10320), (1,2898), (1,4947), (2,4407), (1,8534), (1,8280), (1,7771), (1,8539), (2,318), (2,2110), (0,7039), (0,7040), (1,9058), (2,2886), (0,8070), (1,3177), (1,6250), (1,16490), (1,15467), (1,16491), (1,16494), (5,2547), (0,6798), (2,2899), (1,2420), (1,17012), (2,7766), (1,14197), (1,14709), (1,5494), (1,13433), (5,4094), (0,6810), (0,10138), (1,14203), (4,6175), (1,8573), (4,6690), (1,8575), (5,2564), (0,6303), (0,8871), (1,8589), (2,6258), (1,8082), (2,1652), (5,5913), (1,18071), (2,3193), (1,7320), (5,4637), (1,7577), (1,13977), (1,8346), (1,13466), (2,1661), (2,3711), (4,6212), (1,4771), (1,10153), (1,7861), (1,10934), (1,15799), (4,5470), (0,6874), (1,2492), (0,9692), (5,4418), (4,7011), (1,8384), (0,7394), (4,7015), (1,8389), (4,6508), (0,10729), (1,716), (2,1453), (0,6379), (1,2509), (4,8816), (2,2993), (0,6896), (4,1909), (2,4019), (0,8946), (4,1912), (2,183), (1,8150), (0,6390), (1,17623), (1,16601), (1,730), (1,987), (1,13022), (1,15582), (1,17630), (1,8418), (1,7907), (4,391), (2,6085), (1,7913), (4,653), (1,6378), (1,18411), (4,657), (1,15086), (1,15087), (2,4817), (2,466), (2,6866), (1,14068), (1,18932), (3,1975), (4,8859), (1,14586), (3,1981), (1,9468), (4,421), (1,2562), (5,2438), (1,17155), (1,5640), (5,2703), (5,3983), (1,7947), (4,688), (1,9485), (2,239), (1,5646), (1,15630), (1,18447), (1,5904), (1,8465), (4,6325), (1,14611), (1,14867), (1,6164), (4,442), (4,6075), (1,10011), (1,5918)
muletas	(1,7809), (1,9825), (1,9843), (1,9657), (1,9673), (1,9356), (1,9838)
reducido	(5,4564), (5,678), (3,1147), (3,1852), (3,2204)
botijos	(2,6499), (2,6484), (2,6584), (2,6428)
catecismos	(2,6361)
decid	(2,226), (4,4776), (1,9221), (1,13893), (1,15481), (2,155), (2,124), (2,109), (1,16413), (1,14974)
levas	(1,5315)
levar	(3,424), (0,424)
santamente	(4,8229), (1,18116), (4,8876)
gacetillas	(2,1720)
valate	(4,2463), (4,7247)
aranazo	(2,6627)
reducida	(5,709), (5,2258)
tostadores	(2,5517)
zeloso	(0,4051)
reacio	(5,1004)
concentraba	(5,3240)
humanas	(2,4177), (2,1623), (1,7657), (2,1803)
melena	(1,1796)
cabezas	(0,10881), (2,6309), (4,746), (2,4296), (2,170), (3,76), (2,5421), (2,782), (2,433), (2,5585), (1,12272), (5,2678), (2,1172), (0,2456), (5,4447), (2,1853), (5,4130)
hombrecillos	(1,18263)
despuntan	(1,16641)
andadas	(1,1159), (0,413), (2,1087)
elegante	(4,8360), (3,2730), (2,3850), (5,4766), (5,4112), (2,6686)
optimista	(2,4067)
despuntar	(1,3290)
tornando	(4,6131), (4,8694), (4,2487), (4,6017)
sofocada	(5,452), (2,5945)
tramite	(5,1211)
coadyutor	(3,956)
sobrados	(5,2924)
sofocado	(2,3357)
antieconomico	(5,503)
viniere	(4,1222), (1,13992), (4,1901), (1,5578), (0,5388), (0,1102), (0,5166), (4,8274), (0,5936), (0,1810), (4,2584), (0,10166), (1,14041), (0,5370)
refrescos	(0,5387)
afueras	(2,8036), (5,3752)
acartonado	(2,3234)
indirectly	(1,19233), (4,9157), (2,8309), (5,9132), (0,13977), (3,3280)
popallos	(4,8066)
ventosilla	(4,6158)
viniera	(3,866), (0,3007), (4,4470), (1,7541), (4,7338), (1,5753), (1,3323), (4,5918), (4,1041)
renovando	(1,13072), (1,7906), (5,3181)
elaborase	(5,501)
disputarle	(5,7166)
huidoscuestion	(5,8821), (5,463)
orino	(4,3273)
ensalmanos	(4,8091)
reciproca	(5,5547), (5,5533)
tiernamente	(1,2483), (1,14517), (1,12826), (1,9020)
ubieran	(0,800), (0,801), (0,802)
trazaron	(1,10862)
entranablemente	(3,2688), (5,7059)
precepto	(5,1893), (3,212), (5,1879), (1,16759)
blasfemias	(5,1601)
inclinase	(1,6234)
madera	(0,3233), (2,100), (0,9795), (2,3527), (5,3154), (0,5933), (0,10706), (1,7093), (0,3829), (0,3830), (0,471), (0,472), (2,91), (0,10009), (0,3834), (0,3643), (0,10395), (0,3645)
indirectos	(5,3796)
disminuyendo	(5,233), (5,6163)
legajos	(2,4115), (2,7435)
chancilleresca	(4,7976)
entendereis	(0,4864), (0,1507), (0,5077)
improperio	(4,8386)
bacia	(0,9772)
besalla	(1,10092)
artereal	(2,6659), (2,4518), (2,2030), (2,2414), (2,1535)
bailar	(1,385), (1,2369), (1,869), (1,16695), (5,764), (1,1241), (2,1690), (1,9962), (1,1355), (1,17420), (1,17341), (4,6626)
revienta	(1,14816), (4,7206), (0,10987), (1,16716), (1,11759)
lagunas	(3,2149), (3,2406), (3,2551), (2,507), (3,2156)
madero	(0,6576)
comunique	(1,3926), (1,18189)
seamos	(0,1184), (2,5237), (0,1079), (0,1160), (4,5583), (2,5470), (1,16333), (0,1181), (0,1437), (4,4401), (0,1166)
dioseme	(1,15803)
quitosele	(1,14555)
usanza	(0,1599), (4,3587), (4,6756), (4,4680), (1,13349), (4,6826), (0,10310), (0,10120), (4,846), (4,1656), (0,7988), (4,8219), (0,10491), (4,865)
algazara	(2,5285), (2,343), (0,6953), (0,6938)
prescio	(0,4655), (0,4850), (0,3813)
desdicha	(1,2965), (4,928), (1,2957), (2,3391), (1,8974), (1,18750), (1,2895)
lucro	(5,3732), (2,1752)
mazorca	(4,4560)
curiosos	(5,4757), (4,102), (2,105), (4,108), (2,7418), (5,7693), (0,315), (5,7634), (4,66), (1,17759)
valaos	(4,2458)
allende	(0,5168), (0,5073), (1,1957), (0,2489)
quierele	(0,5769)
rotunda	(5,7170)
ballesteras	(1,3348)
escapados	(5,1074)
carbones	(4,8452)
conciliando	(5,5014)
leves	(5,4009)
consenti	(1,16775), (1,17452)
llegaredes	(0,4819), (0,5076), (0,5080), (0,5145), (0,4926), (0,5230)
patetico	(2,4099)
diosele	(1,18393), (1,5902)
acontescio	(0,8737)
arracadas	(4,792)
legaciones	(5,6020)
bacin	(4,3594)
diosela	(1,5895), (1,5594)
melcochas	(4,964)
patetica	(2,5570), (2,1030), (5,1068), (5,7329)
vasallojuan	(0,5796)
proponia	(5,3193), (3,1656), (5,5087)
recipe	(4,8019), (4,7948), (1,8267), (4,7103)
hermosos	(2,6755), (1,8963), (1,16532), (3,1143), (1,3109), (1,3512), (5,6204), (5,5661), (1,6314), (1,13468), (5,4753), (3,368)
friamente	(2,7284), (2,6983), (2,3758)
alfonso	(5,4724), (5,7750), (1,14914), (5,7752), (5,7756), (5,7966), (1,15067), (5,7168), (5,7968), (1,14607)
informo	(3,434), (4,2883), (1,9047), (0,7737), (4,8702), (0,7596)
cibuy112	(0,10614)
hortigosa	(1,15905), (1,15925), (1,15933)
tomillo	(2,5432)
intercalaban	(5,4092)
cumplais	(0,1359)
tocan	(2,5810), (1,2243), (2,312), (1,8747), (1,7309), (1,11165)
trazarla	(0,13158)
serenamente	(2,2704)
informe	(3,419), (3,421), (3,2853), (5,4011), (3,1835), (0,585), (5,2928), (3,2926), (5,4786), (3,1658), (5,2556), (5,3710), (0,13403), (5,7233), (5,2627), (3,258), (5,4356), (3,395), (0,809), (3,526), (5,2512), (5,4821), (3,2516), (3,535), (5,1242), (5,8346), (3,2332), (5,2976), (5,4067), (5,5923)
criadas	(1,9569), (1,10466), (1,15778), (4,4743), (1,16359), (1,10025), (1,10729), (1,14706), (1,760), (2,3162), (1,6777), (1,9274), (1,9594), (1,10429), (1,12477), (1,10497), (1,9538), (1,9928), (1,10635), (1,11275), (1,9613), (1,10126), (4,563), (1,9552), (2,3123), (1,9939), (1,2586), (1,12442), (1,10459), (1,9885), (1,10718), (1,15838)
dejaramos	(2,938)
diosa	(4,6164), (1,8420), (4,6169), (1,446), (5,946)
informa	(0,2354)
tocas	(1,9233), (1,10737), (1,8466), (1,1621), (1,8469), (1,18342), (1,18839), (1,11258), (1,18331), (1,10477), (4,1553)
senadoley	(5,8820), (5,462)
valdivia	(3,2914), (3,2467), (3,1706), (3,1963), (3,1901), (3,2861), (3,2542), (3,49), (3,2290), (3,1459), (3,2933), (3,2358), (3,1531), (3,1212), (3,2556), (3,2687), (3,2497), (3,2691), (3,1866), (3,2506), (3,2762), (3,2318), (1,8652), (3,2703), (1,7693), (3,1617), (3,2001), (3,2580), (3,2714), (1,7770), (3,2333), (3,1184), (3,2464), (3,1633)
diose	(1,4276), (1,15081), (2,7933)
tocar	(5,6052), (1,16738), (1,2148), (1,5896), (1,9960), (1,4937), (1,4394), (1,5706), (5,271), (1,9931), (4,8111), (1,17648), (5,4374), (1,1043), (3,822), (5,3064), (5,7673), (4,7353), (1,11382), (5,2492), (1,5756), (1,10108), (1,9885)
tratemonos	(1,8322)
meritos	(2,7361), (5,375), (5,4439), (2,1127), (4,5993), (5,6059), (5,4622), (2,4478), (5,1442)
editions	(3,3362), (4,9253), (0,13731), (2,8391), (0,13734), (1,18983), (1,18986), (5,8882), (4,8915), (5,8885), (4,8918), (1,19315), (3,3030), (3,3033), (0,14071), (2,8059), (5,9214), (2,8062)
sorolla	(4,1059)
aucahuincas	(3,2698), (3,1215), (3,1776)
quixadas	(4,3913)
tocad	(2,4112)
doblados	(0,3534)
regencia	(5,6616)
hermosas	(1,11520), (1,10402), (1,14307), (1,14308), (4,2920), (4,1162), (1,2057), (1,7273), (1,2059), (1,13419), (1,270), (1,11214), (4,8440), (4,4986), (1,15576), (1,1340), (2,3838), (1,11517), (1,15709), (1,3166)
reciva	(0,2502)
consistian	(2,679), (2,6061)
estrechura	(4,5976)
agradecelle	(1,9018)
fundaban	(5,712)
recivi	(0,2002), (0,3347), (0,3179), (0,5819)
acrescentamiento	(0,9522), (0,4622)
turbase	(1,14111)
ymbiaron	(0,3050)
extremada	(5,2295), (4,104)
ilusoria	(5,2105)
jaula	(4,2916), (2,3730), (1,18943)
pestiferos	(4,8442)
jovialidad	(2,2714)
extremado	(2,4219)
arrostrar	(3,116), (5,5139)
acabara	(4,6131), (1,3057), (1,17937), (5,4326), (4,8296), (1,9113), (2,2830), (5,4899)
peregrinas	(1,14155)
hablada	(5,3564)
ensalmar	(4,5780)
hacellas	(0,1845)
importunidades	(1,9448)
indicada	(5,2954)
informaba	(0,7592)
zalameros	(2,2683)
asentaban	(1,4828)
ensanchando	(3,88)
juramento	(5,932), (3,1827), (3,165), (1,10276), (0,11908), (0,2373), (1,1704), (1,10280), (1,10091), (0,5643), (1,10220), (0,13451), (0,1871), (1,10289), (0,1873), (3,1654), (0,1876), (0,2068), (0,1686), (0,5463), (2,1691), (1,16186), (0,1882), (0,4570), (3,1919), (0,2207), (0,352), (1,10241), (2,5155), (2,5158), (0,9576), (1,11913), (5,2831), (3,1614), (1,18829), (3,1875), (1,10193), (0,306), (1,10261), (1,18200), (0,2553), (0,4540), (1,10271)
remaining	(5,9124), (0,13969), (3,3272), (1,19225), (4,9149), (2,8301)
indicado	(2,1063), (5,5290)
dinerito	(2,3635), (2,7509)
respondeme	(1,8800), (2,2967), (1,2380), (1,13038)
habemos	(1,9921), (1,4674), (0,9377), (0,9409), (4,6246), (1,12067), (1,2724), (1,2502), (1,2667), (0,11404), (0,11405), (1,17810), (1,12052), (0,980), (4,1272), (1,2134), (1,3419), (1,10939), (4,6399), (1,9116)
atlante	(1,522)
dispararon	(1,7507)
primitiva	(2,6042), (2,6029), (5,6707)
proclamadas	(5,3533)
recita	(5,3087)
emprendidos	(5,3731)
postreros	(1,5118)
despojo	(1,4583), (1,4216), (1,6120), (1,3359)
falsedad	(1,10421), (5,7850), (1,10598), (3,2154), (5,7852), (2,2602)
arevalo	(0,390), (0,2712), (0,1849), (0,12172)
tornalecho	(4,7667)
variaciones	(4,228), (2,6058)
rimadas	(5,6920)
hendida	(1,11412), (2,255)
filipinas	(0,7615), (0,13122), (0,6602), (0,6607), (0,80), (0,208), (0,3923), (0,852), (0,11992), (0,4697), (0,220), (0,10076), (0,11996), (0,4192), (0,12001), (3,645), (0,5733), (0,13541), (0,3175), (0,13544), (0,4715), (0,12651), (0,13165), (0,110), (0,6000), (0,9200), (0,6261), (0,119), (0,3959), (0,4727), (0,6264), (0,6009), (0,6265), (0,12025), (0,5629), (0,13310), (0,3967), (0,3968), (0,6272), (0,3201), (0,4737), (0,642), (0,4740), (0,5637), (0,9350), (0,3207), (0,4616), (0,6024), (0,13448), (0,13576), (0,9609), (0,6026), (0,4109), (0,9613), (0,3983), (0,5647), (0,6032), (0,3858), (0,5651), (0,9363), (0,3222), (0,5910), (0,5911), (0,6041), (0,12954), (0,4638), (0,6302), (0,161), (0,6050), (0,12066), (0,3879), (0,12072), (0,4649), (0,6315), (0,5804), (0,6317), (3,849), (0,3886), (0,818), (0,5938), (0,9394), (2,6392), (0,5944), (0,11960), (0,5306), (0,6074)
figurandose	(5,7927)
primitivo	(2,2418), (2,1870), (2,1871)
delicia	(2,7777), (1,13730)
reduciendose	(5,2930)
burriel	(1,18357)
hojas	(0,6399), (0,481), (0,514), (4,5926), (4,8294), (5,8327), (1,12071), (4,8213), (0,13137), (4,6678), (4,8214), (4,8375), (1,11956), (4,6045), (3,925), (5,6435)
encajes	(1,18548)
huyeron	(1,2465), (0,7393), (0,10628), (3,1066), (0,8648), (0,9964), (0,10508), (2,786), (0,8593), (3,341), (0,10516), (0,8597), (0,10133), (0,8119), (0,7385), (0,7547), (0,8955), (0,10555), (0,9789), (0,7390), (0,8670)
acabase	(1,13074), (1,17717), (4,7506)
socarroneria	(2,2441)
indicaba	(2,4613), (2,3962), (2,2875), (2,4587), (5,1359), (2,5676)
escarcelas	(1,6752), (1,6674)
ilusorio	(5,1880)
villaruinas	(3,980)
hablado	(1,8801), (2,2629), (0,7749), (1,5735), (0,8744), (2,3853), (1,913), (1,13267), (1,16275), (2,3830), (0,8180), (1,1238), (1,3767), (2,4344), (1,12538), (1,17466), (1,6429), (1,6589)
reviente	(4,5824)
pasamos	(4,5539), (0,7023), (0,10367), (0,10559), (1,17680), (0,9776), (0,9841), (0,6227), (0,10422), (0,9884), (4,6321), (0,10893)
senalen	(1,1627)
escuadron	(1,18509), (1,18525)
trajes	(1,12855), (1,5117), (1,13359), (1,14255)
hermosea	(4,7547)
senales	(0,9536), (4,6152), (3,1385), (0,12102), (1,6633), (5,2542), (1,4458), (1,7403), (2,5710), (1,7346), (1,2100), (1,5364), (1,16437), (1,6646), (1,10167), (0,2455), (1,9273), (1,16441), (1,9083), (1,6461), (1,16255), (1,6656), (1,9281), (3,1542), (1,6917), (1,9029), (1,1543), (1,11081), (1,2314), (1,12746), (1,8971), (4,8048), (1,7055), (1,15632), (1,1553), (1,8594), (1,16466), (1,8149), (1,9045), (3,1753), (1,10775), (3,1563), (5,6626)
teniamos	(0,10303), (0,10527), (4,425), (0,6693), (0,11270), (4,397), (0,10603), (0,10635), (0,6284), (0,6766), (0,7087), (1,9296), (1,14768), (1,5587), (0,7637), (0,10261), (0,10293), (0,10549), (0,7351), (0,10711), (0,10457), (4,2400)
siguridad	(0,7759), (0,8037), (0,8862)
heroicamente	(5,6842)
ciudadreal	(1,17414)
supuestas	(5,7751)
calabazadas	(1,15584)
tinelo	(1,17347)
privaciones	(3,83)
idoneo	(5,3185)
expedicionarios	(0,817), (0,833), (0,358), (0,438), (0,519), (0,489), (0,460)
madeja	(2,3602), (1,7402)
quierese	(5,6314)
despoticos	(5,5787)
httppglaforgfundraising	(4,9190)
desmenuza	(5,6919)
encamino	(1,2082), (1,11359)
pobleis	(0,5186)
zabordo	(0,10472), (0,10189)
respondere	(1,16505)
equivocados	(2,2277), (2,4375), (2,4928)
antepone	(5,6185)
hacelles	(0,10768), (4,5686), (4,5677), (4,5678)
respondera	(1,14992), (1,12455), (1,8635)
gatunas	(2,2685)
acabame	(1,1924), (4,752)
amohinarse	(1,2452)
encamine	(0,9488), (1,2338), (0,9252), (0,4517), (4,1582)
patages	(0,5967)
xarcias	(0,1575), (0,4263), (0,1496), (0,3756), (0,3758)
encamina	(5,5366)
cuaquero	(5,473)
galeoncete	(0,9555), (0,9542), (0,9782), (0,5864)
permaneciendo	(4,164)
ponzonosas	(0,469)
descubrieren	(0,3456), (0,4833), (0,3421)
tomaredes	(0,5081), (0,5034)
perecieron	(5,7366), (5,3866)
sudueste73	(0,6027)
disuelven	(2,870), (2,2794)
cosidos	(1,1110)
rescataban	(0,492)
enamorole	(1,11270)
anduvieron	(0,6738), (3,1766), (0,4022), (1,13354), (0,7355), (3,1103)
papuas	(0,2802), (0,2538), (0,12780)
correspondido	(5,6031)
entender	(1,3618), (0,6724), (0,8004), (0,3141), (0,5446), (1,16681), (2,4364), (4,7887), (0,9293), (0,8786), (1,16947), (0,8787), (0,9044), (1,12854), (0,3158), (1,15159), (0,6743), (1,11576), (4,7900), (2,2589), (1,13118), (0,6494), (4,8422), (2,2597), (1,17988), (1,15946), (1,8783), (4,6899), (1,2129), (0,6768), (1,4947), (0,7283), (0,116), (2,6712), (0,7288), (1,17755), (0,7036), (1,4446), (0,6014), (1,18016), (1,13153), (1,17249), (0,6532), (1,14182), (1,11367), (1,8040), (0,648), (0,5004), (1,4975), (1,11894), (0,5271), (0,5021), (0,6562), (0,8872), (0,7850), (0,2987), (0,684), (1,8845), (1,13453), (0,11950), (1,16527), (0,5039), (4,565), (4,2357), (0,7090), (1,16276), (2,4471), (0,9398), (0,7351), (1,13209), (1,1948), (0,191), (1,3237), (1,15789), (1,17839), (0,6096), (0,9425), (1,6836), (0,9430), (1,1466), (1,18618), (0,7390), (1,194), (1,4550), (0,13545), (0,7914), (4,2418), (1,16849), (0,4081), (0,9457), (1,6868), (0,9460), (0,10741), (1,16602), (0,9467), (1,16865), (1,17377), (0,9221), (0,9225), (0,9481), (1,2539), (0,6410), (0,7434), (0,7180), (0,9232), (1,17649), (1,18929), (1,10738), (0,7701), (0,6424), (0,4377), (0,4633), (4,6814), (4,6049), (0,6942), (0,7202), (0,9250), (0,7203), (0,6182), (1,4109), (0,4652), (1,11789), (0,2350), (0,1839), (2,6389), (1,3862), (0,6965), (0,7221), (1,10007), (5,924), (0,8508)
halagar	(2,2516), (5,2381)
rebajarse	(2,5901)
valiese	(1,15856), (4,7621)
halagan	(2,2518)
preeminencia	(2,6147), (5,7166)
hostias	(4,1283)
alcanzando	(1,1686)
querais	(2,2170)
allegate	(4,4563)
informado	(0,3423), (0,7743), (2,4742), (1,10981), (0,984), (0,569), (0,3433), (1,17436), (0,972), (1,14941), (0,3150), (0,5038)
oficina	(2,1684), (1,108), (1,7836), (2,3262)
ominosos	(2,3174), (2,5565)
inventora	(1,17420)
entended	(1,15006)
hablaba	(1,579), (2,3204), (1,7460), (4,6088), (5,2826), (2,2120), (2,3048), (4,653), (2,2412), (5,6607), (1,14124), (2,4302), (2,6958), (2,4304), (0,6895), (4,1044), (1,2899), (0,8467), (5,2618), (1,6135), (1,377), (1,633), (0,7646), (1,10559)
throughout	(0,14016), (4,9196)
arcabuzes	(0,6657), (0,7523), (0,7493), (0,8457), (0,6955), (0,7533), (0,9966), (0,4146), (0,6516), (0,1206), (0,10583), (0,6488), (0,6490), (0,10554), (0,3739), (0,8157), (0,8670)
unieron	(3,1734), (2,1371)
admitira	(1,976)
dedal	(1,18721), (1,786), (4,456), (1,793), (1,921), (1,923), (1,796), (1,927)
listados	(4,1388), (4,1391)
rubies	(1,436), (1,3021)
ingredientes	(5,5034)
creyeron	(1,7172), (0,8230), (1,3177), (1,9065), (5,7791), (1,11179), (1,17774), (5,308), (0,816), (1,6484), (1,10548), (1,15444), (5,2429), (1,17787), (1,17790)
escandaloso	(5,2351), (1,6956)
esperaran	(4,4469), (1,6405)
apatia	(5,3906)
informada	(1,7018)
oficios	(1,17378), (1,5283), (0,1347), (0,3718), (0,3719), (4,5965), (0,3722), (1,2993), (0,1745), (0,3729), (0,3797), (1,14136), (0,6363), (1,893), (1,5117), (1,16381), (0,1695), (0,612), (1,17669), (0,4390), (1,18184), (1,533), (1,8280), (0,632), (1,8475)
conflicto	(2,3875), (5,7290), (5,3564), (5,8812), (2,1051), (2,4171), (5,3505), (5,82), (2,1295), (2,976), (5,2963)
levadizo	(3,1510), (2,5029), (3,1304), (3,1896), (2,5017), (3,1356), (3,1646), (2,558), (3,145)
sabidas	(5,3964)
vanos	(1,1417)
cobarde	(1,10944), (1,5505), (1,18691), (2,6629), (1,6442), (1,6925), (1,17261), (2,6452), (2,1270), (2,152), (2,1016), (2,316), (1,5563), (2,1021)
escandalosa	(2,192)
docilidad	(3,855)
gravisimamente	(0,8281)
austera	(5,3604), (5,215), (5,4942)
llamareis	(4,4792)
transparentes	(1,11804)
malvasia	(4,5762)
pujanza	(5,1922)
avivandolo	(5,5198)
jacomina	(4,4883), (4,4852), (4,4789), (4,5867), (4,4846)
chupan	(3,1898)
esperarlo	(5,566), (1,890), (5,4481)
presentimiento	(2,3384)
avivandole	(1,10530)
discutiera	(2,2288)
acabais	(1,15299)
churucoco	(0,10023)
quimeras	(3,82), (1,1019)
buchananelecciones	(5,1174), (5,8828)
laico	(5,4121)
valerian	(4,4271)
grandisima	(1,12706), (1,4771), (1,9572), (2,6040), (1,5112), (1,7915), (1,16395), (1,10572), (1,14108), (1,9710), (1,11470)
valiera	(4,7228)
afeoles	(1,8685)
comodo	(5,2596), (2,3606), (0,3621), (0,12985), (2,2816)
reglamentaria	(2,2099)
tornamos	(0,11186)
respondiere	(1,12455)
respondiera	(1,10501), (1,16053), (4,3339)
grandisimo	(1,9923), (1,13990), (1,13735), (1,4458), (1,7850), (1,17802), (1,12811), (1,9010), (1,5398), (4,8250), (1,17560), (1,4090), (0,8857), (1,8157), (1,15710), (1,15519)
comoda	(5,5030), (2,3526), (2,3640), (1,16167), (2,3534), (1,12159)
distante	(3,1011), (3,1043), (3,1635), (0,417), (2,2915), (3,1013), (3,1286), (3,2617), (1,15144), (3,619), (0,5704), (3,943)
adivinase	(5,4263), (5,6141)
palabras	(0,2114), (2,5893), (1,13092), (5,1705), (0,8516), (1,16166), (1,12841), (2,2320), (5,2232), (4,5592), (4,6876), (5,6845), (1,13881), (4,6878), (0,12891), (4,6881), (1,18496), (1,5697), (2,7459), (4,6886), (4,6888), (4,6891), (1,16200), (5,7118), (4,6894), (1,14411), (1,3405), (0,8560), (1,10581), (5,474), (5,5850), (5,7898), (5,4316), (1,4952), (5,3807), (0,6779), (0,13691), (1,18780), (2,4416), (5,3556), (0,2178), (2,1349), (4,1799), (1,16740), (0,6789), (2,1608), (2,2121), (2,6473), (1,13676), (1,13167), (5,5876), (2,2130), (0,5520), (1,6259), (0,2198), (5,4347), (5,508), (4,4891), (1,14458), (4,4895), (1,17788), (0,156), (2,5216), (4,5924), (5,4869), (2,3427), (5,3591), (2,5221), (2,3944), (0,680), (2,1137), (1,18576), (5,3351), (2,3956), (2,2935), (1,17814), (1,10647), (1,17817), (0,3004), (2,6270), (0,3005), (1,10655), (2,3970), (2,1667), (5,3112), (2,7557), (1,1446), (2,5257), (5,813), (4,6988), (4,7244), (1,5290), (4,590), (4,337), (2,659), (1,1458), (1,948), (5,569), (1,8886), (4,2395), (1,1466), (1,10426), (1,1471), (5,4421), (1,1475), (5,6727), (1,13251), (1,7876), (0,7140), (1,13520), (1,6865), (0,6896), (0,6897), (1,1491), (5,4696), (2,3769), (0,6903), (1,7896), (2,443), (2,1979), (1,13530), (1,4316), (2,7869), (0,765), (1,12767), (4,5510), (5,362), (5,2923), (1,13031), (5,876), (2,4041), (1,1515), (2,2252), (1,3051), (1,4331), (1,13036), (5,5489), (5,1651), (1,3567), (0,783), (1,1014), (2,6615), (1,7670), (2,1496), (0,2840), (5,3709), (2,6362), (0,2329), (5,7295), (1,15868), (4,8353), (0,8477), (1,7167), (5,132), (1,12288), (2,6370), (0,2337), (4,4261), (2,996), (4,8358), (1,13060), (1,16388), (1,16389), (2,487), (1,11014), (0,2086), (0,7206), (0,7719), (0,8999), (4,8364), (2,7659), (5,5264), (4,8111), (5,4500), (1,13076), (1,16916), (5,1945), (1,13589), (1,15382), (1,279), (4,1982), (2,256)
abrazaba	(2,4068), (2,5158), (1,7317), (1,9109)
cabezon	(1,11246)
esperarla	(1,6157)
andados	(0,9221)
despachado	(0,1903), (0,1904), (3,2357), (0,6930), (0,12984), (0,3482), (0,5818), (2,6796), (0,5438), (0,8126)
usando	(3,835), (1,1827), (2,2071), (3,1752), (2,5432), (5,6636)
deducirse	(0,13220)
xiiicomo	(4,8678)
entendis	(0,3158)
ascendiente	(5,2669)
canoillas	(0,10221)
deseosa	(1,18600)
provenia	(2,5024)
pechera	(2,7879)
entendio	(1,2659), (1,6890), (0,5711), (0,7119), (1,2419), (0,6811), (0,8219), (1,10558), (0,7265), (0,8289), (0,8930), (0,9443), (0,6628), (0,7204), (1,3975), (0,7206), (0,13414), (0,8938), (1,3216), (0,8049), (0,9394), (1,15382), (1,6424), (5,5919), (0,6586), (1,12125), (1,7967), (1,9951)
entendia	(1,3168), (2,1988), (0,8809), (1,3307), (3,816), (1,3247), (0,8334), (0,8082), (0,10418), (0,8051), (0,6325), (2,5721), (1,17113), (0,7645)
esperaron	(1,4258)
deseoso	(1,2065), (4,5092), (3,1799), (0,7620), (5,5165), (1,13002)
lean	(5,1152), (4,8352)
leal	(0,5537), (5,3319), (5,1899), (2,2111), (2,7071), (2,7327), (4,2690)
resultaria	(5,454), (5,5340)
goarde	(0,5886)
provenir	(3,2129)
pusieremos	(1,10087)
lcomo	(4,8813)
sugerida	(2,6623)
tovieremos	(0,1158), (0,1179)
moralistas	(5,4035)
cadenas	(2,5026), (1,7810), (1,2470), (1,6505), (2,5451), (1,16047), (0,6962), (1,16054), (1,2840), (1,2841), (0,4920), (1,2459), (5,546), (1,16063)
pantalones	(2,7640), (2,266)
audaz	(2,6645), (5,3433)
cesareas	(0,2211), (0,2053), (0,2149)
descuento	(1,13920), (1,13990), (1,6074), (1,5531), (0,1405)
