vivificante	(5,3269)
movil	(2,1611), (5,1631)
futura	(5,5558), (5,474), (5,2155), (4,8285), (5,5583), (4,383), (5,2208), (5,7411)
pescuezo	(2,7381), (4,7451)
defecto	(3,1555), (5,5862), (2,3828), (5,5655), (2,3830), (0,1719)
sangrar	(0,6751), (0,7983), (0,8815), (0,6803), (0,6795), (4,6592), (0,8829), (0,8766)
movio	(5,1543), (2,7332), (1,3204), (1,8709), (1,7848), (1,13160), (2,3629), (0,5644), (1,6225), (2,3736), (1,7641), (5,6337), (1,9021)
copas	(2,1675), (2,7547), (2,7563), (2,4412), (2,5088)
escondidita	(1,15403)
tempestad	(3,2243), (1,7937), (2,4503), (5,171), (2,3912), (5,3356), (2,4857), (5,864), (5,2544)
ganapan	(4,2326), (1,17533)
gramatico	(5,6245)
perdiste	(1,2944)
boam	(0,13466)
alabar	(1,736), (1,16258), (1,5027), (1,13107), (1,12885), (1,18693), (1,16982), (1,14521), (1,16985), (1,12542)
movia	(1,3953), (2,953), (1,13368), (2,1739), (1,7947), (2,3598), (1,17982), (1,15983)
alaban	(1,2481), (1,11554), (1,8123)
pellejo	(2,3556), (1,16597), (2,252)
convenible	(0,2135), (0,3448)
velitre	(4,2439), (4,5928)
sobresaltar	(1,9457)
guisa	(2,1137), (1,18612), (5,1019), (4,7083), (2,5050), (5,3934), (5,2672), (0,8574)
septiembremejicocarta	(0,5554)
guise	(0,2288), (4,7724)
votaciones	(5,3236), (5,453), (5,396)
cerros	(3,1055), (3,2320), (3,1089)
ofrescieren	(0,5254), (0,5261)
defects	(5,9079), (0,13924), (3,3227), (1,19180), (4,9105), (2,8256)
chamurre	(0,9908)
retama	(4,4485), (4,6946)
determinaredes	(0,1705), (0,5195)
colega	(5,886), (5,439), (2,1495)
guardare	(0,2016), (4,3768), (0,13049)
demasiado	(5,2148), (5,2149), (2,3650), (5,3560), (5,5864), (5,6504), (5,2539), (5,684), (5,816), (5,5616), (5,5680), (2,3982), (5,4145), (5,6321), (5,2227), (5,564), (5,245), (2,2066), (2,2323), (5,3769), (5,6266), (5,6396), (5,4221), (5,510), (0,6105), (5,1088), (5,1665), (5,5507), (5,773), (2,1378), (5,2951), (5,6089), (5,5452), (3,2188), (5,3215), (2,6962), (5,1494), (5,1815), (2,2484), (5,3352), (5,5273), (5,2202), (5,1564), (5,5983), (2,7484), (1,10779), (5,226), (5,6690)
boca	(1,16931), (3,2536), (1,9000), (1,17452), (2,3854), (0,6481), (2,1300), (0,6482), (1,16436), (1,6456), (2,3354), (1,17723), (1,17212), (2,6688), (2,7717), (4,6889), (0,6505), (2,1838), (4,3314), (1,10324), (1,9301), (0,10868), (4,3838), (1,11355), (2,2629), (1,5224), (4,7950), (1,10095), (2,2641), (2,3153), (2,6737), (1,18032), (0,10642), (2,7765), (3,1087), (0,7073), (1,12163), (1,8581), (1,16774), (1,3975), (5,1292), (1,139), (1,1419), (1,5260), (1,5007), (2,5491), (0,10161), (1,11924), (1,11413), (2,2936), (1,10647), (1,13467), (1,16540), (1,15006), (1,13472), (2,643), (1,10147), (1,16804), (1,11429), (5,3116), (4,6475), (1,10160), (1,4022), (4,8541), (4,5727), (4,5731), (1,711), (0,10217), (1,3788), (0,6637), (4,884), (4,629), (0,9970), (5,6232), (1,470), (5,7003), (4,635), (1,15578), (2,6078), (2,4809), (2,4298), (1,17131), (1,492), (3,2479), (0,10510), (4,3732), (1,5875), (0,10527), (5,1928), (2,6629), (0,10276), (2,4331), (4,942), (1,2572), (4,1457), (1,16402), (3,475), (2,2554), (1,4121), (0,6970), (1,14875), (1,8220), (2,5630), (1,5405), (2,255), (2,4351), (2,6143), (1,16415)
atacando	(5,5924)
guardara	(0,5376), (0,5539), (0,1800), (2,6603), (1,14603)
uncle	(5,1067), (5,8736)
retratos	(5,7332), (5,5686), (1,8386), (1,7811), (5,4496)
queres	(4,2029)
querer	(1,864), (4,6982), (1,9507), (1,871), (1,12775), (1,16744), (1,4394), (2,143), (0,8525), (1,16625), (1,16564), (3,1527), (1,4535), (4,1819), (1,3576), (0,7704), (0,8280), (4,6365), (1,10682), (1,3515), (2,2013), (2,1822), (2,3104), (1,6848), (1,18242), (2,3428), (4,5672), (1,7429), (0,8869), (0,2918), (1,14408), (1,8779), (4,4209), (1,14478), (1,8592), (1,6226), (1,13715), (1,6165), (1,10966), (1,13591), (1,9496), (1,1241), (0,2937), (5,1951), (0,2618), (1,2719), (1,3103), (0,8574)
arraigados	(5,2229), (5,2472), (5,138), (5,543)
agostorelacion	(0,11933)
quitarles	(1,4751)
naturaleza	(2,1665), (1,1635), (5,4903), (1,7081), (1,11564), (5,7345), (1,14127), (1,16111), (1,17201), (1,16242), (1,11187), (3,1270), (2,4949), (2,6165), (5,763), (2,4057), (2,7707), (1,2236), (1,17662), (1,579), (5,2761), (1,3910), (1,6086), (5,779), (5,7183), (1,14923), (5,2896), (1,3023), (3,2130), (5,2007), (3,855), (1,2327), (1,8154), (5,3169), (5,4897), (1,14045), (5,162)
124126	(5,8051)
sobresaltes	(1,3641)
proveyese	(0,609), (0,5624), (0,5657)
xviii	(0,12735), (2,3237), (5,6123), (5,3596), (5,1103), (2,3185), (4,2485), (5,5848), (2,3190), (2,4919), (5,5018), (5,7642), (0,12245), (5,4956), (5,5180), (0,11770), (5,4800), (5,4995)
voluntades	(0,2564), (0,2775), (2,4953), (1,14715)
tender	(4,1466)
boba	(4,8007), (1,9204), (1,2053), (1,9205), (4,889), (1,5656), (4,7996), (1,18714), (4,3407), (4,5167), (4,8864)
estranas	(0,7433)
rapacejos	(1,18359)
guardase	(1,14560), (4,7862), (1,14613), (5,268), (1,14861), (1,16590)
murmuraron	(0,7611)
tacon	(5,8711), (5,7128), (5,7067), (5,7056), (5,7073), (5,7105), (5,7090)
desvies	(1,16998)
exclusivas	(5,2485)
expiaron	(5,7542), (5,2730)
desnudez	(5,647)
bobo	(4,5369), (4,2444), (4,2017), (2,5599)
demasiada	(1,9617), (1,8675), (1,1077), (2,3149), (1,4927)
future	(1,19040), (3,3299), (2,8116), (1,19252), (4,9176), (2,8328), (5,8939), (4,8971), (0,13785), (5,9151), (3,3087), (0,13996)
pocos	(2,897), (1,8226), (1,3107), (1,7717), (2,775), (2,776), (5,4781), (1,9386), (1,1199), (1,10671), (2,2065), (1,3378), (3,1527), (0,3926), (2,4123), (5,1215), (1,14652), (5,4675), (5,4804), (5,4932), (1,4035), (0,4450), (1,18630), (5,4556), (0,8295), (1,6089), (2,1963), (1,4684), (5,5072), (5,3153), (1,3407), (5,4949), (3,2839), (5,2908), (3,1564), (1,9562), (5,1375), (1,16091), (4,6015), (1,4957), (1,7646), (4,1157), (1,8802), (1,13026), (5,4072), (2,7624), (1,7271), (0,3719), (5,7788), (2,1484), (3,1070), (4,8722), (1,10735), (5,7284), (3,564), (2,5205), (1,8565), (1,17910), (1,9079), (1,17783), (1,9592), (3,1084), (1,9466), (1,7675), (1,8955), (5,1152), (1,3708), (1,8700), (1,4093), (0,3485), (1,9471), (2,2916), (1,12419), (3,2248), (1,13191), (1,13449), (0,3627), (3,335), (1,14734), (3,338), (1,17297), (1,8083), (5,2840), (1,7701), (5,1178), (2,2295), (0,3894), (5,1436), (4,3643), (1,1177), (1,16665), (2,6011), (1,16794), (3,735), (2,6654), (1,286)
proveyere	(0,9505)
futuro	(4,7238), (5,3144), (5,4618), (4,8682), (5,7342), (5,2643), (5,6323), (5,2069), (5,3222), (5,1496), (5,3773), (4,1759), (5,2944), (4,4895)
tundida	(1,17979)
desconfianzas	(3,2819)
humillo	(1,5222), (1,9244)
armare	(1,3543)
muralla	(3,1510), (0,8692), (3,1304), (1,17319), (1,18830)
inviando	(0,4578), (0,4211), (0,5317)
guardaos	(4,1204), (1,8317)
missouri	(5,1318), (5,232), (5,616), (5,2061), (5,655), (5,1617), (5,629), (5,150), (5,1274), (5,445), (5,1533), (5,672), (5,3234)
destruyan	(2,186)
joyuelas	(1,15857), (0,7126), (0,8204)
sucia	(4,6921), (4,1565), (4,1951), (1,10095), (1,16415)
castigarlas	(1,1698)
apreciaron	(1,6940)
modo	(1,17443), (2,3591), (1,9767), (1,1068), (2,6669), (1,8239), (1,2608), (5,5044), (1,4146), (5,7608), (1,4149), (4,5082), (1,17976), (2,1050), (2,3610), (4,8668), (5,7622), (2,4647), (1,3656), (3,526), (1,17486), (2,560), (5,979), (5,7125), (2,1076), (2,7224), (5,6107), (0,2679), (5,4065), (2,2624), (1,10855), (3,2603), (0,138), (3,558), (2,4685), (1,10860), (4,7696), (1,10863), (4,8211), (3,2615), (1,13433), (4,1055), (2,7262), (1,9854), (1,6273), (1,18562), (2,2148), (1,3719), (0,169), (4,8240), (4,6193), (0,687), (2,2674), (4,566), (5,1049), (3,1112), (1,6294), (1,17561), (2,6269), (2,3712), (1,4256), (1,18084), (1,3238), (1,167), (3,625), (1,10927), (1,3248), (0,210), (4,6230), (3,2681), (1,15031), (1,12986), (1,187), (1,1724), (1,2750), (4,8289), (1,15552), (2,1191), (5,1610), (5,7242), (3,147), (2,3254), (4,4730), (4,6778), (5,2652), (2,5305), (4,636), (2,4284), (5,7776), (1,13533), (2,6848), (2,2754), (1,1763), (1,12003), (1,12517), (2,712), (1,12520), (5,3181), (4,653), (1,5866), (1,16618), (1,6381), (4,5778), (1,6390), (1,9974), (2,5337), (2,5342), (5,7297), (3,1216), (1,3839), (4,6306), (2,3297), (5,1669), (1,3842), (1,3331), (1,17157), (5,1162), (1,11015), (2,6380), (5,6799), (1,17163), (0,13099), (4,690), (0,815), (1,7441), (1,276), (1,8468), (2,1270), (2,6390), (1,18711), (5,1693), (0,3384), (5,3233), (0,317), (4,194), (1,1824), (1,14112), (1,3874), (1,11042), (4,3270), (4,2247), (1,5416), (1,14634), (1,3886), (3,242), (1,1840), (1,9520), (4,5850), (1,6969), (5,4287), (2,3364), (4,6374), (5,2248), (1,9541), (1,4426), (1,15180), (0,2924), (1,4943), (5,1248), (5,5344), (5,4323), (4,2312), (1,3941), (1,1896), (2,4940), (2,7500), (0,10122), (1,11633), (1,13688), (1,16761), (2,2907), (0,13211), (1,15228), (5,775), (1,13187), (2,3430), (5,5900), (2,4971), (5,1808), (5,5392), (5,787), (2,4464), (1,8591), (3,341), (0,7602), (4,3383), (4,313), (4,3388), (4,317), (1,13725), (1,9642), (3,367), (3,369), (4,4436), (1,9649), (1,10673), (5,1334), (1,6069), (3,889), (3,1404), (4,350), (4,2913), (1,1983), (2,5028), (4,2919), (1,18373), (5,5962), (3,2956), (1,972), (1,4556), (3,2448), (1,11728), (2,7090), (5,7511), (1,14292), (3,2460), (2,4540), (4,8579), (2,5058), (1,9697), (2,5571), (0,8196), (4,6025), (1,6119), (1,17895), (5,3949), (1,6640), (1,7156), (4,7579), (5,5504), (2,480), (1,5122), (5,391), (2,5604), (1,16387), (1,6148), (1,14855), (2,1001), (3,1484), (5,6030), (5,403), (2,4593), (1,5137), (1,8217), (1,17945), (1,6682), (1,2588), (2,512)
forzado	(5,900), (5,3749), (0,2753), (5,6054), (1,3206), (1,14059), (5,3216), (0,4123)
hucha	(1,17947), (1,717)
tacha	(1,3024)
postas	(1,18551), (1,5212)
tomaldo	(4,8040), (4,5294)
boda	(1,6243), (1,15878), (4,443), (5,7437), (2,2987)
bovem	(1,17012)
desobediencia	(5,1324)
moda	(5,6230), (2,4564)
sucio	(4,4813), (2,413), (4,7105)
awayyou	(0,13747), (3,3047), (1,19000), (2,8076), (4,8930), (5,8899)
pedille	(4,7240)
punonrostro	(1,10972)
veianse	(1,8723), (2,3722)
guion	(0,13321)
rescibido	(0,7559)
caparum	(1,17999)
desbarataba	(1,9454)
superadas	(5,4377), (5,7169)
chentola	(1,7751)
interesantes	(5,5380), (5,4758), (5,4790), (5,5334), (5,6662), (3,2583), (3,2312), (5,6540), (5,6189), (0,185), (5,5886), (0,284)
embelesado	(1,4946), (1,3125), (1,1046), (1,10566)
boga	(0,10491)
sorbiendo	(2,774)
bautizo	(4,4809), (5,7617)
espantajos	(4,8248)
tomalda	(4,7404)
sobresaltan	(1,1327)
venturosos	(5,5207), (1,9363), (2,348)
queria	(1,6177), (0,7236), (1,551), (1,15143), (1,1064), (1,9257), (1,14633), (4,4054), (0,10580), (1,3894), (4,7389), (1,6458), (0,6747), (1,9020), (0,8543), (1,3137), (0,8801), (4,5610), (0,8806), (1,4424), (1,15945), (1,17482), (1,1100), (2,5423), (0,8813), (1,17487), (1,4176), (0,7791), (0,8815), (1,2387), (1,15956), (4,3834), (4,4349), (0,6777), (1,14939), (4,4351), (0,8827), (0,8828), (1,6753), (1,18018), (1,8806), (0,8839), (4,7180), (0,8841), (0,8076), (1,10866), (1,12406), (1,12407), (1,4216), (1,12153), (1,12923), (1,16507), (1,12924), (1,3710), (1,13694), (1,6785), (0,6816), (1,17027), (1,6278), (1,9608), (1,4747), (1,13964), (1,18574), (1,18575), (4,6707), (2,3186), (4,3382), (1,9620), (2,2680), (0,6583), (4,8252), (1,12442), (4,1086), (0,3002), (0,6842), (1,18589), (0,7101), (0,8895), (1,4770), (0,7105), (1,8866), (4,7241), (0,7110), (1,12199), (0,8903), (4,8268), (4,8780), (2,2444), (4,847), (0,8139), (4,6993), (0,7118), (1,2740), (0,7124), (4,2393), (1,15798), (1,3255), (4,3675), (1,7864), (1,12731), (1,3517), (2,416), (1,1472), (2,3236), (0,3298), (0,7394), (4,5736), (4,3689), (0,7397), (1,9672), (1,4297), (0,6888), (1,13257), (5,5455), (1,14028), (0,6893), (4,4210), (5,2388), (4,6515), (1,12243), (1,3287), (0,9465), (1,18906), (1,10464), (4,2438), (0,8450), (3,1959), (1,13285), (2,4551), (4,8074), (0,9481), (0,10761), (4,4751), (0,7435), (0,10252), (1,17901), (1,2543), (1,17648), (4,6298), (1,14328), (1,17912), (1,7929), (1,4858), (0,10777), (1,13050), (1,4860), (0,10782), (4,8867), (0,10783), (1,16642), (1,6147), (1,7428), (0,10788), (1,12549), (4,2988), (1,17929), (4,4269), (1,3338), (1,4362), (1,8458), (0,2858), (1,5645), (1,4366), (1,3856), (0,7983), (4,950), (5,5527), (1,4373), (1,1814), (1,4375), (1,12312), (1,1817), (1,16409), (1,3611), (0,8763), (1,12572), (1,4382), (0,8766)
viose	(2,5795), (1,9352), (5,2785), (2,5855), (2,7727)
vistoso	(1,7379), (1,12984)
aludiendo	(5,837), (5,766)
desviar	(0,7524)
gramatica	(5,8260), (1,8481), (1,8484), (5,2026), (5,3963), (5,6764), (5,6159), (4,207), (5,6161), (5,7361), (1,16702)
embarcase	(0,3141), (0,11950)
temerosas	(1,10298), (1,10396)
inculco	(2,347)
veces	(4,7108), (0,10304), (1,13349), (1,2087), (5,4527), (2,1039), (4,5588), (1,9271), (0,5720), (1,5691), (1,17982), (5,4035), (1,10304), (2,7207), (1,3146), (1,8785), (5,6614), (2,5684), (4,3578), (5,6110), (1,1115), (2,4159), (1,10849), (0,2692), (3,1577), (1,15466), (1,13420), (1,18032), (5,2037), (0,12434), (0,13458), (0,8852), (2,6232), (2,5722), (5,6141), (5,6143), (1,6269), (5,5639), (5,1546), (4,6185), (0,3750), (1,12433), (5,1559), (4,8246), (5,4124), (5,5148), (2,2170), (1,17571), (5,7721), (0,199), (5,4652), (2,7305), (4,4684), (1,1709), (5,5685), (2,659), (5,6710), (2,661), (1,18614), (5,4155), (1,6843), (5,2112), (1,13501), (5,579), (5,1094), (0,5858), (2,7851), (4,6767), (1,2766), (5,6741), (4,4215), (2,6326), (0,760), (1,15578), (5,2146), (2,5826), (3,2213), (1,8421), (1,13030), (1,18664), (1,18665), (0,9998), (0,3345), (1,14067), (5,2171), (1,13047), (2,1241), (1,18682), (4,159), (5,1152), (1,6908), (4,1188), (4,5796), (4,5801), (4,8363), (0,2345), (0,2347), (3,1231), (5,2705), (1,18704), (1,17681), (5,2711), (1,18708), (4,4283), (5,3747), (1,8481), (1,803), (5,6312), (1,3367), (1,3881), (1,16169), (2,4876), (2,271), (2,1300), (5,7351), (5,3256), (4,5847), (1,12084), (1,13109), (0,11094), (1,14136), (5,4288), (5,6337), (2,2847), (1,3902), (2,1825), (1,8002), (1,16707), (1,14153), (1,3403), (2,3379), (2,5427), (5,5335), (1,4948), (5,5849), (2,3386), (5,4831), (1,16731), (0,2939), (2,1855), (1,4446), (4,4355), (1,9056), (4,5382), (5,5864), (1,872), (1,14697), (5,4846), (0,11145), (1,13675), (1,13677), (1,10097), (0,12688), (1,2419), (1,9588), (5,2297), (5,3321), (0,5524), (0,5525), (1,11638), (0,2454), (1,1914), (1,3962), (2,5979), (5,4863), (1,16252), (1,16765), (0,13213), (3,1346), (1,3456), (5,4358), (1,5506), (1,14725), (5,4875), (4,299), (5,276), (2,2931), (5,3355), (5,4898), (1,4005), (1,10154), (1,17841), (1,9650), (1,3507), (4,345), (1,1974), (5,4924), (2,3994), (5,5438), (1,2492), (4,868), (5,6982), (0,6626), (0,10723), (1,9675), (5,5972), (1,2001), (1,11732), (1,10198), (0,502), (1,10200), (1,2009), (5,4445), (1,4569), (3,2975), (5,4961), (2,5061), (1,10213), (1,17893), (1,3047), (1,18921), (2,972), (1,7149), (3,1459), (1,6132), (1,14324), (4,7576), (1,16373), (5,6011), (1,6647), (1,5113), (1,16890), (1,10236), (1,18940), (5,4481), (1,17918), (2,6624), (5,6019), (5,388), (0,3615), (5,6533), (1,13314), (2,3049), (1,13832), (5,7566), (4,2479), (0,2091), (1,6161), (5,3478), (1,10777), (1,7709), (1,8733)
decaiga	(5,5736)
considerando	(1,2528), (2,7458), (1,15138), (1,3046), (2,7687), (1,10598), (1,17736), (1,15278), (3,2481), (1,17968), (3,531), (4,8244), (3,2710), (0,5427), (0,1367), (1,12120), (2,5342), (0,4830)
malestar	(2,4203)
perfectamente	(2,4434), (2,211), (2,1989), (5,2712), (2,4453), (5,6536), (0,7859), (4,136), (2,3261), (5,7203), (5,7923)
porteria	(1,7393)
abriendo	(3,1732), (1,18370), (1,10565), (3,312), (1,12104), (1,10521), (1,13049), (1,18585), (1,18729), (2,1838)
desbaratada	(5,1831)
atemorizados	(0,7698), (0,7993), (0,9230)
perseguidos	(5,544)
vistosa	(2,356)
martillazos	(2,2273), (2,2148), (2,2174)
libremente	(0,1775), (0,5039), (0,5346), (1,2980), (0,8451), (0,2648), (0,3337), (1,3467), (5,5601)
cumplir	(1,17312), (1,15651), (1,6055), (1,3880), (0,9415), (0,1224), (0,4558), (1,4144), (5,3510), (1,4153), (1,12473), (0,2650), (0,1756), (0,350), (0,2398), (0,2015), (1,3009), (0,5857), (0,2023), (5,4556), (0,2024), (1,5835), (1,16459), (1,15693), (1,14159), (2,2097), (0,624), (0,2032), (1,13010), (1,4691), (1,9939), (0,2039), (0,6903), (1,10456), (1,4313), (0,6012), (0,9469), (1,4580), (0,3974), (1,8941), (1,13679), (3,2994), (5,6389), (0,5527), (1,13948), (0,1438), (2,4577), (1,3210), (0,1194), (1,15627), (1,5388), (1,14476), (5,2450), (3,212), (1,7192), (5,1053)
cumplis	(2,5175)
cartelillos	(2,219)
dedicatoria	(1,81), (5,7736), (1,89), (1,222), (5,7731)
substancia	(3,980), (3,2378), (3,2139), (3,413), (3,1662)
cuarteta	(2,6085)
vias	(1,288), (1,13040), (0,8160), (5,1191), (0,4658), (2,6005), (0,6675), (4,8523), (1,6266), (1,13258), (1,1771)
constase	(5,7607)
vian	(0,7854)
comezoncilla	(2,1592)
moho	(1,709)
pareciendole	(1,7041), (1,13281), (1,9924), (1,9573), (1,2026), (1,9676), (1,12142), (1,6479), (1,2064), (1,6322), (1,10163), (1,6169), (1,8859), (1,9565)
ganchoso	(1,6002), (1,6058)
habiendo	(1,18848), (1,4386), (1,12578), (1,14242), (0,10818), (1,15139), (0,3909), (3,745), (1,7848), (3,1517), (0,8010), (1,12077), (0,4941), (0,13389), (0,5198), (3,2291), (1,9650), (0,12114), (3,2168), (4,7513), (0,8791), (0,4696), (1,6969), (1,10937), (3,1788), (0,9434), (1,13885), (3,2176), (1,2369), (1,4418), (1,7362), (1,13506), (3,1797), (1,9027), (1,12995), (1,17219), (1,7239), (0,5479), (1,7752), (0,8423), (3,2318), (2,5422), (1,7245), (3,1424), (1,17230), (3,2324), (0,9842), (1,15319), (0,4983), (1,1242), (1,18139), (1,7772), (1,3550), (1,14176), (3,1955), (3,1188), (5,872), (3,2726), (3,2215), (1,17002), (4,655), (1,7151), (1,6515), (1,7795), (0,6675), (0,7828), (1,5111), (1,14327), (1,8056), (1,5113), (0,11673), (3,2237), (0,4891), (0,1180), (3,963), (0,8865), (0,5922), (1,16643), (3,966), (1,14341), (0,9765), (3,971), (1,9865), (0,5033), (1,2574), (3,1363), (0,4020), (1,11158), (0,5431), (1,8344), (3,1757), (1,3227), (1,7835), (1,8475), (3,2270), (1,18846)
maggio	(5,4376), (5,4397), (5,8113)
desquiciar	(5,3113)
surtidor	(5,6825)
cuarteto	(5,6211)
officio	(0,11748)
estiende	(1,7552), (1,2020), (1,7830), (1,11580), (1,12110)
ansimesmo	(0,1281), (0,10722), (0,1765)
motley2	(5,5650)
tristes	(2,1508), (1,6118), (1,7078), (5,6957), (1,8713), (1,4492), (2,6831), (2,4016), (2,6001), (1,11920), (1,6646), (1,6649), (5,3136), (1,10556), (1,6173), (1,7455)
contenerse	(2,7309), (1,2814)
estienda	(1,13245)
209211	(5,8428)
guardarlos	(3,2885)
conocian	(4,420), (1,5123), (1,7365), (1,7941), (4,394), (1,7085), (1,6833), (1,8978), (2,3126), (2,1079), (4,3356), (1,15290), (2,605), (4,930)
constara	(0,13002)
encubrireis	(0,2135), (0,4535), (0,2105)
odian	(2,2213)
cumplia	(1,10120)
finiquito	(1,5925), (1,18383)
saberla	(1,7440), (1,12090), (1,8797), (1,16959)
claramente	(5,6341), (0,8353), (1,9029), (1,6857), (2,1388), (5,5584), (0,7283), (2,1815), (5,1819), (5,6427), (5,2367), (0,9020), (5,1986)
abalanzo	(1,9300)
baradas	(0,7060)
haziendose	(0,9265)
protejo	(2,7214)
finjas	(1,3986)
carneceria	(4,5843)
cumplio	(5,2692), (1,11239), (5,2830)
cabellera	(2,2067), (4,3159), (4,2872), (1,18841), (1,11610)
cubriose	(1,9656)
fingian	(3,2193)
vendabales	(0,3983)
academicos	(5,6791), (5,4813), (5,4815)
quimicos	(5,3722)
seguian	(1,11425), (1,7955), (5,1402), (5,7644), (0,6988), (1,8879)
rogada	(4,7125), (4,7112), (1,10505)
saberlo	(3,1922), (1,14438), (1,13095), (1,15239), (5,5902), (1,4957), (2,6287), (1,1087), (3,1345), (5,3523)
vide	(0,11375), (0,11584), (0,10017), (0,11554), (0,11507), (0,9812), (0,10980), (0,10885), (1,2008), (0,11371)
vida	(1,17440), (4,4038), (1,2085), (4,6088), (2,1031), (1,6183), (4,4045), (1,18474), (2,1037), (5,6064), (1,10289), (5,1976), (1,17462), (4,2010), (5,4029), (1,15417), (2,1052), (1,10301), (5,4034), (2,5151), (2,1056), (5,4036), (0,13407), (1,14404), (2,4134), (1,17477), (1,3144), (2,4138), (1,8265), (1,11337), (1,16458), (1,5202), (1,3155), (4,5110), (5,7128), (5,5082), (5,6108), (2,4158), (1,14429), (1,16478), (1,16480), (0,1156), (1,15462), (5,5100), (1,1130), (4,4109), (1,18539), (1,17517), (5,6131), (2,4178), (1,17522), (5,1019), (5,2043), (4,3106), (1,129), (1,17539), (4,5159), (4,4138), (1,14473), (1,1167), (1,5266), (1,1171), (1,16531), (2,7286), (1,14488), (4,1085), (4,2109), (5,6174), (1,11419), (1,15517), (4,3142), (1,7335), (4,3149), (5,4144), (5,6192), (5,7218), (2,3217), (1,16560), (5,7221), (2,3220), (1,4278), (1,9398), (1,9400), (5,6207), (4,5215), (1,17597), (1,190), (4,5218), (5,7241), (1,199), (4,6250), (4,2157), (4,6253), (4,6255), (1,5324), (5,7248), (5,7249), (4,5234), (5,5203), (4,2163), (1,1233), (1,15571), (4,5244), (4,4221), (4,7300), (5,5223), (1,9443), (2,3271), (0,1289), (2,7372), (2,1229), (1,6383), (5,7284), (1,4339), (1,1270), (1,9462), (4,3228), (1,12538), (1,3324), (4,7327), (1,7427), (1,13571), (1,14595), (5,7305), (1,9477), (4,5292), (5,3214), (4,7350), (1,15635), (0,5428), (5,7327), (1,13595), (5,7332), (1,9504), (1,15650), (5,7340), (2,1292), (1,6443), (1,3373), (1,18733), (1,3378), (5,2232), (1,4408), (5,5308), (5,3261), (1,2363), (4,6374), (4,1258), (4,4331), (1,3400), (1,18760), (2,5418), (4,1263), (1,10572), (1,2381), (5,215), (5,5344), (1,3421), (4,1283), (5,3301), (2,3397), (5,5352), (1,9573), (1,18791), (4,5387), (1,17769), (4,3342), (2,7501), (1,1389), (4,2325), (4,3352), (1,14710), (2,1368), (5,5372), (5,7420), (4,5404), (5,7424), (2,3422), (1,9598), (5,2308), (1,13700), (4,3368), (2,3430), (1,17797), (1,15755), (1,7564), (4,3376), (1,7565), (4,7477), (1,14739), (1,4500), (1,10646), (4,7482), (1,13721), (5,1311), (1,10651), (5,5408), (3,1376), (1,4512), (5,7460), (1,16801), (3,1380), (1,12707), (5,5417), (1,4520), (5,6445), (1,5549), (1,16813), (2,3473), (1,12720), (1,10673), (4,1366), (1,8630), (1,17848), (2,3482), (4,3423), (1,10684), (1,11708), (4,3424), (4,3425), (1,10686), (1,3523), (1,2500), (1,16837), (1,17862), (1,8650), (4,6514), (1,11730), (1,13778), (1,16852), (1,15829), (4,1401), (3,1437), (1,9692), (4,1408), (1,9695), (5,356), (1,1505), (1,11747), (5,360), (1,2532), (5,6506), (4,3466), (1,5612), (5,373), (1,13809), (1,11765), (2,1495), (1,15862), (1,505), (5,384), (1,7679), (4,4517), (1,7684), (1,16903), (1,10761), (1,18953), (1,7691), (1,17933), (4,3505), (2,4591), (1,1552), (1,13840), (1,5649), (5,4502), (1,11795), (1,10774), (1,16920), (5,3488), (5,4514), (1,4638), (1,17950), (1,14879), (4,3527), (5,6568), (4,6602), (3,1515), (4,2508), (4,2509), (1,13868), (1,14896), (1,10801), (4,469), (4,3541), (4,5590), (1,1588), (1,7733), (1,8757), (4,6619), (1,7736), (4,2528), (1,17986), (2,548), (4,1510), (1,4675), (2,2597), (4,490), (1,9800), (2,5677), (1,16973), (3,1554), (3,1556), (2,6708), (1,4695), (4,5628), (1,13921), (1,8802), (4,5638), (1,13923), (1,10853), (1,4714), (1,10860), (2,1615), (1,4718), (2,1618), (4,2581), (1,1651), (1,13943), (1,9849), (2,2651), (4,4638), (1,1660), (2,2653), (1,3709), (5,3585), (1,3710), (3,2625), (4,4643), (4,2596), (1,3714), (1,11913), (1,17034), (1,14992), (5,5653), (1,13969), (1,13972), (4,1597), (5,4638), (1,2716), (1,17052), (1,7839), (4,3652), (4,3660), (5,8749), (5,8753), (1,18095), (1,2737), (4,3670), (4,3672), (1,18107), (4,1632), (4,2656), (5,2625), (4,3681), (1,17089), (4,7781), (1,707), (1,1731), (1,4804), (0,1769), (1,2762), (3,1681), (4,5749), (5,1632), (1,14051), (1,15075), (4,2697), (5,5739), (5,5741), (2,1741), (1,751), (5,7798), (2,4822), (1,8953), (5,5758), (1,1789), (4,1700), (1,770), (1,2822), (2,4840), (1,9991), (1,13063), (4,6833), (1,6927), (5,8852), (4,2741), (1,17171), (1,3860), (2,2811), (1,13088), (4,712), (4,717), (4,3789), (4,6862), (3,755), (4,7892), (5,694), (5,5817), (4,5849), (4,732), (4,3807), (1,4924), (4,2786), (4,1763), (5,4807), (4,2791), (1,15175), (4,749), (4,3821), (1,16204), (1,10063), (4,3828), (1,10065), (4,757), (4,763), (1,12127), (4,1796), (1,13154), (1,18275), (1,13156), (2,3915), (1,13162), (1,10092), (1,10094), (1,15214), (5,3827), (1,9072), (3,2870), (3,2872), (4,6937), (2,3930), (1,16252), (2,1886), (4,802), (2,2916), (4,2856), (4,1835), (1,16264), (1,2954), (2,7021), (4,1840), (4,4912), (1,1934), (1,16270), (4,3893), (3,2900), (5,6934), (5,2842), (4,826), (5,3871), (4,1856), (1,7069), (4,834), (4,4932), (4,3909), (4,839), (4,1863), (1,1959), (4,8011), (1,7080), (4,2892), (2,6027), (4,4942), (5,6959), (3,883), (1,947), (5,5945), (5,829), (1,4025), (4,5981), (1,16316), (1,13246), (3,1922), (5,2884), (5,5956), (5,4935), (1,6087), (1,11207), (1,5064), (5,2893), (4,1901), (5,3918), (4,1902), (1,6091), (2,4016), (1,7121), (5,4952), (0,13299), (1,15318), (1,10201), (2,3008), (5,5987), (1,4064), (5,3941), (1,6114), (1,4069), (5,4970), (2,4040), (1,9195), (4,5008), (1,4077), (4,913), (2,4047), (4,5009), (5,1907), (4,3986), (1,18416), (4,3988), (4,5012), (4,5013), (4,6037), (1,14323), (1,1015), (4,923), (1,7160), (5,7037), (2,3035), (5,6014), (4,3999), (1,7165), (1,14334), (1,17406), (2,4065), (4,6051), (5,901), (1,16385), (1,18436), (2,4070), (4,5033), (4,8109), (2,2028), (4,943), (3,2000), (1,16399), (4,5045), (4,1974), (1,6168), (1,3098), (1,8218), (1,17435), (2,6141), (1,17437)
soledades	(1,14705), (1,6595), (5,7373)
vido	(0,8000), (0,6725), (4,8457), (4,7370), (4,7947), (0,7624), (4,4813), (0,10578), (0,8211), (4,5976), (4,7065), (4,3994), (4,7008), (4,5797), (0,10913), (4,7590), (0,10787), (4,8747), (4,757), (0,6065), (4,4984), (4,2553), (4,378), (4,4988), (4,4541), (4,8829), (4,638), (4,8766), (4,5439)
contrahace	(4,6089)
desprecio	(5,870), (2,3941), (2,2711), (2,3066), (5,3774), (2,364), (2,7996), (5,5475), (2,7984)
forzaba	(1,13397), (1,13368)
fingida	(1,17603), (1,4004), (1,18308), (1,251), (1,11499), (1,4060)
trabesia	(0,3688), (0,7401)
seguida	(5,4228), (0,352), (2,5283), (5,7622), (0,8677), (2,7592), (1,8871), (5,6060), (5,3727), (2,5005), (5,1202), (5,5266), (1,9966), (5,1364), (2,1686), (5,2588), (5,6429), (3,1468), (2,5148), (5,6946), (5,6978)
consumandose	(5,3428)
vidi	(4,4432)
traxesen	(0,6563), (0,8773), (0,7111), (0,7816), (0,7113), (0,6829)
mojo	(2,410)
teneisla	(1,15071)
reiase	(1,10597), (1,6077)
senalando	(3,643), (0,6337), (2,3877), (1,17048), (2,6698), (1,6825), (1,10651), (1,15291), (0,7131)
apremiareis	(0,1858)
seguido	(5,1508), (5,886), (0,13363), (0,2069), (0,11909), (0,743), (1,18168), (3,2991), (4,257), (5,3459)
desprecie	(1,16206)
librero	(1,8162), (1,8158)
fingido	(5,7911), (1,8819), (1,3765), (5,4572), (5,847), (1,3915), (1,15916), (1,7341), (1,18286)
saberme	(4,5572)
rescibire	(0,1022)
vice	(3,2299)
cumplidamente	(5,4759), (0,8514), (5,1258), (5,1567)
desmenuzar	(1,18450)
quatrocientas	(0,9551), (0,8101)
moja	(4,3729)
bidro	(0,7604)
abraham	(5,7524), (5,2074), (5,1947), (5,7213), (5,7215), (5,1920), (5,3248), (5,8865)
cantarcillos	(1,380)
oyeronlo	(1,5796)
temidas	(5,3407)
certificar	(1,6857)
rogado	(1,5765), (4,623), (4,8306)
certeza	(1,17249), (5,2728), (5,4684), (5,6559)
serena	(5,5764), (4,6712), (1,6310), (5,3086), (2,6957), (1,4431)
pareciendome	(1,16935), (1,17929), (1,18171), (1,14508), (1,17052), (1,16429)
suplicare	(2,7801)
through	(4,9027), (0,13839), (3,3141), (5,8999), (0,13845), (1,19094), (3,3147), (2,8170), (4,9021), (1,19100), (5,8993), (2,8176)
rogaba	(0,8463), (1,10704), (1,18563), (1,3174), (1,7942), (0,7941), (0,7110), (0,7814), (0,8456), (4,7890)
cumplen	(0,2015), (0,8960), (2,1725), (1,1709), (0,2141)
favorezca	(2,4803), (4,6014)
humilde	(1,356), (0,1027), (1,11588), (1,18244), (0,5796), (2,455), (1,4109), (2,5294), (2,1807), (1,16624), (0,3376), (1,11185), (1,659), (0,8723), (1,2325), (1,695), (2,2904), (1,4728), (1,507), (2,5312), (5,4931)
grafica	(5,7722)
sereno	(2,197), (5,6888), (2,312), (1,17483), (5,5632), (2,2576)
vistola	(1,5329)
albedrio	(1,7876), (3,2888), (1,1784), (1,8382)
mieses	(3,949)
destrozarnos	(2,1872)
mitologicas	(5,735)
view	(5,1332)
indirectamente	(0,1871), (5,443), (5,5635)
acueductos	(1,10898)
puttana	(4,135)
emponzonar	(0,13174)
congojeis	(1,13340)
encamines	(0,8628)
ducientas	(0,5704)
sustancioso	(1,18145)
antiguos	(0,13055), (3,739), (1,8129), (5,7562), (5,1963), (3,1194), (5,4274), (5,6578), (3,1074), (5,7764), (1,16464), (5,1398), (5,4248), (3,1495), (5,4220), (5,6013), (1,13497), (5,734), (5,1856), (5,3904), (5,353), (5,546)
contenian	(5,4266), (1,8841)
duro	(5,4134), (1,2084), (1,2085), (1,15592), (4,6676), (5,4214), (5,5430), (1,18039), (5,7422), (1,7104), (0,9441), (3,1734), (2,2407), (1,13062), (5,5899), (0,8743), (1,18058), (1,18059), (2,7533), (5,3731), (0,431), (2,882), (0,11185), (1,8595), (5,1369), (1,6805), (3,1433), (5,3356), (5,3549), (4,3138)
holland	(2,6810)
estranjeras	(1,196)
protege	(2,6532), (2,7120)
esportilleros	(1,10788)
dure	(1,1227)
vien	(0,9251)
bola	(2,5285)
negocio	(0,4031), (0,8255), (3,2723), (0,708), (0,3204), (1,18598), (1,18792), (0,712), (0,714), (5,6767), (0,9482), (2,2893), (1,11054), (1,15982), (1,3824), (1,14896), (0,2130), (0,2643), (0,8275), (0,4053), (0,3286), (3,3002), (0,4055), (0,3290), (5,1088), (1,1980), (1,5820), (0,2461), (0,3295), (1,15489), (0,3105), (0,3297), (0,2019), (1,11461), (0,3365), (0,7718), (0,8934), (1,12233), (0,9001), (4,7214), (0,2989), (0,2094), (2,5553), (2,115), (1,11477), (1,15893), (1,10015)
beberse	(2,6487)
dura	(1,11556), (1,3815), (5,6380), (1,1930), (1,4587), (1,14251), (1,11884), (5,5461), (1,3122), (1,10994), (5,6391), (1,8147), (0,7827), (2,4054), (0,2614), (5,3582), (5,6815), (5,288), (1,2428), (1,1949), (1,16829)
viej	(4,2548), (4,2568), (4,2542), (4,1728), (4,1970)
bocado	(4,4803), (4,4823), (4,4795), (4,2958), (4,6529)
senoranza	(4,4274)
ocultando	(2,3714)
venideras	(1,6901)
compatricios	(5,7267)
grafias	(4,42)
renegaron	(5,3005)
margen	(0,3075), (1,16455), (5,4847)
mufaria	(4,6931)
voluntariamente	(5,1558), (5,1642)
acierta	(5,2948), (5,7749)
congressional	(5,8123), (5,588), (5,752)
contenido	(0,3106), (0,11682), (0,5540), (0,645), (2,7306), (0,11690), (0,9133), (0,5422), (0,2034), (5,7735), (0,1430), (2,6488), (5,6780), (0,2554), (5,769), (0,1436), (0,6012)
bool	(0,9396), (0,9412)
juridicos	(5,6169), (5,8542)
acierte	(0,3205), (0,5413), (0,679), (1,1320), (0,5335), (0,4156)
book	(5,8599)
fatigueis	(4,2017), (4,4514)
disipado	(3,111)
acierto	(5,6598), (3,2569), (3,2490), (4,5837), (5,5534), (5,4047), (2,3391)
desplegando	(5,2414), (5,1907)
mopsses	(2,1542)
enviaremos	(4,6307)
contenida	(0,5439), (2,3736), (0,5980), (3,1856), (0,5485)
fatiga	(4,4867), (4,2437), (4,4683), (2,5065), (5,4270), (4,1936), (4,7505), (4,2133), (5,4855), (1,16564), (4,5851), (1,890), (1,12094), (5,5060), (1,2243), (4,2088), (5,4555), (1,10572), (2,2932), (1,1876), (4,7549), (4,2110), (1,1757), (1,1949), (4,2240), (1,13150), (1,1631)
admiran	(3,212), (1,415)
femures	(2,1601)
mons	(4,4068), (4,4073), (4,4060), (4,4497)
abandonarles	(2,2698)
admirar	(5,6141), (5,4367), (1,365), (5,4417), (5,6339)
discuten	(5,5335)
negativa	(5,5577), (5,7308), (2,715), (5,7074)
osuna	(4,91), (1,13577)
admiras	(1,681)
mont	(4,7508), (4,7477), (4,7494), (4,7542), (4,7482), (4,7499), (4,7519), (4,7535), (4,7488)
pestalozzi	(5,4812), (5,8575)
rechifla	(2,378)
reimpresa	(5,6826)
desastradas	(1,1126)
inxiriesen	(4,5852)
mona	(1,16275), (2,7529), (1,16808)
perdonanza	(4,7455)
despertaban	(5,4365), (5,1983), (5,6608), (5,1058)
condedura	(4,1811)
pugnen	(1,10075)
rodriguez	(0,10817), (0,13697), (0,9538), (5,5288), (0,5960), (0,9544), (0,12104), (5,4334), (5,4590), (5,5230), (0,10827), (0,5969), (0,12113), (5,5111), (0,11602), (5,5241), (0,9558), (0,13398), (0,12120), (0,13465), (5,8639), (1,17533), (0,11678), (0,13344), (5,5191), (0,12451), (0,868), (0,13669), (0,12454), (0,3944), (5,5261), (0,12456), (0,13352), (0,13609), (0,3947), (0,11499), (0,13357), (5,5203), (0,13552), (0,11634), (0,13426), (5,4313), (5,5209), (5,5277), (5,5218), (5,3875), (0,12094)
vejacion	(1,17095)
vigo	(0,12290), (0,13480)
atribuidas	(5,7587)
bona	(1,11730), (1,11747), (1,11765), (4,1082), (1,11708), (4,3248)
lenzuelo	(1,18548)
imbiando	(0,5329)
ofrecimientos	(1,18576), (2,451), (2,4404), (1,15811), (1,15764), (1,7285), (1,13478), (1,11483), (1,9326), (1,13486), (1,13647), (1,15599)
ofresciesen	(0,8790), (0,7435)
ardor	(5,1125), (5,2469), (2,5154), (2,6278), (5,6826), (2,7917), (1,14957), (5,210), (2,3122), (5,4981), (2,2131), (5,1594), (2,3418), (5,3747), (1,17663)
meditado	(5,5298)
contenerla	(5,5830)
emponian	(0,8253)
deleites	(1,17667), (1,17684)
saliesen	(3,2070), (3,2471), (1,4214), (1,6150), (5,3921), (1,12319)
micer	(4,7027), (4,8164), (4,7655), (4,8871), (4,5881), (4,8203), (4,205), (4,7697)
princeta	(4,864)
atauja	(4,1126)
experimental	(5,4278)
experimentar	(4,3180)
fatoria	(0,7437)
glorioso	(2,1143), (5,347), (5,2802)
saberse	(1,15504), (3,1946)
corrieron	(5,2727), (2,4212), (1,8883), (2,4167), (5,5082), (1,728), (5,1724), (0,6135), (5,7932), (0,9403)
grumetes	(4,808), (0,9549)
deleiten	(1,16474)
discursejo	(2,4404)
desordenadas	(5,1241)
pecuniario	(5,2552), (2,1247)
estomago	(1,5425), (1,5410), (4,5799), (1,8468), (4,4814), (1,17052), (4,5792), (4,4353)
piense	(2,7987), (4,4935), (1,17078), (1,17416), (2,1275), (1,12474), (1,13594), (4,7663), (1,18733), (1,15022)
ardid	(2,1170), (1,17269), (2,7310)
images	(0,13727), (2,22), (1,21), (4,27), (5,28), (3,28), (4,8911), (0,30)
primeras	(5,2084), (5,3236), (5,3878), (0,10177), (2,6789), (5,2025), (0,134), (5,7789), (5,175), (1,4331), (3,2734), (0,4748), (5,7411), (1,5045), (2,7896), (2,220), (5,4480), (5,7488), (5,4738), (2,4130), (1,12098), (2,2476), (5,6736), (5,2837), (0,7153), (0,8499), (5,3422), (2,6205)
viii	(0,13057), (2,1972), (0,12405), (4,908), (5,2078), (0,11738)
piensa	(2,481), (4,7973), (4,5798), (1,18500), (4,5128), (4,4682), (1,8167), (4,3275), (2,3883), (4,5837), (5,6448), (2,3470), (4,881), (1,1967), (2,7472), (1,7603), (5,6810), (1,10903), (1,1304), (4,3903)
ardia	(1,3555), (1,1094), (1,6152), (1,6922)
respetable	(5,3828), (5,2631), (5,6040), (4,121), (5,578), (2,2112)
pocas	(1,4256), (1,11553), (5,1190), (1,2087), (5,942), (0,3657), (5,945), (1,1709), (1,9392), (3,1270), (5,3257), (3,1272), (0,3670), (1,14136), (1,9533), (4,101), (5,1991), (5,2759), (1,1604), (1,205), (0,10604), (5,4180), (1,2513), (1,16724), (0,7157), (0,4854), (1,17239), (5,4831), (1,7646), (5,3556), (1,17888), (1,17892), (2,6473), (1,14699), (3,2224), (5,1139), (5,117), (0,3856), (4,7317), (1,14324), (5,7545), (3,1465), (4,156), (1,14458), (3,2109), (1,2427), (1,7292), (2,3294), (0,3740), (5,6409), (3,73), (1,1159), (1,4744), (3,76), (2,3825), (0,3890), (3,1498), (1,10777), (1,8733), (0,3645)
imagen	(5,3941), (1,8931), (1,9256), (5,6958), (1,5035), (1,5099), (5,4406), (0,8722), (1,7349), (1,311), (5,4028), (1,5112), (1,505), (0,857), (5,4158), (1,8892), (1,9085), (1,11261), (1,9342), (1,8896), (5,1414), (1,8898), (1,8899), (2,1702), (5,6345), (1,7813), (1,5384), (1,8905), (1,8778), (5,5201), (1,9037), (5,4499), (5,3860), (1,13904), (0,8631), (0,8634)
antiguas	(5,1943), (1,16979), (1,16308), (3,231), (5,3642), (1,17494), (0,70), (5,7899), (2,6729), (0,11), (3,1246)
pienso	(1,11106), (1,1699), (2,3588), (4,4934), (4,2888), (1,10661), (1,16424), (4,5646), (2,3021), (1,1710), (2,3410), (1,3377), (1,6705), (1,16755), (1,1268), (4,8599), (1,7988), (1,16310), (1,2232), (1,17592), (2,2330), (1,1018), (1,12606), (1,18177), (1,4674), (4,615), (4,935), (1,16205), (1,16527), (1,596), (4,1464), (1,11605), (1,3927), (1,6871), (1,984), (1,13592), (1,10841), (1,2335)
embarcar	(0,3684), (0,4487), (0,10279), (0,10600), (1,17323), (1,2125), (0,7057), (0,2226), (0,3634), (0,3636), (1,13813), (1,3158), (0,2518), (1,4346), (1,6589), (0,10557)
admiren	(1,12396)
armado	(1,6674), (5,1703), (1,6661), (1,6997), (1,7000), (5,7392), (5,1906), (1,6766)
contemplaron	(5,1466), (3,1259)
pareciendo	(0,1106), (0,1171), (0,7380), (1,10326)
sensibilidad	(2,7137), (2,4002), (1,18705), (5,824), (2,4013)
haciamos	(0,11087), (0,11089), (0,10002), (0,10742), (0,10505)
garrotes	(1,17781), (1,18567)
anadidos	(1,7701)
allana	(1,13573), (3,2622), (1,16636)
escupido	(1,5763)
armada	(0,1088), (0,10816), (0,1602), (0,5700), (0,7748), (0,4165), (0,11845), (0,7240), (0,7752), (0,11849), (0,1610), (0,4170), (0,587), (0,8779), (0,1614), (0,2126), (0,2639), (0,3151), (0,7759), (0,11856), (0,2641), (0,8274), (0,5715), (0,599), (4,6107), (0,7255), (0,1624), (0,5723), (0,5724), (0,8284), (0,4190), (0,5726), (0,11871), (0,4706), (0,4196), (0,5732), (0,3174), (0,8294), (0,13414), (0,5735), (0,1642), (0,1644), (0,2672), (0,1652), (0,4212), (0,13433), (0,2172), (0,1661), (0,13438), (0,4735), (0,1665), (0,11905), (0,9349), (0,11909), (0,13445), (0,5767), (0,7816), (0,2185), (0,7305), (0,11913), (0,9354), (0,7308), (0,6286), (0,7310), (0,5775), (0,3216), (0,11921), (0,4755), (0,9363), (0,11923), (0,3220), (0,1687), (0,4761), (0,11929), (0,7322), (0,5787), (0,1693), (0,5790), (0,8352), (0,6306), (0,7843), (0,5285), (0,8869), (0,7337), (0,2730), (0,5803), (0,4269), (0,2222), (0,6318), (0,5810), (0,691), (0,7347), (0,12979), (0,8372), (0,1205), (0,1207), (0,11959), (0,5817), (0,6841), (0,12985), (0,698), (0,7354), (0,5819), (0,7358), (0,5824), (0,7360), (0,4289), (0,11969), (0,12993), (0,4296), (0,2250), (0,8394), (0,13002), (0,11982), (0,6354), (0,4307), (0,212), (0,726), (0,1238), (0,3798), (0,9431), (0,11991), (0,730), (0,9435), (0,11995), (0,1244), (0,4828), (0,6364), (0,4317), (0,1246), (0,8415), (0,11999), (0,6368), (0,5346), (0,1767), (0,7911), (0,4331), (0,748), (0,1773), (0,5869), (0,8429), (0,12015), (0,4337), (0,242), (0,7410), (0,5875), (0,12019), (0,2804), (0,1269), (0,8437), (0,12021), (0,248), (5,5213), (0,8440), (0,12024), (0,8443), (0,12029), (0,256), (0,13570), (0,1284), (0,5899), (0,4364), (0,7436), (0,6415), (0,6927), (0,12047), (0,4880), (0,275), (0,2836), (0,1816), (0,5912), (0,6424), (0,4378), (0,13596), (0,5405), (0,12061), (0,1825), (0,4388), (0,8484), (0,293), (0,1318), (0,12071), (0,1832), (0,813), (0,5421), (0,302), (0,7475), (0,13619), (0,822), (0,1846), (0,12086), (0,7480), (0,5433), (0,12091), (0,9532), (0,5437), (0,1854), (0,12095), (0,5441), (0,5953), (0,9538), (0,12098), (0,4421), (0,5958), (0,5961), (0,12105), (0,2379), (0,6475), (0,4428), (0,4941), (0,5453), (0,12110), (0,8015), (0,12112), (0,9042), (0,4947), (0,9046), (0,9047), (0,4443), (0,5467), (0,9563), (0,13147), (0,348), (0,4447), (0,2913), (0,3425), (0,5987), (0,2408), (0,9576), (0,5481), (0,2922), (0,2413), (0,7021), (0,9581), (0,5486), (0,2418), (0,1908), (2,312), (0,6007), (0,4476), (0,893), (0,2941), (0,6013), (0,897), (0,4484), (0,4996), (0,2437), (0,6021), (0,2440), (0,2953), (0,5513), (0,7053), (0,9103), (0,914), (0,3476), (0,5526), (0,6038), (0,1944), (0,2458), (0,4506), (0,412), (0,5535), (0,9631), (0,2464), (0,5025), (0,930), (0,2466), (0,6055), (0,7079), (0,4520), (0,2474), (0,6059), (0,4524), (1,14221), (0,6061), (0,1458), (0,5557), (0,6069), (0,2999), (0,5048), (0,6075), (0,7611), (0,1468), (0,9149), (0,1982), (0,11710), (0,4543), (0,5055), (0,5568), (0,6081), (0,9153), (1,14755), (0,1475), (1,2468), (0,5576), (0,7624), (0,9164), (0,1485), (0,1489), (0,4561), (0,2007), (0,1496), (0,5080), (0,1498), (0,1499), (0,5086), (0,13278), (0,7136), (0,7141), (0,998), (0,1510), (0,1512), (0,11752), (0,4073), (0,5097), (0,5612), (0,4078), (0,4590), (0,5614), (0,13294), (0,1520), (5,7001), (0,6645), (0,6646), (4,6011), (0,5111), (0,11767), (0,5113), (0,4602), (0,9212), (1,6113), (0,5121), (0,11780), (0,5127), (0,11785), (0,4107), (1,6637), (0,11788), (0,5133), (0,5646), (0,13327), (0,2576), (0,3600), (0,4113), (0,5137), (0,2069), (0,7705), (0,9244), (0,4125), (0,5149), (0,5661), (0,5151), (0,1569), (0,6177), (0,1570), (0,5155), (0,2084), (0,5672), (0,5673), (0,1578), (0,5162), (0,5678), (0,1585), (0,5170), (0,5682), (0,5683), (0,7731), (0,1589), (0,11832), (0,1593), (0,5693), (0,10814)
llorareis	(1,5462)
desembocadura	(3,2391), (5,2015)
oyeronse	(2,1346), (2,1348), (2,889)
damage	(4,9123), (2,8274), (4,9108), (2,8259), (5,9097), (5,9082), (0,13942), (0,13927), (3,3245), (3,3230), (1,19198), (1,19183)
empezar	(2,1203), (4,1158), (2,3109), (2,1930), (2,2075)
discutia	(5,893)
triangulares	(2,2006)
tronaba	(1,7936)
bote	(4,5870)
alterarse	(1,4890)
bota	(1,9841), (4,7397), (1,5416), (4,1486), (1,9867), (4,4385), (1,11342)
discutir	(5,3525), (2,4982), (5,1562), (2,6744), (5,2574), (2,5088), (2,6336)
enrojecidos	(2,5861)
exageraban	(5,2955)
protect	(1,18992), (3,3059), (2,8068), (1,19012), (2,8088), (5,8891), (4,8924), (4,8942), (5,8911), (3,3039), (0,13740), (0,13756)
acostumbrandolas	(5,4512)
meditaba	(2,2806), (2,4187), (2,3518)
putanero	(4,782)
cabestrantes	(1,6580), (0,1093)
certero	(5,3264)
mora	(1,3488), (1,3777), (4,3175), (4,1544), (1,4362), (5,7855), (4,2704), (1,3245), (1,526), (1,3760), (4,5876), (4,7156), (4,1013), (4,1336), (1,11735), (5,8509), (1,11740), (4,1024), (1,3775)
more	(3,3300), (1,19253), (4,9177), (2,8329), (5,9152), (0,13997)
cerrar	(5,4678), (2,3207), (1,3305), (2,6378), (5,4624), (5,4181), (5,3350), (1,13458), (4,5111), (2,696), (4,5116), (1,8857), (2,476), (1,10587), (1,13054), (5,1731), (5,5987)
frontera	(3,2789), (1,10307), (1,11174), (4,2858), (3,2665), (3,2793), (5,3147), (1,5098), (5,5808), (3,2704), (0,11574), (5,3260), (3,1789)
pichon	(4,4096)
techados	(3,146)
moro	(5,6565), (1,15650), (0,7620), (0,7748), (0,7624), (1,3882), (1,4206), (0,7694), (0,7761), (0,8466), (0,7635), (1,18420), (1,9726), (0,2592), (0,8931), (0,7654), (0,8936), (0,7913), (0,9456), (0,7730), (4,5560), (0,7668), (0,7733), (0,8375), (0,7736), (0,7800), (0,7673)
conductor	(5,94), (5,5614)
visitadas	(5,6406), (0,314), (0,780)
suplicais	(0,1197)
tildada	(5,1566)
bosquejo	(5,88), (5,3561)
contenerlo	(5,2896)
discrecion	(1,995), (1,7459), (1,9187), (1,1190), (1,4838), (1,4588), (1,12524), (1,6254), (1,1839), (1,1841), (1,9201), (1,15793), (1,13106), (1,9203), (1,2356), (1,6196), (1,13556), (1,16884), (1,13237), (4,8601), (1,9078), (1,7351), (1,632), (3,2426), (1,13563), (1,956), (1,11519), (4,6627), (1,8960), (1,13507), (1,15491), (1,1093), (1,18949), (1,18951), (1,7690), (1,4556), (4,6640), (1,8973), (2,561), (1,14994), (1,6230), (1,2647), (1,6871), (2,4345), (1,13533)
frontero	(1,7604), (1,18596), (1,13110), (0,8567), (1,11785), (1,7258), (0,10187), (1,4621), (1,9245), (1,14895)
ilogico	(5,5570)
deleitar	(1,9195)
vivisima	(2,1399), (5,4650), (5,4379), (5,1055), (2,5839)
vino	(4,451), (4,6083), (1,8738), (2,4101), (1,13860), (1,14372), (1,11301), (1,6695), (4,1484), (0,8777), (1,17451), (0,13394), (4,985), (0,6742), (0,7768), (4,6110), (0,9818), (1,9788), (4,4578), (1,9792), (4,8164), (0,8803), (5,971), (0,7784), (1,4686), (1,15440), (5,983), (0,7282), (4,8697), (1,2137), (5,3549), (5,3040), (5,5603), (4,8708), (0,7305), (1,3691), (0,9354), (0,9355), (1,3696), (1,9842), (0,10385), (1,3699), (5,1528), (1,10870), (4,6682), (1,18552), (2,4186), (0,6809), (4,1566), (4,3103), (4,2592), (1,18046), (4,5666), (0,5790), (0,5792), (4,8744), (2,3175), (1,9351), (1,12424), (4,8752), (1,9869), (4,7729), (1,14478), (1,9877), (0,6842), (0,2750), (4,6722), (0,6846), (1,11935), (0,4289), (1,9378), (4,6727), (1,12968), (0,10442), (0,10443), (1,11948), (0,7886), (0,13007), (1,15536), (1,12977), (1,12979), (4,3160), (0,6873), (5,3135), (0,10461), (0,10462), (0,6882), (0,8930), (0,8932), (0,6885), (4,1642), (1,5832), (1,13512), (4,622), (4,4719), (4,5743), (1,9932), (1,3790), (0,6895), (0,9455), (0,9969), (0,6387), (0,9462), (4,5758), (4,6784), (2,6337), (1,17123), (1,1252), (0,8453), (0,9478), (1,13544), (0,7947), (0,9485), (4,5778), (4,1683), (1,13553), (0,8465), (0,10001), (2,2772), (5,7292), (1,3834), (4,3745), (1,3326), (4,3746), (1,14591), (1,1794), (1,3842), (1,9987), (4,8871), (0,7461), (0,8486), (0,10536), (1,9996), (1,14606), (4,1721), (1,18198), (5,5788), (4,6332), (0,6968), (1,14620), (0,6976), (4,4806), (1,3365), (0,4932), (1,10022), (1,10023), (0,8519), (1,5417), (4,3791), (1,14124), (2,6414), (4,6868), (1,10034), (1,18233), (4,7390), (0,6491), (4,740), (4,7397), (0,8546), (1,9539), (4,3305), (4,4842), (4,3824), (4,5361), (1,17234), (4,2294), (4,3318), (1,17235), (1,17749), (0,10104), (4,8448), (0,6526), (0,7038), (0,10110), (1,1889), (1,4961), (1,868), (4,775), (4,4359), (1,16740), (4,2827), (4,6931), (0,10640), (4,6933), (1,12658), (4,4385), (0,9635), (4,5928), (0,6566), (4,814), (1,10125), (1,7566), (4,818), (1,10128), (4,1334), (0,6068), (2,1916), (0,7100), (0,8640), (1,9640), (4,8532), (4,2390), (1,16819), (3,377), (4,4450), (1,12228), (1,10701), (0,10225), (1,4056), (5,4449), (4,2434), (1,13792), (5,6502), (4,390), (1,17379), (4,1927), (4,7055), (0,10251), (0,11278), (0,10779), (4,1443), (1,14850), (4,938), (4,940), (0,3625), (0,10795), (1,17421), (4,7604), (0,10801), (0,10803), (1,15383), (0,8759), (1,12312), (1,10778), (4,6078), (1,13855)
deleitan	(4,278)
tibios	(5,1444), (5,4100), (2,5298), (5,609), (2,2784), (2,4368)
rabeles	(1,16481), (1,16520)
otorgada	(5,1558), (2,2613)
vivisimo	(5,1399), (5,1543)
recudida	(1,10488)
motu	(5,2929)
vina	(4,5539), (4,7655), (1,18708), (1,11992), (1,18825), (4,3554), (1,17647)
blanquisimas	(1,5476)
rogais	(4,8148)
ceyena	(4,471)
suplicado	(1,4422), (0,1464), (1,7019), (0,1134)
voluptuosa	(2,3621)
ving	(4,1068)
vine	(1,17249), (1,7522), (2,1125), (4,7847), (2,3399), (0,11493), (0,11495), (4,7085), (4,5137), (1,10062), (1,4719), (1,12111), (1,16527), (4,5271), (4,6487), (1,12725), (1,16149), (4,4378), (0,5815), (4,6684), (0,957)
gentilhombre	(4,8867), (4,6342), (0,9026), (1,13059), (4,6439), (1,11333), (4,8138), (4,8810), (4,8075), (1,12873), (4,8813), (4,558), (0,6797), (1,4624), (1,15409), (0,8945)
sierras	(3,1170), (5,5412), (0,9905), (0,10345)
adquirio	(5,3639), (2,6031)
escobetear	(4,6490)
mote	(2,1683), (5,7518)
postre	(0,10639), (5,6091), (1,17255), (4,5627), (4,6011), (2,5195), (1,4447)
arcepielago	(0,2826)
trujo	(1,3713), (1,14850), (1,1827), (1,1861), (1,8966), (1,14822), (1,18118), (1,16809), (1,18121), (1,3691), (1,8460), (0,7020), (1,15534), (1,6800), (1,15987), (1,2644), (1,4116), (1,14165), (1,17913), (1,10106), (1,17050), (0,11645)
establecimiento	(3,2659), (3,2858), (5,4046), (3,2413), (5,4209), (3,2418), (5,2104), (5,4217), (5,666), (5,4826), (0,12886), (3,2394), (3,1822), (3,2271), (3,1792), (5,3907)
marabillaba	(0,8495)
setenas	(1,2424)
kind	(4,9140), (2,8291), (5,9114), (0,13959), (3,3262), (1,19215)
naufragados	(3,141)
sembrando	(2,369)
trocada	(1,8870)
truje	(1,6692), (1,12525)
veamosla	(4,2035)
adquirir	(5,7364), (4,202), (5,2459), (3,1195), (1,18729), (5,1424), (5,3312)
both	(4,9027), (4,9094), (5,8999), (0,13845), (3,3147), (0,13913), (1,19100), (2,8176)
arden	(4,8518)
most	(3,3108), (0,13825), (2,4), (5,8935), (4,8967), (0,4), (3,3367), (2,8137), (2,8396), (3,3126), (1,19061), (0,13781), (1,19320), (2,8155), (4,8991), (5,8960), (5,9219), (5,4), (3,4), (1,4), (4,9258), (1,19079), (3,3083), (5,8978), (3,17), (2,8112), (0,13806), (1,17), (1,19036), (0,14076)
chirinola	(1,17133)
hiperbole	(5,4375)
comercio	(3,1188), (3,2085), (3,552), (3,1322), (0,2568), (3,1325), (5,3663), (5,180), (3,1330), (5,4822), (3,2389), (3,157), (0,1211), (3,2113)
otorgado	(0,2001), (1,6952), (0,1081)
vime	(1,13136), (1,16451)
calmadas	(5,3530)
adquiria	(5,783), (1,18605)
trocado	(1,5447), (1,16922), (1,1118)
adunque	(4,526)
plegando	(1,18373)
despertasemos	(1,2093)
refiero	(0,12050), (5,812), (2,7230)
reconoscimiento	(0,8881), (0,8790), (0,8892), (0,8798)
castigarlos	(3,341)
prometase	(1,12399)
arder	(0,9016)
refiere	(2,3841), (0,7457), (0,132), (3,264), (0,205), (2,2415), (3,657), (5,4211), (5,5619), (3,2002), (5,5684), (3,980), (3,470), (3,2906), (3,2335), (3,384)
inclinando	(2,3619), (1,18374), (1,3447), (2,5823)
mantillas	(0,8096), (1,14818), (1,14630), (0,7975), (1,14538), (1,14826), (1,14379), (1,17867), (1,14829), (1,14673), (1,14833), (1,14809), (1,14810)
retribuidos	(5,6025)
trataredes	(0,5263)
copos	(2,3718), (4,5629), (4,5982)
dilatorios	(5,540)
fabula	(5,2648), (4,344), (3,456), (4,5513), (1,16678), (4,570), (3,1562), (2,5658), (1,16681), (5,639)
scripto	(0,3110)
declinaron	(3,463)
difusion	(5,4969)
dejaba	(1,10658), (1,12770), (1,9827), (0,7107), (1,10724), (0,6980), (1,8935), (1,14318), (1,4208), (1,15665), (1,3442), (1,8306), (1,15282), (3,124), (2,3228), (2,4317), (0,7579), (1,17021), (1,6078), (1,12419), (1,3461), (0,6821), (1,9672), (1,11080), (1,10441), (1,10890), (1,12300), (2,1711), (1,12178), (1,12562), (0,11315), (1,4375), (1,6108), (2,6142), (1,13278), (0,6462)
noort	(3,2286)
marmorea	(4,6179)
levadizos	(2,4969)
dabale	(1,6066)
sudoeste	(3,466), (3,373), (3,472), (3,282), (5,3149), (3,620), (3,814), (3,288)
picuncties	(3,1044)
espia	(1,4726)
labora	(4,3729), (5,2866)
partidario	(5,4289)
disentir	(5,2114)
aposta	(1,18456), (1,12541)
movi	(4,4357), (4,5098)
resplandores	(1,18799)
gloriosa	(2,4354), (3,2821), (0,4562), (2,309), (5,3576), (1,311), (2,4137), (0,2234), (0,4154), (5,1794)
memorables	(5,3308), (2,768)
cruzando	(2,5875), (2,3912), (2,7723), (2,2640), (2,7760)
lebante	(0,3760), (0,7256)
ruido	(2,5825), (1,18404), (5,2667), (2,5832), (1,13735), (1,13737), (5,7598), (5,2543), (0,6923), (2,3728), (2,7825), (2,3986), (1,17779), (1,18739), (5,440), (1,14388), (5,3324), (1,5496), (2,5019), (2,3677), (2,5026), (5,1549), (1,12426), (5,7632), (2,4464), (2,2484), (5,3351), (3,2712), (1,7512), (1,18522), (1,18587), (2,2494)
noticia	(0,3140), (5,3755), (2,4872), (0,9288), (3,1775), (0,2128), (0,3157), (0,3417), (3,253), (0,346), (0,7259), (0,9311), (0,4962), (5,2760), (3,1800), (0,7013), (1,583), (0,7014), (0,615), (0,4711), (3,1291), (0,618), (0,3946), (0,7020), (0,7276), (3,1556), (0,4977), (1,5202), (3,1561), (1,8023), (2,7739), (0,4988), (0,11902), (0,4735), (3,2093), (0,3211), (0,10124), (5,4599), (0,9106), (0,5011), (3,1591), (0,3221), (1,4726), (0,3990), (3,1594), (0,3735), (3,575), (0,8349), (0,10656), (2,6250), (0,11949), (3,1361), (1,6033), (0,7600), (0,4017), (5,7191), (0,6069), (0,7349), (1,17560), (0,4794), (1,7067), (1,17308), (0,7614), (0,4032), (0,3265), (3,1381), (0,8131), (1,2471), (0,3270), (2,1162), (2,6282), (0,9418), (0,9420), (0,9421), (2,6290), (3,1397), (2,6296), (1,8888), (0,8666), (0,7646), (0,8672), (1,5059), (0,4838), (3,1421), (1,8908), (1,17868), (1,7886), (0,8177), (1,14290), (3,1436), (3,1692), (0,4857), (1,5594), (1,14306), (3,166), (0,8967), (2,3788), (3,688), (4,151), (0,3347), (0,8982), (0,3608), (3,958), (0,7710), (3,1218), (0,4639), (3,963), (1,14082), (3,965), (0,9004), (4,178), (1,8719), (1,12561), (0,9268), (0,5174), (0,5177), (0,6969), (3,735)
spread	(0,14032), (4,9212)
refiera	(2,7227)
escabrosa	(5,4005)
otorgaba	(5,188), (5,316), (5,1971)
favor	(1,14369), (5,5926), (0,8641), (3,614), (2,2441), (5,6572), (5,813), (2,3467), (5,559), (0,8010), (0,8522), (1,5676), (5,2098), (5,952), (1,8629), (5,958), (5,2238), (1,11706), (4,3938), (4,4451), (1,4544), (5,6596), (1,3907), (5,5831), (4,4713), (2,554), (5,334), (0,2026), (2,7981), (4,4720), (5,7122), (1,4687), (1,4562), (5,343), (5,4696), (3,919), (4,4473), (1,1113), (4,8445), (1,11483), (0,3325), (5,3298), (5,7266), (2,581), (0,7813), (4,2058), (1,12009), (1,15081), (5,2414), (1,1131), (0,7435), (1,18540), (4,4369), (4,5653), (5,1785), (4,5272), (0,8852), (1,18421), (0,8853), (4,288), (2,7263), (1,4095), (1,6913), (0,8481), (1,515), (4,7463), (4,8489), (4,8745), (1,2186), (2,7793), (5,4501), (5,662), (1,8723), (1,17301), (1,3738), (1,14618), (4,7615), (1,4381), (1,4382), (5,419), (5,5155)
pedrero	(3,2152)
dotados	(5,1713)
escabroso	(5,2186)
flaminia	(4,7417), (4,3053), (1,7789)
cumplimiento	(5,1893), (1,8737), (1,2402), (0,5633), (0,322), (1,5859), (5,5224), (5,941), (0,1547), (3,1841), (0,5902), (0,1554), (0,1491), (1,4150), (0,2966), (0,8278), (3,2491), (5,2685), (1,7870), (2,5152), (5,2185), (0,998), (0,11878), (0,4144), (1,4245), (0,5813), (0,9207), (5,3229), (1,7131), (0,2683), (2,6205), (0,3005), (0,2238), (0,3582)
silenciosa	(5,4517), (2,623)
impensado	(1,13149)
heroico	(1,18145), (5,2887), (1,18151)
ilusion	(5,374), (5,4907), (5,3356), (5,7933), (5,2897)
viro	(3,2348)
preguntado	(1,15537), (3,1796), (1,12578), (1,4627), (3,507), (1,15321), (3,509), (5,4034), (1,14446), (1,17631)
granadas	(4,5658), (4,7242), (4,7274), (2,1840), (2,2000)
actividad	(5,612), (5,7428), (2,7746), (3,629), (2,950), (5,5659), (5,7262), (5,239), (2,6204), (5,1378), (5,2018), (5,4547)
heroica	(5,5402), (5,5742), (5,2864)
parage	(3,2244), (3,459), (3,1643), (0,4713), (3,621), (3,2061), (3,1807), (3,1808), (3,2962), (3,1715), (3,1747), (3,2259), (3,2612), (3,760), (3,1880), (3,793), (3,794), (3,1883), (3,2619), (3,1724), (3,1793)
ganado	(4,8132), (0,8065), (3,1573), (3,1254), (3,488), (3,1512), (1,17066), (1,16491), (1,10861), (0,11148), (1,16430), (1,16433), (5,504), (0,8659), (1,11316), (5,1337), (4,7832), (1,16438), (1,16440), (1,16569), (3,1279), (5,836), (0,6691), (1,16581), (3,2824), (4,7273), (1,17930), (4,6702), (5,1360), (1,16590), (3,1492), (4,7285), (1,12179), (1,16595), (1,16661), (1,4695), (4,6267), (4,7931), (1,12248), (3,155), (1,5530), (5,2145)
tonica	(2,4477)
vira	(1,590)
remiraran	(4,8487)
ferraresas	(4,3017)
siembras	(3,1900)
exagerarlas	(5,7555)
multiplicamos	(0,11314)
desemboca	(3,2411)
declaracion	(3,2340), (5,1705), (3,1959), (3,2088), (5,3889), (3,2352), (5,3893), (3,1783), (5,1787), (5,1277), (3,1790), (3,1983), (0,2847), (1,1985), (0,5472), (5,1606), (3,2316), (5,1685), (5,534), (3,2132), (5,537), (3,2393), (5,1692), (2,1018), (0,13176), (0,13626), (3,1566), (3,1825), (3,2337)
vieremos	(1,17829), (1,17832)
trabajaban	(4,293), (5,2808), (0,8684)
globo	(2,4178), (0,4960)
odonnell49	(5,3869)
personal	(2,4711), (2,4937), (5,783), (5,4463), (5,7091), (5,2164), (2,4690), (5,5815), (5,1977), (5,6266), (2,4792), (5,5564), (5,7805), (5,1726), (5,3998), (5,5663), (5,5888), (5,1409), (5,1889), (3,1312), (5,1858), (2,4704)
responderos	(4,6131), (1,16073), (1,15915)
personas	(0,4416), (0,4675), (4,8392), (5,2218), (5,3499), (0,4423), (4,8395), (0,1352), (5,3760), (0,4683), (0,1356), (4,8401), (0,9550), (0,8783), (0,5456), (0,4434), (2,6676), (1,13877), (3,1272), (4,8411), (0,1880), (0,5467), (2,3102), (0,2147), (2,3877), (0,12133), (0,8294), (1,8264), (1,16712), (0,9324), (2,2864), (5,4564), (1,3153), (0,4467), (0,7284), (0,9336), (0,4985), (0,9340), (2,5951), (0,3454), (0,1407), (2,3143), (5,3818), (5,3052), (0,7563), (1,11377), (4,279), (0,7827), (0,9109), (1,4728), (2,7514), (0,4761), (0,4510), (0,1951), (0,1953), (0,7585), (0,1701), (0,2469), (0,9382), (3,1610), (0,5288), (0,9384), (5,6673), (5,531), (5,6675), (4,563), (0,1711), (0,688), (0,4273), (0,7345), (0,5299), (0,4789), (0,2744), (2,4221), (2,6015), (1,11678), (1,18846), (1,18847), (3,1634), (0,5825), (5,1576), (0,3013), (1,8617), (0,4812), (1,6575), (0,3280), (0,8400), (1,12465), (0,3281), (4,8277), (1,18866), (5,5687), (2,2711), (2,1688), (5,7483), (0,1495), (0,4568), (1,14777), (0,3801), (1,4027), (0,7898), (0,3291), (0,4571), (0,3805), (4,5985), (0,3295), (0,3297), (0,7138), (0,5604), (2,1960), (0,3814), (2,7337), (0,5096), (0,5352), (0,10473), (1,11467), (0,5099), (5,1619), (5,3155), (0,3823), (0,5103), (0,7408), (4,6005), (1,17618), (4,6006), (0,5362), (0,8690), (0,1779), (1,8404), (1,17364), (2,5814), (0,4597), (0,4343), (1,6108), (2,6335), (0,4350), (4,387), (0,3071), (0,5121), (5,4711), (4,1159), (0,5123), (0,7172), (0,4360), (0,5385), (4,655), (5,3184), (0,6667), (0,4876), (0,1293), (5,7795), (0,5391), (0,5136), (0,1298), (5,2936), (0,4371), (4,7575), (0,4884), (0,9497), (0,4379), (1,18940), (2,734), (1,5117), (0,5405), (0,5150), (4,8611), (1,10754), (0,5154), (0,5412), (4,7594), (0,2599), (0,5159), (0,5161), (0,6697), (0,813), (0,3117), (0,10797), (0,12077), (0,8750), (5,1686), (0,12081), (0,1845), (0,3126), (4,7866), (0,311), (0,9273), (1,18202), (0,1851), (0,7995), (0,828), (1,543), (4,5570)
conocereis	(4,8374), (1,13911)
tendran	(3,530), (3,729)
inviamos	(0,981), (0,935)
globe	(5,3125), (5,888), (5,2570), (5,2698), (5,8123), (5,588), (5,752), (5,2513)
tendras	(2,3059), (2,3060), (1,836), (1,840), (1,2922), (2,5820)
atractivos	(2,3155), (1,287)
acemilas	(1,12415)
constaba	(2,5553), (0,8576), (3,2326), (5,2912), (2,3102)
aceptarlas	(1,15041)
ganaba	(4,2387), (5,1080), (4,6699), (1,7293), (1,18605), (4,4097), (1,8639)
hebreo	(2,1987)
festejada	(4,788), (5,2184), (4,2912)
palpables	(5,6644), (5,5897)
abusa	(5,6354)
alumbran	(1,11811)
suplicaba	(1,6888), (1,7439), (1,13839)
melindrosa	(2,5780), (1,18568), (1,11371), (1,11883)
alumbrar	(1,16131), (0,6435)
amuro	(0,6126)
militario	(4,6003), (4,3048)
pagais	(4,7927), (4,6252), (4,2255)
granjeria	(0,335)
tenor	(0,1455), (1,16979), (0,2700), (3,2337)
abuso	(5,5049), (5,7481), (3,1919)
responderme	(1,12122), (2,4112)
preguntaba	(1,2113), (1,15345), (0,6097), (1,7315), (0,7635), (5,1369), (0,7621), (1,9110), (2,569), (1,8522), (1,17743)
vita	(4,6407)
cogerlas	(1,10049)
montana	(3,1380), (3,1444), (3,1460), (3,1461), (3,1464), (3,1757), (3,1441), (1,3807)
vito	(4,5999), (4,3042)
visu	(2,529)
litter	(1,10928)
mozo	(1,11552), (1,13346), (1,11301), (1,12325), (1,3110), (4,4044), (0,4172), (1,11312), (0,6997), (1,10038), (1,14136), (1,8762), (1,2108), (1,13372), (4,6368), (1,13374), (4,2018), (1,13377), (4,745), (1,1608), (1,2120), (1,12872), (4,5868), (1,1098), (1,10828), (1,13388), (4,754), (4,5365), (1,12886), (1,2138), (1,1883), (4,5889), (4,4867), (1,18529), (1,4962), (1,11362), (4,4102), (1,11875), (3,806), (1,13415), (1,1897), (1,1899), (1,7019), (4,5391), (4,5648), (4,4881), (4,5394), (1,4975), (4,5141), (1,2166), (1,11126), (4,1818), (1,4983), (1,1913), (1,2172), (1,1917), (1,12157), (1,2176), (1,13440), (1,11649), (1,12930), (1,3717), (1,4997), (1,13961), (4,1581), (4,1582), (1,1932), (1,5006), (1,11664), (1,1939), (1,11671), (4,3387), (1,11673), (1,11676), (1,5024), (1,12961), (4,3910), (1,9636), (1,12964), (2,1416), (1,5033), (4,3661), (4,4941), (1,17073), (1,5812), (1,14261), (4,4954), (1,10679), (1,1977), (1,12985), (1,11963), (1,5054), (4,7265), (0,6621), (1,17345), (0,6625), (1,13764), (0,6629), (1,5319), (0,6631), (1,5066), (1,5071), (4,7538), (0,6638), (1,5328), (1,12752), (0,6642), (1,5077), (1,16342), (0,9975), (1,13273), (1,12763), (1,5084), (1,12764), (0,9980), (4,1921), (1,5860), (0,6660), (1,9190), (1,10470), (1,11241), (1,2027), (1,12784), (1,12786), (1,3063), (1,4857), (0,10264), (1,12794), (1,13307), (1,1788), (1,2045), (1,13309), (1,11008), (1,15616), (1,8197), (1,2055), (4,6314), (1,10504), (1,15882), (1,2063), (1,11280), (4,4024), (1,1046), (1,11286), (1,3096), (1,13337), (1,3101), (1,12063)
dejado	(1,18913), (1,18274), (1,10728), (2,7371), (5,4399), (1,15980), (5,2803), (5,1654), (2,5523), (1,9138), (5,311), (0,8274), (1,11957), (1,7288), (5,4226), (1,12863), (3,1730), (1,10432), (3,260), (1,17346), (1,2179), (1,10883), (5,2250), (1,18951), (5,1420), (1,3144), (1,12874), (1,14538), (1,14284), (1,12557), (3,2256), (1,8273), (1,9425), (4,7352), (2,6199), (1,18070), (3,1371), (1,2585), (2,4670), (1,13341), (1,8862), (1,17118), (2,3328), (1,4127)
espereis	(4,7131)
rendidos	(1,1499)
siembren	(0,3755)
bozo	(4,1818), (4,1279)
afligiose	(1,17102)
ingeniosas	(2,4003), (5,1835)
fuerades	(4,6037), (1,2118)
sanson	(2,7624)
improvisados	(5,4345), (5,4830)
rindieron	(0,7494), (1,6696), (1,4351)
afeitar	(4,8806), (4,8007), (4,7352), (2,7382), (4,682), (4,6240), (4,7377)
presupuestos	(5,2635), (5,2683)
quedandose	(1,12321)
teneos	(4,2462)
viso	(0,11711), (0,12048), (4,1304), (0,11722)
condenen	(1,6260)
igual	(1,9569), (2,5189), (5,5673), (5,1962), (0,199), (2,1993), (2,2953), (3,2858), (5,45), (1,2281), (3,1264), (5,4981), (0,13073), (0,402), (5,1146), (1,2870), (1,11255), (5,7229), (5,767), (0,13339), (5,1922), (5,7170), (5,4422), (5,7304), (5,2698), (0,13605), (1,4487), (1,6279), (1,13255), (1,970), (5,1615), (1,10637), (5,466), (0,622), (5,4185), (5,3554), (1,8287)
moza	(1,18913), (1,11042), (4,3334), (1,15907), (1,15973), (4,2569), (1,18601), (1,9962), (4,8719), (1,18352), (4,8087), (4,3996), (1,5497), (1,18810), (4,3998), (1,11643), (1,893), (1,11070), (1,15425), (1,17409), (1,18626), (1,14276), (0,6181), (4,874), (1,12617), (1,15818), (1,15882), (1,11340), (1,17166), (1,11028), (1,18325), (1,278), (1,11031), (1,15895), (1,16407), (1,15833), (1,11034), (1,16411), (1,15901)
silencioso	(3,518), (5,4560)
escrito59	(5,4559)
afrontar	(5,1283)
fabricandose	(3,2551)
acostumbraban	(1,13381), (1,1855)
locke51	(5,4287)
declarandola	(5,1134)
dejala	(1,7996)
espereme	(2,7556)
tomamos	(0,10481), (0,6963), (0,10004), (0,10311), (0,10599), (2,2556), (0,9994), (0,10138), (0,6716), (0,10924), (0,9998)
consultarlo	(3,2363)
declarandole	(1,14032), (0,2916)
concordantes	(3,520)
adrezadas	(0,5217)
rogara	(4,4945)
lanchas	(3,2934), (5,2013), (1,6778)
restauracion	(1,17813), (2,4220), (1,18190), (1,12127)
desembarcadero	(0,3683), (0,10232), (0,3691)
despreciaras	(2,4497)
tenir	(5,7051)
franca	(0,4023)
vive	(2,5189), (3,744), (4,5257), (1,7604), (1,694), (4,2779), (5,6908), (1,13496), (5,6784), (4,2080), (1,17985), (3,1672), (2,6183), (4,6442), (3,2634), (4,6443), (1,18319), (1,4112), (1,17296), (1,979), (4,1270), (1,12885), (3,1368), (2,3065), (1,11608), (1,13337), (1,5658), (1,18650), (1,18012), (1,12701)
militaron	(5,2243)
vigiladas	(5,3692)
consultarme	(2,3576)
france	(3,29)
vivo	(1,17568), (2,7236), (4,8518), (1,7396), (4,395), (0,3340), (1,503), (5,1020), (1,3960), (1,16254), (1,7679), (1,14591), (2,3556), (3,2695), (1,6471), (1,5320), (5,5905), (1,18770), (1,3734), (5,6426), (4,6842), (2,4025), (3,1372), (2,1788), (1,3739), (2,1341)
circunstantes	(1,864), (1,18433), (1,388), (4,329), (1,7592), (1,7434), (5,2865), (1,3501), (5,7677), (1,12249), (1,9307), (1,2780), (1,4572), (1,6429)
partida93	(0,9152)
obedecieron	(0,3350), (1,16824), (1,3567)
fiable	(0,2203)
rogare	(1,10677)
extractar	(5,5867)
techadas	(3,369)
marsellesa	(5,2812)
anadieron	(1,4331)
teneis	(0,1727), (4,4675), (1,5410), (1,7970), (4,3782), (1,12323), (0,1092), (4,6475), (0,1738), (4,6225), (4,6481), (4,6483), (4,6870), (0,3158), (0,1113), (4,6623), (1,5437), (0,1245), (1,14529), (1,10563), (4,1639), (4,2669), (1,2506), (4,6258), (1,12624), (1,13778), (1,5461), (1,345), (1,11356), (0,4477), (1,15071), (1,12642), (4,2310), (4,1803), (0,10760), (4,1169), (1,2671), (1,9711), (4,7443), (4,917), (4,918), (4,537), (4,1562), (1,14200), (1,8190), (4,8098), (4,6949), (4,2217), (1,6407), (4,1451), (4,6571), (1,14601), (4,2222), (4,6705), (0,1198), (0,3120), (4,4276), (1,8337), (4,6581), (4,1974), (1,2579), (4,4022), (4,7737), (4,1979), (4,5308), (0,5304), (4,3902), (1,9755), (4,6591), (1,9756), (4,449), (0,1085), (1,3742)
franco	(5,2219), (5,7116), (5,591), (5,7506)
preponderaban	(5,2344)
viva	(1,10210), (5,2600), (3,168), (1,13482), (4,5396), (0,4561), (4,983), (1,12213), (2,5528), (5,1980), (4,1309), (5,7806), (1,15995), (5,2432), (1,3454), (4,5282), (2,7328), (0,1759), (1,6272), (1,15233), (5,4038), (2,5219), (2,5283), (2,1319), (2,1576), (5,652), (4,1836), (2,171), (2,5611), (5,527), (2,7405), (2,5294), (1,143), (2,436), (4,760), (1,1751), (2,4218), (4,6333), (1,1630), (2,4864), (2,5568)
anunciadores	(5,3366)
declarandome	(1,13065)
intendente	(2,3634)
lastimada	(1,12480), (1,8805), (1,8744)
califica	(5,5512)
pagaba	(4,2039), (0,7875), (1,4810), (5,351), (4,5394)
rechazando	(2,5895), (5,2847), (2,4175)
alfange	(3,330), (0,7130)
introducciones	(5,6186), (5,6011)
paraba	(1,15684), (1,4342), (1,2106), (1,17466), (1,17742), (1,5807)
freeport	(5,2167), (5,2206)
absente	(0,2201)
lastimado	(1,13137), (1,3506), (1,10679), (1,3384), (5,6925), (1,10715), (1,13021), (4,4897)
equivocaba	(2,4058), (5,6862)
reberse	(0,5578)
temiera	(1,17936)
rogase	(0,7777), (1,4136), (0,7758)
charlatanismo	(5,5053), (5,1119)
ligereza	(1,3350), (4,1962), (0,6414)
firmada	(0,5087), (1,13952), (3,612), (0,1441), (0,2402), (0,2564), (0,2341), (4,6409), (2,5257), (0,5511), (2,7889), (1,13522), (1,13906), (0,4370), (0,3032), (1,17273)
parado	(1,5520), (1,12772), (1,5525), (1,12760), (1,9065), (1,10650), (1,16362), (1,12764), (1,11406)
adelantara	(4,2491)
paladinamente	(5,2348)
sinifico	(0,8402)
tenle	(1,17386)
deshaganse	(1,5698)
marzodos	(0,11819)
dejais	(1,2116), (1,8630)
alumbres	(0,8628)
escede	(1,9068)
equivocado	(2,5873), (2,3392)
firmado	(0,1663), (0,2463), (5,2502), (0,3106), (0,4293), (0,4327), (0,4396), (0,11664), (0,2897), (0,562), (0,2706), (0,3034), (0,1243), (0,8315), (0,4349), (0,4318)
lugubre	(2,1265), (2,6136), (2,7676), (2,6013), (5,1633)
califico	(5,6065), (5,2195)
asusto	(2,6630)
fichte	(5,4297), (5,8211)
conversion	(0,319), (0,1433), (0,4954), (0,4974)
extremas	(5,2679)
acrecentamiento	(0,4529), (0,6082), (0,1892), (0,9189), (0,5532), (0,9182)
treinta	(0,1087), (0,3903), (2,2562), (0,3908), (0,3909), (0,2631), (0,3911), (0,10056), (5,943), (0,3914), (0,10063), (5,5813), (0,10066), (5,6586), (0,3670), (1,16696), (2,6686), (1,12862), (3,1283), (3,1032), (0,3942), (5,2508), (1,7241), (4,237), (0,4717), (0,4718), (0,3953), (0,3954), (5,2776), (3,1051), (0,10361), (0,3962), (0,9596), (1,9054), (0,3967), (0,9856), (2,6979), (3,293), (5,1512), (0,10117), (5,3309), (0,10120), (5,3056), (3,303), (0,10127), (0,9618), (0,9621), (3,1082), (0,9626), (0,9629), (5,6659), (0,8863), (0,9887), (0,5792), (0,1444), (5,7434), (0,8101), (0,10149), (3,1097), (0,10406), (1,5000), (0,9639), (3,333), (0,9642), (0,9645), (0,9648), (5,6934), (5,4120), (0,1461), (0,9397), (1,5529), (5,542), (3,349), (0,9662), (1,14496), (5,1317), (5,1320), (1,4516), (0,8135), (0,8391), (5,3885), (0,715), (5,5947), (0,9690), (1,15805), (5,1350), (1,12739), (4,359), (5,3401), (0,9702), (4,7020), (0,9705), (1,1996), (0,6635), (1,718), (0,4845), (5,3155), (5,2135), (4,8566), (5,2651), (1,5849), (0,9723), (2,4798), (5,5986), (1,18400), (0,3331), (0,9733), (5,1901), (0,7176), (0,9736), (4,7056), (0,9741), (1,6643), (4,410), (0,11031), (1,10233), (5,5502), (0,3871), (0,13089), (0,8739), (0,2854), (1,17419), (3,1742), (5,6548), (5,6038), (5,152), (5,6552), (3,1239), (5,1434), (1,5910), (0,5942), (0,3896), (0,11064), (0,9787), (1,13342), (5,419)
dulzura	(1,10803), (1,7750), (1,6328)
refigurar	(1,15664)
suban	(2,5489), (2,1810), (2,1811), (1,11588)
adelantase	(5,303), (0,6062)
bound	(3,3076), (5,8934), (4,8966), (0,13780), (1,19029), (3,3082), (2,8105), (1,19035), (5,8928), (4,8960), (2,8111), (0,13773)
catholicamente	(0,1759)
destapo	(0,10514)
pagada	(1,6946), (1,564), (4,7351), (4,2571), (4,4733), (4,7902), (4,7554)
sincope	(2,914), (2,3357)
cuentanos	(1,5511)
afeites	(4,1268), (4,682)
pagado	(1,9699), (5,6024), (4,3082), (0,4391), (1,13293), (0,1165), (0,8113), (0,2034), (4,3126), (4,5592), (1,15125), (1,12951), (1,5976), (0,280), (0,1529), (0,1178)
antojadiza	(1,18626), (1,10447)
jitanerias	(1,266)
estranjeros	(1,14304), (1,17089), (1,13731), (1,14116), (1,17204), (1,8215), (1,17095)
prerogativa	(1,16418), (1,2342), (1,18366)
parada	(1,17045), (2,5086)
equivocada	(4,256)
aventajen	(1,3405)
melcocha	(4,4618)
dijesen	(1,6848), (1,8448), (1,8896), (1,9152), (1,9108), (1,3499)
incontrastable	(1,13024), (5,1638), (1,14258), (5,2461)
visitador	(0,5762), (0,5523), (0,12951), (0,728), (0,13418), (0,812), (0,765), (0,13213), (0,12510)
visitados	(1,11590)
presenciar	(2,6328)
presencias	(1,12577), (4,7792)
pagaos	(4,5542)
lijeros	(0,9935), (1,16840), (1,6492)
fijando	(5,4932), (2,1030), (4,169), (2,1467), (2,3051)
digais	(4,5828), (4,6324), (1,14818), (4,3431), (1,2550), (1,8442), (4,1246), (4,2542), (4,3359), (4,834)
irritacion	(2,2242), (2,6826), (2,7482)
presencian	(5,2864)
trocara	(1,2966)
aleluyas	(5,6942)
consiguira	(3,2640)
presencial	(5,7660), (5,6606), (0,13130)
reduce	(5,582), (5,6432), (5,771)
entrome	(1,5224)
sustentados	(1,14344)
suspendian	(5,4119)
tendria	(1,6945), (1,8289), (1,8673), (1,13282), (2,7814), (1,10757), (1,12933), (1,10694), (3,873), (2,3626), (1,9486), (3,883), (1,9649), (1,15346), (1,18578), (1,8851), (1,2484), (0,13365), (5,7868), (1,2809), (2,3930), (1,14297), (1,9498), (1,6203)
discusion	(5,6118), (5,2154), (5,3338), (2,5223), (5,1966), (5,2158), (5,5553), (5,6833), (5,3124), (5,3093), (5,2683), (5,5051), (5,2556), (5,2461), (2,5215), (5,5922), (5,1987), (5,5059), (5,7747)
carnaval	(4,4147)
diabolico	(4,659), (2,7253)
agresivas	(5,2962)
calamitosa	(1,16834)
exhibido	(3,2306)
doctrina	(5,2116), (5,5028), (4,8457), (5,1899), (0,8423), (5,206), (3,336), (5,2194), (5,1523), (1,11887), (4,8406), (5,6264), (0,1077), (0,8855), (3,2812), (1,16795)
comparase	(4,6699)
diabolica	(1,18627), (2,5656)
comprenderlo	(2,7911)
desconcertadas	(2,4397)
palangana	(2,3834)
suspendido	(5,873), (1,15546)
trocase	(1,13283)
digala	(1,4973)
dirala	(0,3520)
httpgutenbergorglicense	(4,8947)
fardos	(0,6431), (0,7007), (0,6426), (0,6187), (0,13646)
consintirian	(0,7775)
salutacion	(1,15246)
antoja	(1,2993), (1,11745), (1,1699), (2,4805), (4,6760), (4,3609), (1,11350), (5,5567), (1,10236)
suspendida	(5,2665), (5,5066)
acaesciese	(0,3985)
poblo	(3,718), (0,13068)
tabla	(4,8423), (2,4054), (4,8424), (4,3323), (4,2140), (4,8445), (4,2350), (4,7790), (2,4189), (0,6333)
pagare	(4,7876), (4,8006), (1,2423), (4,4331), (1,5883), (4,2336), (4,2434)
pagara	(4,2307), (4,4660), (4,5029), (4,6389), (4,3415), (4,6519), (1,9701), (4,8140), (4,5165)
permanencia	(3,1650)
numerodicey	(5,763)
pensamientos	(1,3616), (1,2211), (1,17701), (5,810), (1,6438), (1,4393), (1,3373), (1,9264), (1,11952), (1,17713), (1,14774), (1,4536), (1,4157), (1,2238), (1,13505), (0,8290), (5,3912), (1,17990), (1,6217), (1,1485), (1,18639), (1,9426), (1,12116), (1,13142), (1,11097), (1,16858), (1,11100), (1,12381), (1,2910), (1,10854), (1,17894), (1,4072), (1,10731), (1,1004), (1,3949), (2,463), (2,2896), (5,4851), (1,8431), (5,4858), (1,3320), (1,3066), (1,11388), (5,7172), (2,226), (1,16514), (2,231), (1,2184), (2,3690), (5,7053), (1,13963), (1,10637), (1,16657), (1,9619), (1,16020), (1,13719), (1,12568)
pertenesciere	(0,1500)
semidios	(5,5591)
proveydos	(0,2927)
antojo	(2,4118), (1,10759), (5,7452), (2,3226)
cabinasi	(5,1067)
dejaronla	(1,14842)
negarsela	(1,6219)
preguntais	(1,3683)
prolijamente	(5,922)
digame	(2,1027), (1,9602), (4,8184), (1,11333), (4,3034), (2,1276), (2,1932), (1,5051), (1,4924), (2,2463)
prevalecieran	(2,366)
compliere	(0,2834)
paraos	(0,6720), (0,8640), (0,8001), (0,13569), (0,10690), (0,6404), (0,9989), (0,10118), (0,6984), (0,8585), (0,8778), (0,6669), (0,8589), (0,10510), (0,8592), (0,7697), (0,10323), (0,10517), (0,10902), (0,8599), (0,7000), (0,8986), (0,6557), (0,6367), (0,7008), (0,10016), (0,6305), (0,8482), (0,6500), (0,6311), (0,10217), (0,6314), (0,10218), (0,7851), (0,8941), (0,6323), (0,9907), (0,436), (0,6645), (0,9912), (0,6714), (0,8570), (0,9915), (0,7677), (0,8573), (0,10110)
tartago	(1,1498)
dejame	(2,8001), (2,8017), (2,3427), (2,7996), (2,3965)
dejaronle	(1,8637)
ovid	(4,7235), (4,7272), (4,7258), (4,7227), (4,7212), (4,7311), (4,7282)
tomarselo	(0,7940)
abalanzamos	(1,1626)
espadas	(1,2083), (1,14887), (1,5096), (2,2827), (2,2831), (1,10928), (1,13745), (1,14388), (1,17204), (1,14391), (0,10583), (1,8699), (2,1757), (2,1695), (1,17215), (1,5120), (2,1698), (2,1702), (2,5037), (1,13773), (1,10959), (1,18511), (1,17232), (2,5172), (2,5175), (3,1309), (3,1501), (2,5181)
digalo	(2,2153), (2,7851), (1,13132)
agueros	(4,5817), (4,5722), (4,5819)
tentabale	(1,6752)
silvestre	(3,468), (3,389), (3,456), (3,521), (3,283), (3,411), (3,525)
constant	(0,13807), (3,3109), (1,19062), (2,8138), (4,8992), (5,8961)
exteriores	(2,5012)
prosista	(5,6111)
despidieronse	(1,9489), (1,6214), (1,9928), (1,921), (1,15049), (1,1501)
arremetieron	(1,14179), (1,1749), (0,8950), (1,7902), (1,11406)
impertinentes	(1,16999), (1,16459), (1,18719)
patrimonial	(2,2862)
civitas	(4,8476)
corriesen	(0,6276), (0,6039), (0,7453)
lozano	(3,902), (3,199), (4,4477), (3,991)
alinada	(4,493)
dejate	(1,11908), (1,1324)
vinos	(4,6168), (4,7050), (1,7753), (1,7758)
proponemos	(2,4638)
vascongada	(3,841)
actuaba	(5,1049)
entrose	(1,14373), (1,6727), (1,12311), (3,955)
hicieremos	(0,8628)
acatadas	(5,694)
gante	(1,7844)
tocino	(4,4835), (1,17108), (4,429), (0,2282), (4,4833), (4,674), (4,4818)
camiguinin86	(0,7218)
enmendallo	(4,8497)
escena	(5,6564), (5,7460), (5,5509), (5,2983), (2,3716), (5,392), (2,427), (5,5742), (5,7534), (5,4017), (2,815), (5,7221), (2,7635), (5,2424), (5,5496), (5,890), (5,766), (2,3164), (5,2687), (5,2690)
trasanejo	(1,5431)
quedandome	(1,16994)
partidarios	(5,3380), (5,2117), (5,3365), (2,163), (5,4982), (5,2120), (2,155), (2,190), (5,3793), (5,2083)
dejase	(0,8928), (1,3938), (1,4420), (1,1734), (1,16843), (1,16013), (2,4399), (1,7088), (1,10896), (0,7760), (1,4371), (1,6132), (1,9973), (1,17719), (1,14617), (1,16185), (2,6140), (1,10811), (1,4190), (1,1471)
dirigiendose	(2,7593), (3,1711), (3,288)
paraje	(1,6450), (0,12946), (1,7528), (3,571), (1,5309), (2,1296)
volvieron	(1,5153), (1,6050), (1,11236), (1,10918), (1,7399), (0,8968), (0,8649), (1,3179), (1,15280), (0,8592), (1,6643), (1,12981), (3,1720), (0,6997), (0,7766), (0,10135), (1,8700), (0,8348), (1,8958), (1,10430), (1,3457), (1,1986), (0,8546), (1,9348), (0,7781), (3,778), (1,14216), (1,15688), (1,14857), (1,14219), (0,8235), (1,14157), (1,12878), (1,11919), (1,14545), (1,18517), (1,5590), (0,6518), (0,6902), (0,7863), (1,18520), (2,7675), (1,14108), (5,354), (1,7454)
responderle	(1,6853), (1,12463)
descontentamiento	(0,2502)
lozana	(4,7620), (4,5062), (4,5574), (4,8136), (4,4554), (4,6602), (4,8650), (4,971), (4,7627), (4,7629), (4,465), (4,5075), (4,8663), (4,6617), (4,7129), (4,8665), (4,4058), (4,8671), (4,6624), (4,5089), (4,7653), (4,5094), (4,8678), (4,8682), (4,6124), (4,6128), (4,5624), (4,7672), (4,6650), (4,8701), (4,5118), (4,8704), (4,1), (4,8710), (4,4103), (4,9), (4,6672), (4,8723), (4,20), (4,8725), (4,7704), (4,8731), (4,4638), (4,7198), (4,5153), (4,4643), (4,8228), (4,8741), (4,7720), (4,8745), (4,8747), (4,5165), (4,8750), (4,4143), (4,8756), (4,4149), (4,4661), (4,8759), (4,5176), (4,570), (4,7227), (4,8763), (4,572), (4,3644), (4,4669), (4,3647), (4,8767), (4,4672), (4,7235), (4,5188), (4,3656), (4,75), (4,5707), (4,6219), (4,5198), (4,8783), (4,4688), (4,5712), (4,7761), (4,7251), (4,3668), (4,8788), (4,1623), (4,8792), (4,6746), (4,1115), (4,7771), (4,3678), (4,8798), (4,4191), (4,8800), (4,8803), (4,3684), (4,5732), (4,6244), (4,4198), (4,6761), (4,8297), (4,8809), (4,4715), (4,6251), (4,8813), (4,3694), (4,623), (4,8816), (4,113), (4,625), (4,8819), (4,628), (4,4213), (4,7800), (4,8824), (4,7801), (4,7802), (4,8826), (4,123), (4,5244), (4,8316), (4,7293), (4,8829), (4,8833), (4,3204), (4,133), (4,8837), (4,7814), (4,5255), (4,7303), (4,650), (4,7818), (4,8842), (4,8846), (4,145), (4,2705), (4,7825), (4,8850), (4,8339), (4,5268), (4,150), (4,7319), (4,8855), (4,8344), (4,4249), (4,8858), (4,5275), (4,5789), (4,4766), (4,8350), (4,8862), (4,5279), (4,8352), (4,8864), (4,7330), (4,7842), (4,8867), (4,7334), (4,3752), (4,4777), (4,5289), (4,8875), (4,172), (4,7341), (4,4272), (4,8368), (4,8880), (4,3761), (4,692), (4,4788), (4,183), (4,5304), (4,186), (4,6842), (4,8891), (4,7360), (4,4801), (4,8900), (4,4293), (4,6342), (4,5319), (4,8903), (4,6857), (4,5325), (4,7376), (4,5329), (4,3795), (4,3285), (4,5846), (4,3800), (4,8409), (4,5851), (4,5340), (4,4830), (4,1759), (4,8415), (4,8416), (4,8418), (4,5347), (4,5859), (4,8420), (4,5862), (4,2792), (4,3818), (4,7403), (4,5872), (4,7921), (4,6388), (4,7925), (4,3831), (4,4344), (4,251), (4,5371), (4,8443), (4,7932), (4,7424), (4,7431), (4,3851), (4,5387), (4,7950), (4,4886), (4,5911), (4,6423), (4,4894), (4,5919), (4,7455), (4,288), (4,4898), (4,5922), (4,6439), (4,4393), (4,3370), (4,5418), (4,3883), (4,303), (4,4911), (4,7471), (4,3377), (4,2355), (4,6452), (4,5946), (4,7482), (4,7995), (4,6973), (4,7997), (4,3390), (4,5439), (4,2882), (4,5442), (4,4931), (4,2372), (4,5445), (4,7494), (4,4938), (4,335), (4,8015), (4,3922), (4,7508), (4,344), (4,8024), (4,5465), (4,2397), (4,4957), (4,4450), (4,7522), (4,3941), (4,358), (4,4454), (4,2410), (4,6508), (4,8044), (4,8556), (4,7021), (4,4974), (4,3952), (4,373), (4,7029), (4,8055), (4,6521), (4,4480), (4,4482), (4,3977), (4,4489), (4,7561), (4,5514), (4,8074), (4,5516), (4,8588), (4,7565), (4,910), (4,4495), (4,8079), (4,4497), (4,6034), (4,7571), (4,6037), (4,5016), (4,6553), (4,7065), (4,3994), (4,4506), (4,8091), (4,415), (4,6049), (4,5541), (4,7589), (4,8101), (4,6054), (4,4007), (4,6570), (4,5035), (4,7085), (4,5040), (4,6067), (4,5048), (4,5564), (4,3005), (4,4541)
pagaronla	(2,1082)
animadas	(2,1965)
querellose	(1,17300)
dejara	(1,3936), (1,14464), (1,14882), (2,1322), (2,1099), (1,17259), (1,17451), (3,655), (1,13678), (1,12721), (1,11508), (1,12631), (5,6588), (3,2684), (1,18204), (1,10974)
veiamos	(0,10435), (0,10677), (0,10151), (0,8941)
muertemiguel	(0,5548)
militares	(5,2484), (2,7042), (5,3322), (3,1241), (2,1962), (5,3823), (5,4480), (5,7008), (5,5441), (5,5617)
pagame	(1,13039)
enajenacion	(2,7821)
hebras	(1,11256), (4,1454)
tento	(1,10514), (1,14467)
custodiando	(5,2938)
dejare	(2,4785), (1,3412), (1,17461), (1,13447), (1,13975), (1,10683), (2,494), (1,18702), (1,9759)
orillas	(3,2082), (3,1382), (5,3369), (5,3146), (3,1353), (5,5291), (5,3934), (3,1453), (3,1470), (3,1423), (5,2769), (5,5555)
entremeternos	(1,1648)
subid	(1,1249)
subia	(1,11393), (0,7029), (1,3943), (1,8680), (1,10027), (2,1982), (1,10287), (1,11391)
responderia	(1,7908), (5,575), (1,12796), (1,4141)
sustentamiento	(0,2671), (0,3624)
cecear	(1,9950)
recelos	(3,2819), (3,2837), (1,10492)
ceceas	(4,7153)
maniobra	(5,2474)
tente	(1,1478), (4,1833), (1,8922), (4,5151)
galochas	(4,471)
marinero	(0,13455), (1,17184), (1,5634), (0,4406), (1,6071), (1,18665), (4,943), (0,7531), (0,2301), (0,6461), (0,10733), (0,11406)
subir	(0,6271), (4,3237), (2,5699), (1,18178), (2,1003), (3,1263), (4,531), (2,4273), (4,8084), (5,6741), (5,5527), (1,13715), (4,6969), (0,342), (2,6008), (2,5721), (1,13816), (0,6266), (0,11899)
conspectu	(1,8257)
incapaces	(1,13027), (2,6710), (5,1695), (2,2207)
quedandoos	(0,5330)
siembran	(3,2024), (4,6041), (3,1995), (4,8012)
pobre	(1,17699), (2,2821), (2,4102), (2,3079), (5,7083), (1,10027), (1,10028), (1,12077), (1,10031), (5,5813), (1,18243), (1,18244), (2,3111), (1,18246), (4,4848), (2,5422), (1,4946), (1,9811), (2,7989), (2,5430), (1,11866), (2,3146), (4,8208), (1,626), (2,1368), (2,4186), (1,2938), (2,1629), (5,3840), (5,2307), (2,4450), (2,3429), (1,16004), (2,2920), (1,9864), (4,7212), (1,9869), (1,910), (1,18326), (4,2365), (4,5693), (2,1664), (4,6978), (1,2469), (2,4230), (1,4519), (0,6605), (2,4752), (2,2449), (5,3892), (4,4436), (1,695), (2,1944), (1,9655), (1,697), (1,9657), (2,7835), (1,1212), (5,1088), (2,1700), (0,6631), (1,10440), (1,10697), (1,1230), (5,3666), (0,10734), (1,9425), (1,9429), (4,633), (2,3001), (2,7097), (3,414), (4,6528), (1,7646), (1,9694), (2,3008), (1,7904), (1,9696), (1,8929), (2,3780), (0,6660), (0,518), (1,999), (1,9447), (4,4491), (2,1482), (1,10730), (5,4467), (1,16623), (2,6354), (1,9969), (0,8723), (2,1750), (1,9206), (2,3032), (2,4056), (2,1498), (1,15099), (1,9981), (5,1156), (0,3872), (2,7139), (2,1508), (4,7590), (5,6025), (1,18694), (2,3048), (1,9992), (2,7146), (4,8109), (2,4848), (1,15120), (2,1273), (1,10008), (2,6138), (1,9499), (2,3069), (2,1791), (2,1024)
dandonos	(0,3940), (0,3911), (1,16571)
estropajo	(4,7166), (4,7153)
pagalo	(4,1643)
pelados	(4,8066)
refrenarse	(2,1378)
subio	(1,12801), (4,4584), (5,7305), (0,7268), (2,7592), (2,4458), (1,6220), (1,1357), (5,2098), (1,12658), (1,15413), (0,6933), (1,5752), (2,671), (2,928), (4,6082), (5,5891)
pelador	(4,2355), (4,1943)
fraguadas	(5,2100)
condenar	(2,147)
condenan	(1,17944)
patagonicas	(3,2788), (3,591)
barbacoas	(0,13647), (0,6705), (0,6187)
pajarraco	(2,2691)
aperciviendoles	(0,8563)
concordaban	(3,1662)
heroina	(5,6577)
inclinandonos	(3,2232)
congregar	(5,5056)
parala	(0,4404)
tenue	(5,5017), (1,18383)
santas	(0,2114), (0,2178), (1,4739), (0,2086), (1,9320), (1,11740)
convertirse	(2,6819), (1,15827)
tanendo	(1,16481)
embarcara	(0,5766), (0,571)
mirariades	(4,3782)
redujo	(1,17104), (1,7730), (3,536), (5,3067), (0,775), (5,7665), (1,8927)
embobada	(1,18816)
firmase	(1,13949)
loaysa	(1,10276), (1,10405), (1,10409), (1,10158), (0,3151), (1,9651), (1,9783), (1,10295), (1,10043), (1,10299), (1,9662), (1,9791), (0,3426), (1,9923), (1,10693), (1,9672), (1,9800), (1,10696), (1,10062), (1,9808), (0,115), (1,9814), (1,9688), (1,10328), (1,10585), (1,9947), (1,10075), (1,9820), (1,9694), (1,10334), (1,9824), (0,3328), (1,10082), (1,9955), (1,10467), (1,10723), (1,10089), (1,9706), (1,9835), (1,9966), (1,10094), (1,9839), (0,3216), (1,10226), (1,9845), (1,10485), (1,10106), (0,5787), (1,9980), (1,10108), (1,9725), (1,9856), (1,9985), (1,9860), (1,10118), (1,10119), (1,9864), (1,9738), (1,9870), (1,10000), (1,10128), (1,10256), (0,12337), (1,10006), (1,10136), (0,11832), (1,10010), (0,570), (1,9755), (1,10139), (1,10523), (1,10013)
peladas	(0,6689)
transformarse	(5,2714)
venetiis	(4,197)
alcohol	(4,3547), (4,7949)
suspira	(5,6080)
destacabase	(2,7682)
deslumbrado	(5,7748)
zapatilla	(4,471)
firmare	(4,5131)
inigo	(0,408)
arcos	(0,467), (1,7782), (0,7865), (0,8602)
lamentar	(5,6378), (1,2889), (1,16077)
agallones	(4,6059)
animados	(5,789), (5,4649)
motor	(5,2375)
vengada	(1,5512)
aguinaldo	(4,1655)
preguntase	(1,14794)
molinillo	(1,4597)
molinos	(2,4721)
sevilla	(1,9378), (1,7204), (1,10788), (0,3527), (1,9512), (1,17321), (1,18730), (1,16811), (1,17067), (1,11052), (1,7213), (1,4782), (1,11454), (1,17090), (1,13379), (1,6085), (1,16711), (1,2120), (1,7370), (5,6738), (1,9422), (1,2128), (1,10960), (1,18512), (1,16337), (1,7251), (1,7253), (0,1013), (1,10329), (3,415), (1,2141), (1,7261), (1,10973), (1,2142), (4,6403), (1,10978), (4,390), (1,5091), (1,12899), (1,16615), (1,10985), (1,11498), (1,16362), (1,7276), (1,13292), (1,9970), (1,2165), (1,17269), (1,7158), (5,6523), (1,16377), (1,12922), (1,7291), (1,7300), (0,12835), (0,3108), (1,13578), (0,10670), (1,11027), (1,10773), (1,16662), (1,4760), (1,7196), (1,9629), (1,7198)
fabulas	(2,2003), (3,827)
ganare	(4,2019), (4,8133), (4,1830), (0,2292), (4,6282), (4,7985)
moratin	(2,3129), (4,112)
amasaron	(5,7372)
ganase	(5,7269)
mamamos	(1,16743)
lechugas	(2,6475)
extremos	(5,2967), (5,6455), (5,1992), (4,3049), (5,1713)
suspiro	(1,10594), (1,13122), (1,2659), (1,9734), (2,3016), (2,4879), (2,1140), (1,3667), (2,7860), (2,2999), (1,13015), (1,10553), (2,3004), (2,6366), (1,13054), (2,5568)
protestantes	(5,7815)
rapolo	(4,7036)
preguntare	(0,2129), (0,2131), (0,2355), (1,17620)
alguna	(0,4672), (1,14369), (0,5186), (1,9764), (0,9283), (5,4523), (5,4525), (1,9258), (0,4683), (1,2093), (1,6705), (0,6737), (2,6678), (1,1590), (1,14390), (0,5718), (1,12345), (0,5211), (1,1598), (1,5184), (0,2658), (1,15428), (2,4647), (1,16455), (5,1489), (0,2669), (2,1072), (0,4720), (1,15953), (1,6738), (1,8274), (0,5234), (1,14932), (1,11861), (5,4570), (1,11351), (1,1113), (5,2525), (1,2649), (0,3194), (1,12891), (2,5693), (1,13916), (0,6780), (0,5759), (1,12387), (0,5253), (0,2695), (0,4743), (0,1161), (1,9836), (1,15470), (0,3727), (0,1680), (1,6258), (1,1139), (1,17523), (3,566), (5,7672), (1,9332), (0,4756), (0,7317), (2,89), (0,7322), (1,8827), (1,17532), (0,1181), (0,2205), (2,4704), (0,7328), (2,1635), (0,3233), (0,8354), (5,2568), (1,13956), (1,3719), (0,4265), (3,2127), (1,3728), (1,7824), (1,16529), (4,6197), (1,16530), (1,13459), (5,6680), (0,3766), (0,3256), (0,6328), (2,1148), (0,6843), (1,15518), (1,10912), (1,17568), (2,642), (0,5824), (1,16546), (0,13510), (5,6189), (5,2607), (3,1651), (1,5810), (0,9427), (1,12982), (5,2620), (1,2744), (1,11964), (1,14524), (2,2207), (1,2238), (1,11966), (1,15550), (1,14019), (1,17092), (0,5349), (0,9445), (0,9446), (0,13030), (2,3241), (0,13032), (0,2283), (1,11980), (0,9453), (0,2287), (1,9936), (1,15569), (1,17619), (3,1174), (1,17620), (1,11478), (5,3163), (1,9432), (5,4189), (0,4857), (5,1120), (1,12508), (1,3295), (0,5374), (5,3172), (0,5377), (0,7937), (0,2821), (0,264), (0,5384), (0,1801), (0,8972), (0,4880), (1,7922), (1,15603), (1,13045), (1,7928), (0,8984), (0,4889), (1,8954), (0,5402), (1,12539), (1,7932), (0,5920), (0,10530), (1,16643), (0,4899), (1,3333), (5,2187), (5,6796), (1,13064), (0,3880), (0,5930), (4,8366), (3,2255), (4,177), (3,2769), (0,7470), (5,3732), (3,2773), (1,17171), (1,278), (5,5274), (1,9494), (2,763), (5,6815), (1,10012), (1,2333), (0,2877), (1,6430), (1,10015), (1,1824), (1,16160), (4,1732), (5,1701), (0,7488), (0,2883), (3,2790), (0,4932), (1,14117), (1,1830), (0,5446), (1,1320), (0,2887), (0,13640), (1,3372), (1,13100), (1,13613), (0,1357), (1,14127), (0,3407), (1,4912), (1,5936), (0,4945), (2,6931), (0,5459), (1,1335), (0,6486), (1,9529), (1,11577), (0,1369), (0,2393), (1,2876), (1,6462), (1,15170), (4,230), (0,2914), (5,4298), (0,7014), (0,1384), (1,18761), (1,1867), (1,13131), (0,4971), (0,4972), (1,3409), (0,7537), (5,215), (0,3957), (2,3386), (0,4472), (0,9080), (2,3387), (1,1371), (1,3931), (2,7484), (0,8059), (2,1342), (0,1405), (0,8062), (0,1407), (1,1381), (0,4485), (1,14697), (0,5001), (2,7499), (1,11114), (5,7920), (0,8075), (2,3406), (0,4492), (0,13197), (1,15726), (0,8079), (1,881), (1,18804), (5,4345), (2,6998), (1,18805), (1,13687), (3,2874), (0,5528), (1,3963), (0,6044), (0,1438), (4,4387), (0,3487), (1,898), (0,5538), (3,1862), (0,5541), (3,2890), (4,2348), (0,5545), (0,2475), (0,4012), (1,13201), (5,4374), (5,3863), (1,18323), (0,6579), (1,3478), (0,4534), (1,13207), (1,16279), (0,6073), (1,7066), (1,13210), (1,11163), (1,3996), (0,959), (1,2978), (1,14243), (3,2408), (0,4549), (2,2952), (0,967), (0,8137), (1,5035), (2,911), (1,5550), (1,12208), (1,14257), (1,13746), (3,1911), (0,7639), (2,2971), (1,3004), (0,2013), (0,7133), (1,9150), (0,4063), (0,5089), (1,3011), (0,5090), (0,4582), (1,971), (5,6481), (5,2386), (1,15825), (1,18388), (1,2009), (2,4026), (0,5624), (0,4603), (0,4604), (0,10749), (0,5119), (1,3558), (0,4613), (0,5639), (1,16360), (1,9709), (0,3087), (0,9231), (0,4625), (3,2485), (1,9716), (0,9235), (5,4985), (1,2039), (2,4571), (4,6045), (5,5503), (3,2494), (1,2557), (1,9214), (5,6534), (1,12293), (0,1576), (1,1043), (1,2581), (0,2102), (1,9240), (1,17432), (1,15385), (0,2105), (1,6682), (0,1082), (0,2106), (1,10779), (0,2621), (1,8222)
manager	(1,19169), (2,8245), (5,9068), (3,3216)
algund	(0,1000)
manteniendose	(3,1395), (5,4959)
marfil	(1,8144), (1,2591)
paraxe	(0,5760), (0,5686), (0,5694)
vitalidad	(5,1370)
cogiolos	(1,10969)
balmes	(5,6116), (5,8007)
confesadose	(1,7795)
dijeron	(1,4775), (1,17063), (1,3368), (1,6696), (1,4265), (1,10025), (1,3370), (1,9004), (1,10164), (1,15669), (1,4026), (5,6851), (1,14018), (3,773), (1,3267), (3,775), (1,5701), (1,583), (1,13767), (1,4555), (1,15691), (0,13554), (1,12756), (1,9049), (1,13785), (1,17756), (1,3047), (5,1645), (1,8297), (2,4043), (1,4843), (1,6767), (1,15343), (1,1776), (1,11386), (1,10112), (1,10885), (2,6759), (1,3080), (1,4362), (1,8459), (3,1743), (1,10896), (1,401), (1,4370), (1,9490), (1,17298), (1,4759), (1,1822)
mierda	(4,4595), (4,4629), (4,4600)
alguno	(0,5183), (0,8771), (1,15140), (3,749), (1,2092), (1,3375), (0,2384), (0,4690), (1,14131), (1,8756), (2,4385), (1,9793), (1,5188), (0,7013), (2,1581), (4,7408), (2,559), (1,14158), (5,7637), (0,114), (1,1112), (1,1880), (5,3293), (2,4667), (1,16733), (4,2561), (1,16735), (4,2051), (5,6628), (1,6241), (1,8802), (1,13412), (1,4710), (1,12902), (2,7241), (3,1582), (5,1265), (1,5231), (4,791), (1,9844), (4,2584), (1,12918), (0,3224), (2,3677), (1,3708), (4,291), (0,7327), (0,1698), (1,7043), (3,2887), (4,8490), (0,9382), (0,167), (0,1193), (1,1931), (1,13963), (2,1389), (1,6797), (1,12433), (1,17553), (0,8118), (1,6553), (2,7802), (3,1889), (1,4260), (5,814), (1,10410), (1,12464), (1,8881), (0,6356), (1,5815), (0,6359), (1,1977), (0,4573), (5,7490), (1,11967), (3,1410), (1,7104), (1,3266), (5,7752), (1,9156), (1,15812), (1,16324), (1,13773), (1,16845), (4,113), (1,3534), (2,7602), (0,1523), (1,13525), (1,3543), (1,7895), (1,9943), (5,1372), (4,6523), (1,4057), (0,8957), (1,3295), (0,4866), (2,7365), (4,5513), (0,7942), (1,18153), (1,8173), (1,14062), (4,5781), (0,7441), (1,1524), (4,4503), (5,6264), (1,15608), (0,6680), (5,5246), (4,8350), (3,3006), (0,5915), (3,1471), (0,8476), (1,17412), (1,8710), (1,13574), (1,14598), (3,1226), (4,8363), (1,13321), (1,14089), (0,4906), (1,8715), (1,3084), (0,4907), (3,1232), (0,1327), (1,6676), (1,9496), (1,6426), (0,2106), (1,11036), (5,1697), (4,8386)
reconocieron	(3,1714), (0,13447), (5,1071), (0,10378)
ostia	(4,6782)
prolongo	(2,5715)
matalace	(4,2288)
averiguada	(1,6980)
sistematicos	(2,4170)
esopo	(1,16181), (1,16678)
multiplicando	(3,2256)
convidando	(1,7367)
linage	(0,13582)
express	(4,9140), (2,8291), (5,9114), (0,13959), (3,3262), (1,19215)
sanlucar	(1,9421)
desmanden	(0,1935)
infamias	(2,6258), (1,14932)
retratan	(1,9180)
veais	(1,9731), (1,2117), (4,1162), (1,9769), (1,15625), (4,2285), (4,1198), (4,1936), (4,3984), (4,1201), (1,9904), (4,1940), (1,15793), (0,2354), (1,13910), (4,6331), (4,3229), (0,4798)
cuidaba	(2,2930), (3,1228)
expreso	(3,1987), (5,1068), (5,5452), (5,4960)
zalagarda	(4,6990)
disculpado	(1,12998)
extremadamente	(4,187), (5,2094)
pagate	(4,6306)
infelices	(2,982), (1,2246), (2,2088), (2,2699), (5,3822), (2,2207)
pingue	(2,2600)
quitarlos	(3,1394)
retraeran	(4,8392)
averiguado	(1,16546), (5,2583), (3,342), (1,9334), (1,16278), (1,16924)
maledicencia	(2,3094)
acabamiento	(1,17570)
incertinidad	(0,5753)
proposito16	(0,846)
expresa	(3,2500), (0,13700), (0,13606), (3,2316), (3,2636), (3,525), (3,2385), (3,2003), (5,5493), (5,7093), (0,12946), (0,788), (5,3869), (5,6877), (0,13561), (0,3386), (0,12923), (0,637)
disculpada	(1,15941)
parara	(4,5044), (1,14243), (4,4494), (1,16540)
soportar	(5,3829), (2,7798), (2,1616)
arremeter	(1,17625)
atolladero	(2,4122), (2,1325), (1,8222)
enronquecersele	(1,7054)
facciones	(2,5798), (5,1980), (5,7405), (5,3055), (2,6748), (5,1584), (5,801)
acaesciere	(0,5487), (0,2357), (0,2329), (0,2332), (0,2334), (0,5918)
hubimos	(0,11283)
pagase	(1,5971), (1,4980), (0,8106), (0,8362)
derechamente	(2,7301), (0,5636), (1,6950), (0,3912), (0,3850), (0,6028), (1,17390), (0,2897), (0,2899), (0,4627), (0,5910), (0,6040), (0,3867), (5,2049), (0,5597), (0,6113), (0,5990), (0,6123), (0,4716), (0,4719), (0,3888), (0,6000), (0,3955), (5,2905), (1,17941), (0,3895), (0,6135)
cantidad	(0,8642), (0,7875), (0,6214), (0,9798), (1,16810), (0,13646), (0,3791), (0,6484), (1,4022), (0,8661), (0,13527), (3,1020), (1,16450), (1,4932), (0,7651), (1,13508), (1,12229), (1,13383), (0,6376), (1,2122), (1,3147), (0,4205), (2,3633), (1,5842), (0,6645), (0,6901), (0,7159), (1,9433), (0,2298), (0,7931), (0,8572), (1,13149), (2,1599), (0,3711), (1,5474), (0,7682), (0,3715), (0,6404), (0,8708), (1,16358), (0,775), (5,7276), (0,7431), (1,15850), (0,1291), (5,4594), (0,3727), (0,6544), (0,6672), (1,15859), (1,13428), (0,9108), (1,2167), (1,5879), (2,90), (0,6425), (1,17275), (0,8094), (0,8222), (0,3487), (0,3744), (0,10016), (1,2052), (0,1827), (0,6435), (0,6310), (1,13575), (1,3208), (0,6695), (0,3496), (0,6186), (0,6314), (1,14221), (0,7598), (0,9518), (0,3760), (0,3761), (1,6034), (0,6195), (1,7062), (0,3766), (1,17946), (0,3770), (1,13468)
idas	(0,2452), (1,1323), (0,7787)
adelantado	(0,1281), (0,11842), (2,3013), (0,1028), (0,1547), (0,1036), (0,273), (0,11858), (0,1555), (1,565), (0,1428), (2,7830), (3,248), (0,1045), (0,13205), (1,17398), (0,11864), (0,1049), (0,6105), (3,641), (0,1055), (3,2178), (0,13280), (0,5793), (0,12964), (0,2725), (0,11877), (0,2726), (0,1448), (0,1965), (0,238), (0,1454), (0,890), (0,1467), (0,1470), (0,11838)
pellejeria	(4,1107)
ranco	(3,1635), (3,1588), (3,2036), (3,1499), (3,1469), (3,2575), (3,1456), (3,1488), (3,1984)
reprehende	(4,7905)
idea	(2,513), (2,5507), (2,4613), (2,7173), (2,4614), (2,5645), (2,1038), (5,1073), (5,2610), (5,2614), (5,7606), (2,3221), (0,12883), (5,2362), (2,3351), (5,2366), (2,3485), (5,2499), (2,5537), (5,2119), (5,7240), (0,13156), (2,295), (5,4298), (2,4778), (2,7468), (0,12911), (3,149), (2,5300), (2,6580), (3,2966), (2,4021), (2,694), (3,1688), (2,2361), (2,698), (2,4794), (5,1246), (2,4796), (2,7868), (2,701), (2,7869), (2,702), (2,3390), (2,6467), (5,6506), (5,1389), (2,7498), (2,5323), (2,4557), (5,498), (5,7027), (2,1875), (5,6774), (2,3669), (2,4696), (5,3709), (2,4698), (5,895), (5,5375), (2,5342), (2,6878), (5,5506), (2,6623), (2,6880), (2,4194), (5,4364), (2,1643), (5,2702), (2,4588), (5,3732), (5,2199), (5,3863), (1,18579), (2,4085), (5,4760), (5,3613), (2,6523), (2,5244), (2,5247), (5,4898)
desmoronan	(1,1001)
extractos	(5,6147)
gratificaba	(3,1678)
guies	(1,18654)
desmoronar	(1,8551), (1,9676)
balbucia	(2,3944)
defendernos	(4,4936)
anexion	(5,2584), (5,1305), (5,2378), (5,4508), (5,5548), (5,2621), (5,241), (5,2354)
desnudas	(1,17679)
desnudar	(4,1749), (4,2401)
asiduamente	(5,4281)
comparada	(5,1655), (5,4407), (5,1241)
faltarian	(4,4370)
polemica	(5,4982), (5,5080), (5,3737), (5,5065), (5,1594), (5,6826), (5,7852), (5,4830), (5,4320), (5,7762), (5,5043)
cuidado	(1,1952), (2,3201), (3,2019), (5,3754), (1,9771), (1,3121), (2,7442), (0,4689), (0,4434), (0,4564), (0,2390), (2,412), (3,2557), (2,2845), (0,9179), (5,4289), (1,17598), (3,2561), (5,4163), (0,5216), (1,15043), (1,16580), (0,1508), (0,4580), (1,10694), (1,13511), (1,16585), (1,11210), (1,13643), (0,4459), (1,7500), (5,7504), (0,2288), (0,4464), (0,4339), (0,4595), (3,535), (0,4084), (1,18390), (0,1656), (1,8411), (1,5596), (3,159), (1,11233), (2,5187), (1,13667), (5,744), (2,6600), (0,2314), (3,1326), (1,14444), (5,6769), (4,4497), (1,2415), (0,5263), (0,2324), (1,6134), (4,5791), (1,12924), (0,5276), (0,4509), (0,4514), (1,16135), (2,105), (0,5287), (0,7592), (0,2345), (0,2347), (5,3733), (0,7600), (0,2225), (3,2644), (0,5812), (3,2651), (0,4792), (1,6553), (0,2233), (1,10010), (1,16667), (4,4928), (1,13853)
extenuado	(2,6095)
inspirarle	(5,2041)
mortal	(1,2048), (1,7520), (1,15552), (2,7731), (1,10162), (1,3091), (1,9011), (1,7497), (5,1823), (5,385), (5,1842), (2,5567)
frenesi	(5,1816), (5,1753), (2,6294), (5,3322), (2,3496), (5,578), (5,7026), (5,7491)
requeridos	(0,10304)
resfria	(1,17664)
guido	(0,5409), (0,9572), (0,9413), (0,1830), (0,393), (5,8270), (0,8201), (0,300), (0,12332), (0,1517), (0,1645), (5,5433), (0,4252)
figura	(2,1923), (2,3460), (1,164), (2,7558), (1,11561), (5,4015), (5,6704), (0,3917), (0,11346), (5,184), (2,1815), (0,13019), (2,1182), (4,8545), (1,17726), (1,17088), (4,8549), (0,13544), (2,3373), (0,11628), (1,17361), (2,5049), (2,5561), (2,4154), (1,2266), (1,2011), (0,11515), (0,11517), (0,11518), (0,5759), (2,5570), (2,3651), (5,7271), (5,5742), (1,17389), (2,3290), (1,17785), (1,17020), (0,11293), (2,5730), (2,5475), (0,11297), (1,4613), (5,6793), (1,16263), (0,11559), (1,8457), (2,748), (2,3308), (1,17808), (2,1394), (2,5362), (2,5109)
comparado	(1,18093)
figuro	(5,7188), (1,13561)
altissimus	(1,8258), (1,8255)
ingirio	(1,17898)
adelantaba	(5,1435)
mpor	(0,5857)
suponiendolos	(0,13150)
oracio	(4,5304)
debiendome	(1,5526)
dictadura	(5,7082)
pomada	(2,6360)
fruicion	(5,2934), (5,6921)
repartira	(1,1140), (1,5995)
balbucio	(2,5866), (2,5981)
soltero	(1,9637)
manificencia	(0,7575)
soborno	(2,1145)
atila	(2,1868)
arrolladora	(5,5585)
riachuelos	(3,1450)
anadiese	(5,3017)
pintoresca	(5,7721)
soltera	(4,3358)
abuyo	(0,6976), (0,10849), (0,6914), (0,6978), (0,771), (0,6979), (0,6916), (0,7204), (0,12549), (0,7207), (0,10312), (0,10859), (0,494), (0,7023), (0,10863), (0,10867), (0,855), (0,10203)
alfanje	(1,3552), (1,3547)
ernesto	(5,6531)
guardada	(1,8841), (0,1435), (1,9644), (3,2559), (1,6078), (0,750)
vengais	(4,4643), (4,5077), (0,10753), (4,774), (4,3862), (0,4866), (4,8585), (0,4871), (4,7341), (1,14798), (4,1682)
review	(5,4255)
tener	(0,8767), (0,3649), (0,9281), (0,2116), (0,9799), (0,1610), (1,1069), (4,8146), (0,8784), (0,2642), (1,18486), (1,5180), (0,3165), (1,17472), (5,2501), (0,6754), (0,1639), (3,2572), (0,3180), (2,3631), (1,7759), (0,1647), (0,1648), (0,7280), (0,1649), (3,2069), (1,8788), (0,1652), (1,15957), (1,11352), (1,8283), (2,3140), (5,3561), (0,1673), (0,5259), (0,3213), (0,4239), (5,3575), (0,4757), (0,5781), (0,7834), (3,1086), (1,3708), (1,16001), (1,6787), (0,1703), (1,15499), (0,7853), (4,6194), (1,149), (4,6201), (4,5691), (3,2652), (4,5694), (3,1119), (1,4254), (2,640), (1,160), (0,8383), (2,5251), (1,16546), (0,4293), (4,4682), (2,1162), (2,3215), (4,2130), (1,18607), (1,8881), (0,8913), (1,10418), (4,599), (1,17076), (2,4246), (1,9400), (0,9431), (1,10936), (0,3291), (1,1216), (0,10464), (3,1158), (0,3301), (0,4837), (1,9414), (1,1735), (4,7274), (4,7275), (0,8935), (1,8907), (2,4783), (0,7917), (0,5873), (1,7890), (0,9458), (1,18643), (0,6900), (1,16085), (0,5367), (4,4220), (3,158), (0,4859), (0,1791), (4,4739), (1,13025), (0,7426), (1,13027), (1,6374), (1,12519), (2,7369), (1,9450), (0,13579), (0,4365), (4,5779), (1,6897), (5,6774), (4,5271), (1,18676), (4,3736), (3,2240), (1,11518), (4,1186), (1,7935), (0,799), (1,17153), (1,9474), (1,17154), (1,17670), (1,3335), (0,4396), (1,8973), (0,2861), (2,1779), (1,5394), (1,17171), (1,2836), (4,6327), (0,4915), (1,9494), (0,4919), (2,5371), (1,10523), (4,7871), (5,1697), (1,7455), (1,18207), (0,8511), (1,8994), (1,4900), (1,16166), (1,16170), (1,3372), (1,4396), (0,13644), (5,2226), (0,13651), (1,7991), (5,1725), (1,4409), (4,7900), (0,5984), (1,14657), (0,1891), (1,18244), (0,2918), (1,13127), (0,1895), (0,4456), (2,6954), (0,9577), (1,17740), (1,15694), (0,2930), (1,11607), (1,12634), (1,3420), (1,9566), (0,1918), (3,1825), (1,12132), (2,3406), (1,9069), (0,5007), (0,3990), (2,1881), (4,7454), (0,8091), (0,6044), (1,1923), (1,7044), (1,13191), (1,15752), (0,5035), (1,2957), (1,7565), (0,8620), (5,5908), (0,7599), (3,851), (1,6033), (0,2993), (1,14739), (1,7573), (1,7063), (1,16281), (1,5533), (2,3456), (2,4481), (1,16292), (0,5060), (3,361), (0,9161), (0,7632), (2,5524), (1,14773), (1,17845), (1,14778), (1,17340), (2,1952), (1,17857), (4,5991), (4,5995), (0,4583), (1,11208), (1,3018), (0,2032), (5,3929), (1,15829), (0,1526), (0,8184), (0,6137), (0,1533), (1,7647), (1,14305), (1,14306), (0,3586), (1,8675), (1,9701), (1,9193), (2,4557), (1,5102), (1,6641), (0,8211), (3,957), (5,3967), (1,1533), (1,18941), (0,8222), (2,4577), (0,1570), (1,17412), (0,6184), (5,1934), (4,8621), (1,7179), (0,8234), (0,2092), (1,1038), (1,3091), (0,563), (0,8247), (4,2492), (2,3067), (0,3129), (3,989), (1,8731), (0,3644), (0,9276), (1,6175)
tenes	(4,6963), (4,1204), (4,2773), (4,4488), (4,5227), (4,5629), (4,8013), (4,7392)
parduzcas	(0,484)
pintoresco	(2,3726)
orillos	(0,6383), (1,18083)
dexando	(0,5247), (0,5329), (0,5937), (0,4682), (0,5611)
metiendo	(2,2484), (1,14399)
efectuandose	(0,8831)
enaltecieron	(5,1628)
tenga	(2,2179), (1,16163), (1,16419), (1,7972), (0,1606), (2,649), (0,1864), (0,5832), (4,5070), (1,3375), (0,4431), (2,1554), (0,977), (0,4434), (0,5074), (1,8758), (1,4536), (2,922), (1,10681), (0,3417), (0,9177), (2,6431), (4,4071), (0,4452), (0,2661), (1,8135), (2,809), (0,3305), (2,688), (4,4984), (1,18006), (0,4471), (4,5884), (0,5881), (0,5370), (0,1787), (0,13051), (2,2110), (1,3421), (4,4736), (0,4988), (1,18141), (2,2368), (4,2563), (0,4735), (0,2304), (0,5376), (2,7362), (0,1794), (4,4230), (0,3458), (2,7237), (1,1509), (1,14055), (0,1799), (0,2311), (0,13319), (0,2952), (0,522), (0,1162), (1,12651), (0,2316), (3,2351), (1,6254), (4,8209), (1,16375), (0,3608), (0,7577), (1,15357), (3,2629), (1,9475), (1,3973), (1,11525), (0,1829), (0,5925), (0,9125), (1,9479), (0,807), (0,301), (1,9359), (0,1456), (0,1587), (1,13463), (1,17176), (4,5821), (4,447), (2,4478), (1,4511)
barcino	(1,16451), (1,16573)
guardado	(1,15104), (1,7426), (1,15106), (1,2725), (1,18182), (5,4172), (5,5197), (1,6346), (4,6702), (1,15596), (3,1199), (1,14129), (1,6712), (1,6713), (0,8634), (1,18139), (5,5568)
anticuario	(5,5021)
comparaba	(5,4111)
fijanse	(2,860)
taparian	(1,9977)
raposa	(4,2538)
inspiraron	(5,467)
vigilias	(5,5363), (1,10879)
rango	(5,7229)
ideo	(5,2290)
madrastra	(2,3047), (1,4636), (1,4719)
apagados	(2,618)
pedazo	(2,1795), (0,13377), (1,16932), (2,7590), (0,2697), (1,17898), (2,4332), (1,9739), (1,11884), (4,7666), (2,7728), (1,11247), (1,17040), (2,5491), (2,1878), (1,17110), (5,1915), (0,6454), (1,18839), (1,5208), (4,7771), (0,8023), (1,18841), (2,2237)
gaitas	(1,16481), (1,16520)
vinas	(3,1157), (4,8584), (1,7750), (3,378), (1,1612)
