prepare	(0,13887), (0,13888), (3,3189), (3,3190), (1,19142), (1,19143), (2,8218), (2,8219), (4,9069), (5,9041), (5,9042)
suegros	(1,9533), (1,2830)
maltrate	(1,13568)
prepara	(5,1180)
chamelotes	(4,6659), (4,4757)
zurciendolos	(5,7612)
mejora	(1,520)
demarquen	(3,2608)
trencillas	(1,10032), (1,3608)
buque	(5,441), (3,727), (0,13094)
preparo	(5,2006), (2,347), (5,384)
lvii	(4,7291)
fatigadilla	(1,18549)
acuchillamos	(2,6897), (2,6907)
viajar	(5,7441)
aforismos	(5,4358), (5,4921), (5,4010), (5,4846), (5,4863), (5,7952), (5,4771)
avia	(0,726), (0,5702), (0,9289), (0,717), (0,9069)
bateria	(2,2021)
proveyeron	(0,8643), (1,4377)
cogello	(0,8674)
epigrafe	(0,2416), (0,2427)
jergon	(2,6102), (2,6093)
emparentando	(3,2255)
doblando	(0,6792), (0,11433), (0,11465), (0,6346), (0,7242)
corceta	(4,3368)
tormentos	(2,4161), (4,8474)
enviamos	(4,1580)
miasensio	(0,11651), (0,11699)
destierren	(0,2247)
vienensenos	(0,10592)
actualmente	(5,3462), (5,6783)
dijesedes	(1,15206)
haberla	(2,6275), (1,8308), (1,8932), (1,152), (1,12377), (4,174), (1,6523), (1,7052), (1,3726), (0,6445)
notable	(1,10496), (3,2278), (1,7653), (5,2572), (0,8231), (5,3278), (5,6932), (0,7439), (0,3824), (5,3254), (5,4247), (5,6263), (5,5432), (5,5340), (5,5724), (0,7448), (3,574), (5,6784), (5,481)
haceldo	(4,3165), (4,4078)
haberle	(1,18048), (2,6533), (1,11206), (1,10027), (1,11534), (3,2385), (5,3827), (1,7055), (1,13104), (1,18450), (1,5492), (5,7545), (1,10165), (1,14837), (1,6138), (1,17308), (1,6429), (1,14559)
elect	(3,3253), (1,19206), (4,9131), (2,8282), (5,9105), (0,13950)
marcaron	(3,1747)
padre	(1,11815), (1,8745), (1,4652), (4,7120), (0,3149), (0,4174), (1,12847), (0,6736), (0,5714), (4,2520), (2,4632), (0,7258), (1,12862), (0,6240), (1,12865), (2,3108), (1,4677), (1,6223), (1,9295), (1,12879), (1,12887), (1,9304), (1,12888), (3,1565), (1,10844), (1,2654), (1,2656), (1,8801), (0,2180), (0,6277), (1,7270), (0,5766), (0,650), (0,8843), (1,4717), (0,5772), (1,12399), (4,6675), (1,10865), (4,535), (1,13428), (0,6292), (1,10869), (1,10870), (1,15480), (0,5786), (0,6303), (1,6784), (1,15488), (2,4199), (0,6310), (4,555), (3,589), (5,4115), (1,15507), (5,3608), (2,631), (2,635), (3,2143), (1,15517), (4,577), (0,5822), (1,7328), (4,4164), (2,5762), (4,6216), (0,5326), (1,15535), (1,9393), (1,13491), (1,6837), (4,602), (4,605), (1,3770), (4,608), (2,670), (1,13501), (1,13502), (4,611), (5,6725), (4,5221), (1,13509), (1,8902), (2,4265), (1,7368), (4,620), (3,2702), (2,4272), (4,627), (1,6864), (4,628), (0,6385), (1,6867), (4,631), (0,6388), (0,5878), (1,1240), (3,2714), (2,4282), (2,5820), (1,8923), (0,11514), (2,1214), (1,8925), (3,2721), (0,11518), (4,6278), (3,2214), (3,2726), (1,13541), (2,4809), (1,8938), (4,1166), (1,8941), (3,2738), (1,2802), (2,725), (0,3347), (0,3348), (1,4347), (4,161), (0,5407), (1,13570), (1,13572), (4,1193), (1,13574), (1,13575), (1,8972), (1,7438), (2,4848), (1,8976), (4,6325), (0,1847), (2,4859), (0,8505), (5,8354), (0,8512), (1,2850), (0,8518), (1,12590), (4,4818), (3,756), (0,8532), (4,729), (4,4828), (1,12601), (1,1338), (3,771), (1,8001), (1,16706), (2,1318), (5,204), (3,779), (3,2828), (3,781), (3,2317), (1,12108), (4,3826), (3,787), (4,3316), (1,10065), (4,3832), (3,2842), (1,13145), (3,2332), (1,1371), (0,9082), (0,9083), (2,318), (2,1342), (1,13663), (1,4448), (1,17248), (0,6016), (0,7552), (0,7045), (2,2888), (4,781), (1,1387), (1,4459), (2,3917), (1,10092), (1,8557), (1,14189), (1,10094), (1,14702), (1,14191), (1,14197), (1,4984), (4,1309), (2,1371), (1,11131), (1,14203), (1,7549), (1,14205), (2,2911), (3,833), (1,7555), (1,14212), (5,6922), (1,4999), (0,6566), (2,1385), (1,7566), (0,6574), (2,1393), (0,6581), (0,6583), (2,1403), (5,6942), (1,14235), (2,4478), (1,12701), (2,1407), (1,14239), (5,1316), (1,14240), (0,7105), (2,900), (0,6596), (1,14248), (1,1452), (2,912), (1,9135), (1,6065), (2,916), (1,9140), (2,2969), (0,6106), (0,7130), (2,925), (2,2973), (1,1471), (2,2979), (1,965), (2,2475), (2,2476), (1,5067), (1,10700), (3,915), (2,2994), (2,435), (1,978), (2,1459), (4,376), (1,982), (1,9174), (1,12761), (3,926), (1,6620), (3,927), (4,1408), (3,1953), (1,13283), (1,13287), (1,12776), (4,396), (1,14314), (1,2539), (0,6154), (1,12780), (2,3537), (2,4561), (1,18929), (2,3027), (0,6162), (1,18931), (1,7157), (2,3032), (4,411), (3,1978), (2,3038), (2,4576), (0,11294), (1,12799), (1,9217), (4,421), (1,13314), (0,6179), (1,8708), (1,18948), (1,2565), (0,10788), (4,937), (2,1511), (1,521), (4,940), (1,10763), (1,12811), (2,3053), (1,7180), (1,12812), (0,5676), (0,10797), (0,10798), (4,947), (3,978), (5,1428), (4,4019), (1,12816), (4,7092), (2,3059), (4,7093), (0,5683), (1,12820), (4,3513), (2,3066), (1,8729), (1,12825), (1,7195), (1,4636)
sorprendila	(2,4560)
haberlo	(5,4452), (1,14384), (0,8306), (1,17700), (0,7156), (0,7653), (1,9094), (3,1915), (5,5902), (1,17435)
malsinar	(4,6566)
encargandose	(5,4191)
hacelda	(4,7335), (4,4769)
advirtio	(1,4868), (0,8355), (0,7908), (2,2120), (1,13784), (1,5694)
divierta	(1,2238)
interrumpirle	(1,14951)
condutas	(0,4384)
solemnes	(5,5206), (5,2058)
determinandose	(1,11369), (1,9598)
bagasas	(4,5122)
paises	(3,2211), (5,5670), (1,1635), (5,5769), (5,6795), (3,2190), (5,5648), (5,5809), (2,1680), (5,5844), (5,5558), (5,8854), (2,1716), (5,3639), (1,7699), (2,5557), (5,6907), (5,796), (5,5726), (2,2112)
enanos	(1,1958), (5,702)
inserta	(0,1044), (5,4313), (0,13060), (0,13236), (5,906), (0,13286), (5,7150), (0,13707), (0,13324), (5,6962), (0,12941)
pagalla	(4,5737), (4,2673)
inserto	(5,4901), (0,1971), (5,1083), (0,1453)
mathias	(0,2048), (0,2082)
moderados	(5,1271), (2,6852), (5,1755), (2,1211), (2,6320)
afiliados	(5,7260)
magestadfelipe	(0,11625)
satisfecha	(1,13520), (1,18544), (1,6946), (1,133), (1,4119), (1,7353), (2,3725), (1,6447), (1,14383)
quitamos	(4,7597)
ascender	(5,613), (5,3563)
capitolio	(5,1623), (5,475), (5,7531), (5,685), (5,192), (5,3360)
haberes	(1,4216), (0,632)
radiado	(2,2434)
caeras	(1,1692)
innegables	(5,4426)
restitucion	(0,8071), (1,5052)
caeran	(4,7670)
ensayo	(5,8180), (5,7845), (5,678), (5,4423), (5,2207), (2,1741), (5,4257), (5,4834), (5,8178), (5,7219)
pasareis	(4,1864), (4,2041), (4,3807)
sumaria	(0,13264), (1,2467)
satisfecho	(5,292), (1,2178), (2,4163), (2,5444), (0,707), (1,4548), (1,4297), (5,6030), (1,6890), (1,5899), (3,2031), (1,18573), (5,4596), (0,7727), (3,1204), (1,691), (0,2386), (1,18933), (1,15449), (1,2970), (4,7550), (5,5569), (1,9821)
hicieredes	(0,5472), (0,5249), (0,4533), (0,4773), (0,5061), (1,12454), (1,13080), (0,1080), (4,2012), (0,5256), (0,5464), (0,2605)
detenidamente	(5,6645)
viajes	(0,13263), (5,7800), (2,3112), (0,183), (0,121), (5,6097), (2,1680)
oeuvres	(5,6497)
pagallo	(4,7508)
ensaye	(0,3087), (0,5624), (0,3194)
inapelable	(5,2109)
avaluaciones	(0,5142)
desplegadas	(5,5402)
profesarlas	(5,6903)
sumario	(5,3896), (5,539), (0,13385), (5,3759)
ybarra	(0,11729), (0,9049), (0,9065), (0,9081), (0,3483), (0,9053)
check	(5,8), (3,3110), (1,19301), (3,8), (0,13829), (2,8), (1,8), (0,9), (2,8139), (0,14057), (5,9200), (1,19084), (0,13808), (3,3348), (4,9237), (5,8983), (1,19063), (2,8377), (3,3131), (4,8992), (5,8962), (2,8160)
tratamiento	(3,2981), (0,6531), (0,8260), (5,939), (0,7302), (0,2376), (0,5002), (1,7211), (0,1934), (0,4689), (0,8530), (0,7064), (0,345), (0,1433), (0,2907), (1,10497), (2,1254), (0,1700), (0,7844), (1,10758), (0,4456), (0,4904), (0,5036), (5,7123), (0,11887), (1,14292), (0,7733), (0,310), (0,2360), (0,4664), (0,8056), (0,4985), (0,5241), (0,7289), (0,5180), (5,5473), (0,11901)
amorado	(4,5171)
verguencilla	(2,2627)
popularidad17	(5,1328)
encontrabamos	(4,5538)
hincaban	(2,5180)
sosieguense	(1,5298)
castigaba	(0,371)
roncas	(2,5653), (1,6647), (1,16522), (1,6461)
sorprendido	(5,5514), (2,1656), (5,5982)
afeccion	(5,3748), (5,5989), (5,935)
conservar	(1,18278), (5,3115), (3,2574), (4,6192), (5,274), (5,2162), (5,2548), (5,3220), (5,2903), (2,5911), (1,1208), (2,7514), (0,4955), (0,4124)
apresurar	(1,14711), (5,4688)
dispersaron	(5,1040)
conservas	(1,14681)
echalla	(1,8864)
felipinas9	(0,493)
salomones	(2,6363), (4,5679)
mestizos	(0,3723)
epistolares	(2,7428)
rogole	(1,13283), (2,1437)
conservan	(5,4038), (5,6507), (5,7660), (2,1754)
margarita	(1,512), (0,12719), (4,7528), (5,5786), (4,8123), (1,395), (0,13068)
orejeras	(0,10095), (0,10119)
puerco	(0,7967), (4,1546), (4,2426), (0,7191), (4,4429), (4,4605), (0,2282), (4,3406), (4,1553), (0,7293)
amurados	(0,11364)
graduarse	(5,3613), (1,7855)
perfectas	(4,325), (5,1223), (4,3074)
rogome	(4,7901)
vinuesa	(2,6401), (2,6786), (2,1155), (2,6148), (2,6917), (2,7559), (2,2697), (2,6793), (2,6799), (2,7187), (2,7955), (2,2199), (2,7067), (2,2464), (2,6432), (2,7713), (2,7202), (2,7205), (2,2342), (2,2088), (2,5544), (2,7721), (2,6826), (2,5547), (2,2221), (2,5551), (2,1456), (2,2480), (2,2353), (2,2229), (2,2230), (2,7094), (2,440), (2,7608), (2,7482), (2,2491), (2,6076), (2,7485), (2,2241), (2,6083), (2,5572), (2,6856), (2,7240), (2,5578), (2,4687), (2,5583), (2,5456), (2,1364), (2,1495), (2,7259), (2,2528), (2,6881), (2,1251), (2,7267), (2,6117), (2,1126), (2,6761), (2,1132), (2,6253), (2,6897), (2,6130), (2,6514), (2,6643), (2,1141), (2,7544), (2,6138), (2,4731), (2,6908), (2,2687), (2,6911), (2,7296)
vomita	(2,6837)
netecica	(4,7496)
quedaria	(1,14038), (5,1469), (0,5433)
dogmatica	(5,4939)
castigado	(0,13094), (1,16615), (1,16584), (0,2235), (1,5549), (0,2334)
exageracion	(5,6404), (3,1174), (2,6872), (2,6874), (3,383)
dictasen	(5,509)
ligados	(5,5372), (0,2505)
angosturas	(3,2051)
reprendioles	(1,10887)
asegurandoles	(3,2657), (3,2673)
dogmatico	(5,170), (5,1006)
afanosas	(0,546)
ascendit	(1,8426)
esforzado	(1,3954), (4,233), (2,1593), (3,1435), (2,5022)
religiosas	(5,5783), (2,1753), (0,1352), (5,4381), (5,5854), (1,11738), (5,511), (5,5007), (4,8574)
almonedas	(0,1883), (0,4572)
vitanluna	(0,10033)
alcoholicas	(5,7481)
traducia	(5,4110)
perseguir	(5,3531), (5,7533)
rameada	(2,102)
yerros	(1,2230), (0,8565), (1,2231), (2,6280), (1,15641), (2,6812), (1,7020), (3,1905)
altanera	(5,892), (5,7423), (2,6334)
elocuentes	(5,4549), (5,4368)
guardaron	(1,16263), (4,6940), (1,13932)
poblar	(0,448), (0,10753), (0,8322), (3,934), (0,3715), (0,4036), (0,6597), (0,3400), (0,4937), (0,5195), (0,6603), (0,8395), (0,13067), (0,8333), (0,13006), (0,1298), (0,8338), (3,2936), (0,5398), (3,2237), (3,383), (3,2882), (3,707), (0,162), (3,1934), (0,1071), (0,816), (0,8304), (3,2261), (0,8307), (0,8309), (0,1273), (0,4667), (0,8635), (0,10683), (3,2976), (0,3837), (0,5693), (0,8317), (0,8318)
pimpinela	(4,7348), (1,17409), (4,7351), (4,7337)
traducir	(2,3940)
federacion23	(5,1902)
subiremos	(0,3961)
guardaros	(1,2005)
paseantes	(1,582)
pronunciamientos	(5,2565)
combiniente	(0,3544)
alcarraza	(2,1473), (2,1477)
silicio	(1,12634)
demonio	(3,675), (1,17636), (1,18695), (1,10472), (1,17706), (1,17806), (1,16847), (1,17775), (1,17584), (1,17361), (1,9907), (1,17780), (1,10486), (1,4312), (1,17785), (1,15067), (1,17787), (2,5982), (2,5984), (1,17791)
aclarando	(0,8686)
faccion	(2,642), (3,493), (0,3517)
cosmografos	(3,937), (0,3214)
banaba	(1,14660), (1,2492)
morderia	(1,16978)
destruydas	(0,2926)
eternos	(1,6207)
vanaamargas	(5,362)
agigantada	(3,1101)
despreciar	(2,4888), (4,4018)
relacion	(0,7746), (0,4676), (1,4134), (0,10821), (0,839), (0,3144), (0,1100), (0,3916), (1,13869), (2,6675), (0,13650), (3,758), (0,4948), (3,761), (0,7255), (2,1564), (0,7517), (0,867), (0,13668), (3,520), (5,970), (3,522), (0,7272), (0,11624), (0,8299), (3,790), (3,535), (0,4981), (0,4214), (3,539), (3,795), (0,13177), (0,2427), (0,13437), (0,11902), (0,3455), (0,5763), (0,388), (5,7657), (0,12933), (0,647), (3,811), (0,905), (0,3209), (0,13451), (0,12940), (0,3213), (0,13454), (0,401), (0,8339), (1,3959), (0,407), (0,3229), (3,2625), (0,12958), (0,7327), (0,4771), (0,1448), (0,8364), (1,2958), (5,2836), (0,13488), (3,1877), (0,11954), (1,15508), (0,1204), (1,18328), (0,8378), (0,9146), (2,1917), (0,1724), (5,6690), (3,1633), (0,4032), (0,1219), (0,9159), (0,5322), (0,8394), (1,2989), (0,13260), (5,3122), (0,13517), (0,13263), (0,2001), (0,7892), (0,7893), (0,4057), (0,4825), (2,669), (0,4059), (0,4063), (0,3296), (0,993), (0,484), (2,3244), (0,7917), (1,4817), (0,13560), (3,1181), (0,9211), (3,931), (3,935), (0,3332), (3,938), (3,942), (0,11790), (0,8207), (0,528), (0,9492), (5,892), (3,443), (0,12058), (0,7455), (0,8991), (1,11008), (0,13343), (0,1058), (0,1316), (0,13608)
anocheciendo	(0,6349)
epistolario	(5,7573), (5,8101), (5,7671), (5,7882), (5,7914), (5,7581), (5,7629), (5,6574), (5,6606), (5,7647), (5,8867)
disponian	(2,7700)
hacello	(0,1856), (0,2384), (1,17826), (1,4090), (1,17549), (4,5426)
haberte	(1,3578)
guardarme	(1,3137), (1,14705), (1,1714), (0,2900), (1,17053)
incrustadas	(5,1676)
esforzaba	(2,3799), (3,191)
atribuida	(0,13668)
planchuela	(0,13104)
demasiados	(1,8501), (1,8502), (1,2760)
tendreis	(1,8338), (1,774), (1,9783), (1,14623)
podres	(4,2535)
atribuido	(5,4092), (5,4862)
andalucias	(2,5253)
cayesen	(3,581), (5,2654)
atenas	(2,3164)
cicateruelos	(1,10787)
espagnola	(4,4056)
sigue23	(0,1424)
hacelle	(0,5873), (1,10292), (0,1915)
proveyeronles	(1,10874)
sinceridad	(5,6117), (5,1942), (5,2230), (5,6985), (5,5516)
mesias	(2,2002)
guardarle	(1,2168), (1,17929)
gatera	(1,10145), (1,10146), (1,10134), (1,10174)
haberse	(5,2406), (1,16036), (2,5318), (2,5319), (0,13445), (0,7174), (0,13510), (4,3596), (2,6027), (1,108), (2,6096), (1,1973), (1,2741), (0,6932), (0,6105), (1,6526), (1,8446), (4,6498), (1,2178), (1,11394), (1,12675), (5,5193), (0,743), (0,424), (0,553), (3,1679), (2,751), (0,9455), (5,4758), (1,12180), (0,13363), (3,984), (3,985), (0,6070), (0,569), (0,8698), (5,3040)
guardarla	(1,8914), (1,15234), (0,169), (1,9643), (1,14318), (1,14910)
fueramos	(1,16246), (2,2920), (4,4491)
partirse	(0,7119), (1,13270), (1,7207), (1,11271), (1,13288), (1,6394), (1,13050), (1,9423)
esforzada	(2,1012)
cetera	(4,4488)
quedaren	(0,1862), (0,1868)
caleta	(0,7487), (0,7808), (0,7489), (0,7877), (0,6473), (0,6476), (0,6668), (0,6478), (0,6479), (0,6481), (0,6483), (0,7891), (0,7509), (0,8347), (0,6502), (0,6503), (0,7399), (0,7401), (0,8429), (0,8176), (0,7924), (0,7669), (0,7414), (0,7734), (0,7926), (0,8439), (0,7418), (0,7482), (0,8125)
guardarlo	(3,2946), (0,317), (1,974)
perseguia	(1,3343)
capitan	(3,2530), (1,7712), (0,10817), (0,2116), (0,10823), (0,10824), (0,2121), (0,8266), (0,8269), (0,10829), (0,6736), (0,11856), (0,1617), (0,8273), (0,2134), (0,4695), (0,8279), (0,2137), (0,2141), (1,7744), (0,1634), (0,13413), (3,1546), (0,13419), (0,6764), (0,6766), (0,2166), (1,7771), (0,2172), (5,4578), (0,13438), (0,1155), (0,10372), (0,10373), (0,6791), (0,4745), (0,8842), (0,2188), (0,4237), (0,1678), (0,13454), (0,11919), (0,2192), (0,6800), (0,2193), (0,8849), (0,10386), (0,659), (0,2707), (0,2708), (0,2201), (0,2713), (0,7323), (0,2721), (0,4260), (5,4617), (0,10404), (0,4262), (0,1703), (3,589), (5,4626), (3,594), (0,697), (3,1632), (0,703), (1,7842), (0,7370), (2,1166), (0,7373), (0,2767), (0,5329), (2,5268), (0,7382), (0,5338), (0,2787), (3,650), (1,4297), (0,2798), (0,12018), (0,2804), (0,7414), (0,9975), (0,12027), (0,12028), (1,4318), (0,6909), (0,766), (3,1185), (0,7424), (0,9987), (0,8965), (0,2310), (0,3335), (3,172), (0,4361), (0,5898), (0,782), (0,4367), (0,6930), (0,5913), (0,9497), (1,6396), (0,2339), (0,296), (0,809), (0,13099), (0,6957), (0,7471), (0,819), (0,5432), (0,6968), (0,4411), (0,12093), (0,11585), (0,4420), (0,1861), (0,5959), (0,12109), (0,6992), (0,12114), (0,11603), (3,1783), (0,9556), (0,4437), (0,5973), (0,6997), (0,9045), (0,8534), (0,5975), (3,1787), (0,9560), (0,12122), (3,1790), (0,5467), (0,6491), (0,4444), (0,9565), (0,11613), (3,2305), (3,258), (1,6465), (5,3782), (3,773), (0,9570), (3,1803), (3,2315), (0,4457), (0,7020), (0,9071), (3,1813), (0,7540), (1,6998), (3,2329), (1,6999), (0,7545), (1,7003), (0,13178), (3,2334), (0,2940), (0,13184), (0,2436), (1,7013), (1,4455), (1,7016), (0,8584), (0,13704), (0,5513), (0,11657), (0,9102), (0,10126), (4,6419), (3,2356), (0,13204), (1,8567), (0,3480), (4,8477), (3,2365), (0,5530), (0,2971), (0,2974), (0,2979), (0,937), (0,1961), (3,2380), (0,4011), (1,397), (0,942), (3,1873), (0,4527), (1,15771), (0,10172), (5,3874), (4,3395), (0,4031), (0,4545), (1,15778), (0,1987), (4,5450), (0,1992), (3,2412), (3,2415), (0,2509), (5,5427), (0,2511), (4,4437), (0,2514), (1,15797), (0,3029), (1,15798), (0,1494), (0,2518), (1,15799), (4,1371), (0,3031), (4,5467), (0,10715), (4,5472), (0,3038), (4,5474), (3,2435), (1,17345), (1,4035), (0,2531), (3,1417), (0,2535), (0,3048), (0,7144), (2,7085), (1,8652), (0,2540), (0,5613), (0,1519), (3,2451), (1,6103), (3,1435), (3,2971), (3,1951), (4,8577), (0,10238), (0,13312), (0,6150), (3,2992), (0,526), (0,6158), (0,10254), (0,10255), (0,1552), (0,10258), (0,10770), (0,2579), (0,2581), (0,10265), (0,1050), (0,6170), (0,2076), (1,7677), (0,4637), (0,3103), (0,1056), (1,17924), (4,4520), (0,5671), (0,2092), (1,7693), (0,1591), (1,7704), (0,11833), (1,7707), (0,9786), (0,2108), (0,10813)
capital	(5,3429), (2,263), (5,4204), (3,2669), (2,6797), (5,1587), (5,3700), (5,1211), (5,3388), (5,5116), (5,7233), (0,13471), (5,1926), (5,266), (5,6667), (3,1354), (2,2090), (5,4686), (3,1358), (5,1873), (3,1360), (5,7314), (5,1623), (5,1434), (5,5407), (5,7071), (5,865), (3,2465)
bebiendo	(0,7764)
escribirlas	(1,14033)
propagada	(5,4684)
novembris	(4,8471)
penafiel	(4,425)
sentola	(1,18547)
ensalmoles	(4,8869), (4,8076)
brumado	(1,5549)
sicilianas	(4,3014)
entreoyo	(1,15472)
upon	(0,14031), (3,3171), (5,9174), (1,19124), (4,9049), (2,8200), (3,3322), (4,9211), (5,9023), (1,19275), (2,8351), (0,13869)
bajeles	(1,6817), (1,6578), (1,6690), (1,6612), (1,7832), (1,3257), (1,6778), (1,7563), (1,6527)
blancura	(1,10321), (1,14693), (4,8544)
madura	(5,2824), (2,3224), (1,10938)
ejercitar	(1,4720), (1,1793), (1,7270), (1,6602), (1,8491)
quebradizo	(1,7922), (1,7944)
bulero	(1,4679)
ejercitan	(1,16343), (1,17866), (1,17919)
uessudueste	(0,10660), (0,10184), (0,10315), (0,10668)
confesare	(1,2756), (0,2229)
pobler	(0,5691)
encarecimientos	(1,9155), (1,16118), (1,17367), (1,16120), (2,5002), (1,12729), (1,11962), (1,6220), (1,14908)
mamola	(2,2796)
maduro	(0,1845), (0,5404), (3,2304)
nabios	(0,3488), (0,3521), (0,3530), (0,11706), (0,12042), (0,3516), (0,3581), (0,11725), (0,3534)
quebradiza	(1,5767)
expresando	(3,1773), (3,2334)
garrulidades	(2,5425)
acariciandose	(2,1846)
asegurandolos	(0,9399)
recelosa	(1,14024)
haberme	(1,3585), (1,2946), (3,517), (5,4169), (1,15854), (5,4307), (1,13071), (1,3281), (5,4309), (1,16113), (1,5554), (1,14099), (1,16920), (1,16921), (1,17369), (1,17466), (1,957), (2,3391)
cargada	(4,2531), (4,5860), (4,8789), (4,4187), (1,6521), (5,863), (4,2414), (2,5823), (4,7538)
plebe	(2,6050), (3,1413), (2,133), (3,1384), (2,138), (3,1377), (2,6816)
astillazo	(1,5226)
legalidad	(5,1525), (5,1740), (5,3452), (5,3774), (5,3520)
receloso	(2,3520)
confesase	(1,2753), (1,18568), (3,972)
cargado	(0,7391), (4,1477), (4,5543), (5,304), (1,143), (0,7374), (0,7950), (3,2260), (0,7958), (1,14359), (0,7927), (1,1725), (0,7005), (4,7074), (1,11391)
pulicia	(0,4722), (0,4794)
quedaras	(2,2452), (1,11149), (1,16765)
malsines	(1,8585)
pillos	(2,5489), (2,2802), (2,7242)
quedaran	(1,18723), (1,1140), (3,2886), (4,6025), (0,8325), (0,4758)
guardaria	(3,883), (0,8817), (0,8757), (1,3468)
tormentas	(1,7739)
costras	(1,1566)
derogada	(5,1380)
xergon	(4,2288)
conjurarsi	(5,2116)
podria	(1,1952), (1,18209), (2,2564), (3,870), (1,4901), (1,14503), (4,8011), (1,5417), (0,4042), (0,7755), (0,3405), (0,3534), (1,176), (1,4656), (4,2004), (5,2358), (0,7633), (1,1205), (5,6457), (0,4053), (1,7608), (1,1978), (1,3642), (2,3867), (0,4958), (1,3649), (1,8260), (0,5476), (3,520), (5,1995), (0,5478), (0,1383), (1,3912), (1,2761), (0,7401), (0,3949), (1,15957), (1,3418), (2,188), (0,7418), (4,1024), (3,2463), (1,6622), (3,675), (1,12003), (4,7687), (0,11271), (5,5229), (1,746), (5,244), (4,7187), (1,2033), (1,2802), (0,3985), (4,1046), (1,2419), (5,2168), (0,3990), (1,13945), (3,572), (0,5145), (0,5915), (1,9725), (2,6879), (1,4099), (0,5154), (1,5891), (1,13445), (4,2219), (4,8237), (0,2602), (4,1839), (1,3725), (1,3981), (0,5292), (1,1038), (1,1935), (1,13073), (1,6035), (0,3382), (0,8503), (0,1208), (1,5533)
jarillo	(4,677), (4,813)
arriasen	(5,3516)
ambitos	(2,5250)
contentar	(2,2497), (1,9956), (1,18949), (4,3406), (4,5615), (1,7212), (4,7250), (0,8081), (4,823), (1,8408), (4,4572), (4,7424), (2,2496)
detenerles	(5,2728)
contentas	(4,6196), (1,1140), (4,6026), (1,7223), (4,6383)
cajoncitos	(3,803)
contentan	(1,5617), (4,328), (4,2976)
rufian	(4,7435), (1,17256), (4,4045), (4,3502), (4,3504), (4,5505)
ateneo	(5,4341), (5,4337)
placentera	(4,4161)
cosmografia	(0,122), (0,13246)
ambiciosos	(5,7083), (2,139), (2,2555)
azedias	(4,5362)
entremetiera	(4,4380)
veniades	(4,803), (4,7542), (1,6734)
llebasen	(0,7472), (0,7906), (0,7430), (0,6568), (0,7166)
haberos	(1,13443), (0,4520), (0,4792), (0,5037)
ningunas	(4,325), (1,6114), (1,1013), (1,4533), (0,6692)
chancilleria	(2,967), (0,1109), (2,974)
derogado	(5,1273), (5,655)
penales	(0,13092), (5,3619)
646221541	(2,8339), (4,9189), (5,9162), (0,14010), (3,3310), (1,19263)
empeoro	(5,1025)
incoherencia	(5,794)
habitantes	(5,4806), (5,265), (5,7467), (4,6188), (5,3150), (5,5550), (5,658), (5,3670), (5,823), (3,150), (5,1912), (5,3001), (2,631), (5,156), (5,1852), (5,3744), (5,3425), (5,3617)
eleva	(5,1624), (2,6008), (5,3884), (5,6300), (5,3599)
carga	(0,3648), (2,4036), (0,6722), (0,3686), (1,7688), (4,4685), (5,2479), (1,2604), (1,9452), (0,3309), (2,3216), (1,13584), (1,4177), (0,3666), (1,9429), (1,1624), (5,7069), (0,3641), (5,4190), (1,11514), (0,3674), (0,7006)
complido	(4,8524)
borrarse	(1,5924)
seguir	(5,4906), (0,10828), (1,2094), (1,18735), (1,17328), (5,7478), (0,10833), (1,15026), (2,2454), (2,2332), (0,8410), (2,1181), (0,992), (0,5984), (1,18116), (2,7468), (3,2959), (4,8692), (0,5361), (1,15059), (0,3960), (4,6013), (5,5985), (1,13151), (5,4197), (1,5604), (0,1669), (5,5867), (1,1769), (5,5613), (1,6123), (3,2606), (1,11117), (0,5395), (1,13429), (1,11510), (5,4731), (2,7004), (0,6048), (0,5923), (4,2345), (0,1704), (2,3434), (1,16905), (1,1547), (3,2641), (0,5295), (0,10928), (1,15121), (1,11154), (5,5659), (1,15128), (1,15129), (5,6174), (1,7706)
cogelles	(0,8291)
elevo	(5,972), (5,3054), (5,2159), (2,3004)
seguis	(1,1040)
105107	(5,8061)
encomiarlo	(5,4641)
cargo	(0,12098), (0,1607), (0,5959), (5,5808), (0,11851), (3,1520), (0,8527), (0,4434), (1,2869), (0,1621), (1,1079), (0,1623), (5,6088), (0,5478), (0,1642), (0,1644), (1,4686), (5,2259), (5,3795), (0,8558), (0,9582), (5,212), (0,1647), (0,1648), (1,5969), (0,2673), (3,2836), (0,1650), (0,1651), (0,2419), (0,372), (0,2936), (0,5496), (0,5499), (1,11356), (1,2656), (3,1827), (1,6498), (0,387), (0,899), (0,9351), (1,14952), (5,1018), (5,7930), (1,3705), (0,5529), (0,3482), (0,6554), (0,11930), (1,14974), (0,2206), (1,10883), (5,4104), (0,3236), (1,4998), (3,1865), (0,4266), (0,4526), (2,1651), (3,2900), (3,2903), (0,4788), (1,8598), (0,4280), (0,2747), (5,5410), (0,2497), (0,11713), (4,6983), (5,5673), (0,4295), (5,5932), (1,2985), (1,14254), (5,5939), (1,2992), (0,4560), (1,1714), (2,5267), (0,3282), (0,4308), (1,13751), (0,6361), (0,2011), (1,5820), (0,1758), (0,4318), (3,2179), (0,4320), (0,10721), (1,965), (0,1512), (0,4328), (0,4329), (4,4208), (1,3534), (3,2454), (0,5877), (5,1885), (0,2552), (0,4344), (0,1019), (1,3292), (0,13051), (0,1533), (1,10975), (0,1535), (0,1536), (0,2304), (0,4365), (0,4878), (0,4367), (0,12049), (0,4372), (0,4378), (1,6910), (1,4357), (0,1830), (4,4012), (0,1577), (1,5898), (0,12073), (0,299), (1,3345), (0,1586), (0,1589), (0,13109), (0,1590), (1,18200), (0,9532), (0,12092)
seguia	(5,4809), (1,6663), (2,7913), (5,685), (5,1005), (2,2861), (5,1490), (5,4245), (2,7922), (1,15057), (3,1204), (2,7348), (2,277), (5,2842), (4,8251), (2,8026), (1,11321), (5,5088), (2,7357), (5,929), (2,7678), (5,1539), (0,6558)
estrepito	(4,8236), (1,10393), (2,5020), (2,7758)
hidalga	(4,4058), (4,1038), (1,10942)
cursantes	(1,18332)
teoricos	(5,3920)
estirado	(1,1383)
constantino	(4,6612)
bolbiesen	(0,3489)
hidalgo	(4,5062), (1,4675), (5,7689), (1,8680), (0,360), (4,8109), (1,8689), (4,8760), (1,7605), (4,4281), (4,5369), (1,8662), (1,17174), (1,13274), (1,8667), (1,17149), (1,9374)
pescadores	(4,6261)
christus	(5,2884)
conducentes	(3,2490), (3,177)
impida	(1,7430), (2,7135), (1,16303)
llebaren	(0,5151), (0,5104)
burgo	(4,4091)
zaragoza	(5,8790), (4,1047), (5,6584), (2,3207), (2,5272), (4,6699)
impide	(3,450), (2,7843), (0,2741), (2,412), (2,2125), (3,1887), (2,7008)
thirty	(4,9248), (5,1331)
alejandria	(5,5036), (1,4235), (1,4395)
legazpia	(0,3478)
vinoso	(2,5624)
inundacion	(5,3046), (5,475)
rellenos	(4,433)
empache	(4,4374)
novecientos	(0,11738), (0,11757), (5,1363)
azogue	(3,307), (3,1124), (1,12151), (1,11720), (3,1057)
vinose	(0,10682), (0,10780)
ilumino	(2,5796)
calificar	(4,107)
proseguiran	(0,5937), (0,5108), (0,5943)
reverente	(5,5124)
poligamia	(5,1268), (3,2838)
califican	(3,2307), (5,1933)
empacho	(5,4986), (4,5691), (4,6220), (4,3488)
guardarte	(0,10851)
brusco	(2,5947)
abrazaremos	(3,2751)
aspereza	(1,6929), (1,11191), (1,4121), (1,17355), (2,992), (1,11999)
desabrochandole	(1,5501)
complice	(5,1400), (2,6843), (2,7678)
xlvii	(4,6122)
asentareis	(0,1919), (0,5200), (0,4669)
ortotipograficos	(2,38)
demonos	(1,10216)
brusca	(5,5956), (5,5401)
prayer	(5,1095), (5,8599)
sorprendentes	(5,7368)
creible	(5,736)
montoya	(3,915), (4,7412)
deshonestidad	(1,277), (1,17003)
escribiste	(2,2444)
duero	(4,3574)
apercividos	(0,4799)
despoticamente	(5,2090), (5,7066), (5,3772)
redes	(2,4803), (2,2341), (0,6196), (0,6696), (1,10809)
conceptuoso	(5,6222)
escogiese	(1,4370)
guardarse	(1,15153), (0,3205)
notorios	(4,8523)
mocedad	(1,16818), (1,5507), (4,5287), (1,2358), (1,5462), (0,3354), (1,1564), (1,8733)
invencible	(5,7287), (5,2524), (5,4147), (5,4515)
ensanchar	(0,1749)
ficeren	(0,13036)
redacto	(5,2314), (5,3710), (5,1632)
tension	(5,7426)
caras	(2,5649), (1,1123), (2,5205), (5,251), (4,7947), (4,5580), (1,1469), (1,17085), (1,1391)
estabalo	(1,5712)
perfectos	(2,2370), (2,2424), (2,2489), (2,6667), (2,2397), (2,1536)
estabale	(1,4950)
escogiere	(1,18197)
dependencias	(0,9057)
escogiera	(1,2074)
ventrudo	(2,6077)
dexen	(0,2484)
montoro	(4,671)
lustravit	(4,5004)
cultivar	(5,2024), (5,3994), (2,3849), (5,2045), (5,5166), (0,9387)
cultivan	(1,186), (5,7246)
cordon	(1,11248), (4,3791)
forzosamente	(1,3376), (1,12209), (1,1176), (5,5372), (5,4301), (5,3407), (5,4511), (1,18011), (3,2816), (5,7619)
santidad	(4,4515), (2,418), (4,4501), (2,2292), (1,17603), (4,8407), (1,7796), (4,8456), (2,6204), (5,6688), (1,17997), (4,4722)
tartamudeas	(4,7149)
desbarbado	(4,7065), (4,8829)
tartamudear	(4,7145)
away	(5,8980), (4,4), (5,5), (3,5), (0,13826), (2,5), (1,5), (3,3128), (0,6), (1,19081), (2,8157), (4,9010)
fablareis	(0,2198)
recorrido	(5,1136)
trifulcas	(2,845)
usados	(2,2417), (0,8420), (1,17627)
chaconas	(1,11677)
puerto	(0,3647), (0,12864), (0,3649), (0,10818), (0,3652), (0,4165), (0,9286), (1,7208), (3,1003), (0,3656), (1,7211), (0,9290), (0,10314), (0,11338), (0,3659), (0,4171), (0,9292), (0,10828), (0,5197), (0,3662), (0,10319), (0,10833), (0,3666), (0,6738), (0,3667), (0,6739), (0,11347), (0,3669), (0,11349), (0,11350), (0,7256), (0,3674), (0,7261), (0,97), (0,5729), (4,3561), (0,3685), (0,4198), (0,6758), (0,8807), (0,4202), (0,13425), (0,2162), (0,10356), (0,11383), (0,2168), (0,13435), (0,3709), (0,1150), (0,13439), (0,8322), (3,2086), (0,644), (0,13445), (0,6790), (0,4231), (0,9351), (0,6793), (1,3184), (1,3185), (1,4211), (0,4242), (0,10386), (0,10388), (0,4245), (0,10389), (0,4250), (0,6810), (1,7805), (0,10396), (0,7326), (0,4255), (1,5249), (0,8865), (0,10401), (0,4773), (0,10405), (0,4268), (0,8365), (0,5807), (0,3251), (0,4275), (0,3254), (0,10423), (0,12983), (0,5816), (0,3257), (0,12985), (0,1210), (0,12986), (0,4284), (0,1214), (0,5825), (0,4804), (0,1222), (0,9415), (0,7369), (0,9417), (0,11466), (0,3789), (0,4301), (0,11982), (0,719), (0,9423), (0,11985), (0,4306), (0,8403), (0,13524), (0,8405), (0,4310), (0,5846), (0,7383), (0,8919), (0,9943), (0,13534), (0,8415), (0,7904), (1,9410), (0,5858), (0,4835), (0,12009), (0,5354), (0,3307), (0,3308), (0,3827), (0,8443), (0,3836), (0,13564), (0,8445), (0,3838), (0,6910), (0,5887), (0,6913), (0,6918), (0,12551), (0,12042), (0,5901), (1,6907), (0,12058), (0,10523), (0,11549), (0,287), (0,5920), (0,12065), (0,5922), (0,5924), (0,5926), (0,11559), (0,8488), (0,7977), (0,12073), (0,11562), (0,11564), (0,11565), (0,12596), (0,12089), (0,11578), (0,12090), (0,9533), (1,2847), (0,11583), (0,11584), (0,11585), (0,11587), (0,12099), (0,5956), (0,11588), (0,5957), (0,9541), (0,6983), (0,11591), (0,840), (3,2284), (0,5964), (0,12114), (0,3924), (0,11604), (0,11607), (0,12123), (0,349), (0,5981), (0,12125), (1,6464), (1,4417), (0,13152), (0,10081), (0,11617), (0,5987), (0,10083), (0,11621), (1,1863), (0,11623), (0,7016), (0,2409), (0,10089), (1,4431), (0,11630), (1,4433), (0,9586), (0,10610), (0,9590), (0,11638), (1,4440), (0,9593), (1,4443), (0,10106), (0,11644), (0,11662), (0,12692), (0,11669), (0,412), (0,929), (0,11681), (0,10658), (0,7592), (0,10664), (0,4521), (0,11689), (0,9146), (0,11706), (0,12731), (0,10172), (0,8639), (0,9151), (0,3523), (0,5574), (0,12745), (0,6091), (0,5582), (0,12751), (0,5073), (0,6098), (0,6610), (3,2942), (3,2945), (0,8162), (0,8686), (0,9199), (0,8689), (0,7666), (0,8178), (4,7036), (0,6652), (0,2045), (1,13278), (3,420), (0,12804), (3,431), (1,6637), (0,6668), (3,435), (0,3600), (0,3602), (1,6645), (0,12823), (3,443), (0,1560), (0,2073), (0,4121), (0,4633), (0,3611), (0,2078), (0,3614), (0,4126), (0,1568), (0,3616), (0,3617), (0,4130), (0,3619), (0,11299), (0,3620), (0,13348), (0,4133), (0,10799), (0,3633), (0,5681), (0,5683), (0,12852), (0,3639), (0,9786)
latinos	(1,16866), (5,6714), (1,16877), (4,8258)
epistolarum	(5,8540), (5,6641), (5,6547)
ochocientos	(5,5332), (0,1073), (3,1016), (0,11734), (5,6547)
ataban	(0,6430)
principio	(1,17057), (1,18852), (1,16551), (3,2923), (5,7469), (1,15665), (1,17458), (1,9011), (5,6456), (1,13108), (5,4922), (5,5947), (0,6104), (1,12217), (4,350), (5,6465), (0,9180), (0,6111), (1,12480), (0,736), (3,1284), (1,9031), (2,2220), (0,9965), (2,7601), (0,8690), (4,3063), (0,8564), (4,249), (0,3317), (4,7034), (4,2045), (0,8313), (5,5087), (3,2718), (0,5883), (4,2944), (1,16222), (5,7908), (1,18144), (1,9956), (0,3972), (0,3845), (4,8458), (2,2633), (5,4078), (4,6798), (4,7056), (1,11374), (2,1875), (4,8341), (4,154), (1,8823), (0,3482), (4,927), (5,4224), (4,8352), (0,3998), (4,1827), (0,160), (1,6147), (0,3492), (0,3495), (1,16008), (5,1423), (5,2831), (2,6765), (1,11660), (5,4113), (1,11663), (5,3477), (0,8240), (5,4887), (1,8851), (5,3480), (3,1499), (0,8633), (3,479)
cirugico	(4,7589), (4,7562), (4,8847)
dixeredes	(4,5191)
abatidos	(1,17825), (1,17830), (1,17548)
careo	(5,7914)
echenique	(3,2817)
puerta	(1,2080), (2,5121), (1,16928), (2,6149), (1,8233), (1,14891), (4,6096), (2,7697), (2,5138), (2,7700), (1,9780), (1,17461), (2,7703), (1,18488), (1,12350), (2,6176), (4,6639), (1,5710), (1,12371), (1,9822), (1,9824), (4,6157), (4,6158), (4,2575), (4,6160), (1,9837), (4,6172), (1,11900), (4,6177), (1,12926), (4,6178), (4,6179), (1,18560), (1,8833), (1,7298), (1,8834), (4,3114), (1,8839), (4,4141), (4,1583), (1,14478), (1,11921), (2,1651), (2,1653), (1,9876), (1,8854), (1,8857), (1,18585), (1,12442), (1,7326), (1,5793), (1,10915), (1,11427), (4,8265), (4,3147), (5,4654), (1,4785), (1,5301), (1,5813), (1,4799), (1,12993), (1,15047), (1,5832), (1,10957), (1,3280), (4,7806), (1,10459), (2,4285), (4,1666), (1,14564), (2,717), (0,8976), (2,5846), (1,10486), (2,5849), (1,13049), (1,13054), (1,16645), (1,11022), (2,5878), (1,16664), (2,250), (1,10521), (1,16667), (1,10013), (1,17183), (2,7941), (1,8484), (2,4870), (1,7975), (1,14641), (0,2901), (0,2902), (1,17211), (2,5917), (1,17220), (1,9541), (0,2917), (1,8009), (4,4849), (1,7503), (4,1781), (2,7994), (1,10076), (2,321), (1,3937), (2,1347), (1,16231), (1,11624), (1,15720), (1,3945), (1,5481), (1,10601), (2,2892), (1,5483), (1,15724), (4,2832), (1,3439), (2,5968), (4,1814), (1,3446), (1,5495), (1,3464), (1,9608), (3,1355), (1,16778), (2,3437), (4,5935), (1,3469), (1,10130), (2,6004), (2,1397), (2,2933), (2,887), (2,889), (1,3484), (2,382), (1,14750), (1,18848), (2,1411), (1,11170), (1,14754), (1,18851), (4,1864), (2,3978), (1,2986), (1,12715), (4,2902), (1,16825), (1,9660), (1,16828), (1,10174), (4,7522), (2,5027), (2,7587), (2,932), (1,18371), (1,9670), (2,7594), (5,7503), (1,10187), (3,2958), (1,12749), (1,9678), (5,7507), (1,9680), (5,7510), (1,16338), (2,6068), (1,9685), (1,5078), (2,6072), (1,5085), (1,15325), (1,12768), (2,6083), (2,4037), (1,9703), (1,10215), (2,1999), (2,5586), (1,10225), (1,10227), (1,18938), (1,5627), (1,5639), (1,14344), (1,14347), (1,15372), (1,15373), (1,14869), (2,7671), (1,14358), (1,15895), (1,14872), (1,16408), (1,15385), (1,16921), (2,7675), (1,14362)
penetramos	(2,1594)
principia	(3,1442)
banada	(2,5254), (5,5885)
acompanandola	(1,6142)
insultarnos	(2,2154)
imitaciones	(5,6429), (4,127)
bureo	(1,9650), (2,2692)
mercaduria	(1,17285), (1,4055), (1,8410)
pasaremos	(2,6898)
gubernamental	(5,3426)
calabozos	(2,7956), (2,7484), (2,6061)
banado	(0,8985)
rexistraran	(0,4577)
daremosle	(4,3448)
atribuian	(2,6129), (2,2012)
cardo	(4,5363), (4,1292), (4,1872)
demasiadas	(4,1704), (1,1071)
apretaron	(1,9264), (1,14413)
dueno	(5,2276), (0,7936), (1,17250), (1,1187), (1,15203), (1,18087), (4,7501), (1,8234), (1,9902), (3,1523), (5,6902), (0,7954), (0,7380), (5,1533), (2,6941), (5,4161), (1,14590), (2,4832), (1,8899), (1,14597), (1,1545), (5,1230), (1,8906), (1,8845), (1,8910), (1,14606), (1,8911), (1,12111), (1,2576), (5,1558), (1,12178), (1,17683), (1,148), (1,2580), (1,17300), (1,12117), (0,1655), (4,1085), (1,15130), (1,3740), (1,5340), (1,17628), (4,5760), (1,8989), (1,14621)
154126	(0,11863)
adest	(4,8471)
mordido	(1,1974), (1,1865), (1,1913), (1,2025), (1,2061)
154128	(0,11842), (0,890)
154129	(0,11855)
adornaronle	(1,1571)
compensada	(5,3554)
farolillos	(2,4992)
cometamos	(1,17643)
llebarle	(0,6663)
latinas	(1,3216), (0,6319), (5,6150), (0,9923), (0,3877), (0,13478), (5,5037), (0,6312), (0,6413)
escasisima	(2,619)
duena	(1,10144), (1,15905), (1,10147), (1,10404), (1,10150), (1,18598), (1,9895), (1,10409), (1,10026), (1,9902), (1,10158), (1,10416), (1,10545), (1,9907), (1,15925), (1,10425), (1,18494), (1,10175), (1,10434), (1,10179), (1,10307), (1,10691), (1,18499), (1,9543), (1,10057), (1,18505), (1,10187), (1,10197), (1,18517), (1,10327), (1,10455), (1,9561), (1,10585), (1,10207), (1,10335), (1,18787), (1,10730), (1,10219), (1,18795), (5,7153), (1,10479), (1,10480), (1,18544), (1,10225), (1,18547), (1,10228), (1,10504), (1,18568), (1,10385), (1,18579), (1,10520), (1,18584), (1,10521), (1,10141), (1,10653), (1,18590)
elena	(4,6411), (0,3514), (4,7248), (4,2930)
impropio	(2,2240)
afliccion	(2,5921)
vicomo	(4,8657)
murmuradoras	(1,95)
corday	(5,7046), (5,8127)
lascivia	(5,815), (1,9614)
burlome	(4,1439)
sueste102	(0,9737)
convoyes	(5,3655)
llebarlo	(0,7058)
quedarse	(5,4997), (1,3235), (1,3557), (1,3511), (1,4776), (1,11320), (1,1131), (1,3199), (0,7118)
minerales	(3,308), (3,373), (3,1149)
turbulenta	(5,237)
impropia	(5,7116)
varuntaredes	(0,2109)
ambiciosas	(5,5809)
castana	(2,263)
conquistadores	(0,1375), (5,6726), (3,119), (3,216)
mayordomos	(3,1326)
exponia	(5,3280), (3,1985)
procuradores	(0,1346), (4,7279), (1,8508), (1,8510), (4,4290)
rocapartida	(0,6033), (0,418), (0,6002), (0,12808), (0,4713)
buscabanse	(3,668)
desabrochandose	(1,12907)
calabraga	(4,1013)
tamizaban	(5,3936)
dexan	(4,2136), (0,5765), (4,4733), (4,1887)
mordida	(1,17762)
desairarme	(2,2568)
burlona	(4,851), (2,7082)
dexar	(0,4167), (4,6027), (4,6862), (0,5356), (4,1843), (0,10482), (4,6263), (4,8279), (4,8280), (0,1782), (4,5562), (4,4701), (0,5401), (4,7805), (0,1854), (4,7906)
ligadas	(5,4878)
soplaba	(1,9392), (1,3285), (2,3148)
caracterizan	(2,4098)
falange	(5,399)
agudisimos	(2,4300)
confesado	(5,1524), (5,3492), (0,2227), (0,2823), (0,2829)
salvoconducto	(1,9383)
relaves	(0,1337), (0,13052)
alboroteis	(1,15908)
malaguesas	(4,3030)
temporalmente	(5,4181), (5,3160), (5,3727)
exaspero	(5,1592)
almedina	(4,6165), (1,3703)
apercebimiento	(1,5873)
avinon	(4,7645)
compensaba	(5,4201), (2,632), (5,1458)
principes	(0,4992), (0,2849), (0,2852), (0,2504), (0,2633), (2,1645), (2,2381), (0,3019), (0,2861), (2,4399), (0,4847), (5,5560), (0,5014), (1,7063), (0,2617), (1,8058), (1,1755), (0,2650), (0,4858), (2,1951), (2,1536)
panama	(0,543), (3,647)
facilmente	(2,2049), (1,7008), (5,4460), (3,108), (1,3178), (5,6193), (1,10670), (1,18932), (5,2364), (2,3225), (3,2938), (1,4344), (0,3736), (3,445), (2,5660), (1,4351), (0,5280), (1,3331), (1,7172), (5,2633), (0,3241), (2,7157), (0,13683), (3,2711), (2,4534), (0,4024), (2,4412), (1,16349), (2,3135), (2,3136)
correspondieras	(2,3404)
borrarme	(1,11574)
carlancas	(1,16449), (1,17065)
insultan	(2,841)
partiran	(0,943)
confesada	(5,4795)
repartiesen	(1,2173), (0,7149)
castano	(1,11254), (1,137)
panderete	(1,1416)
expongo	(3,1481), (3,1243)
ejercitos	(1,14946), (1,13861), (2,7566)
serrallos	(2,3205)
esforzase	(4,591)
desabridamente	(1,17581)
tramontanos	(4,8436), (4,8258)
llebaron	(0,7167), (0,7921), (0,6466), (0,6564), (0,7956), (0,7061), (0,8389), (0,8954), (0,8348)
picardias	(2,502), (1,12778)
recebiesen	(1,7641)
revivieron	(1,13262)
soplado	(1,4725), (1,5420)
cunados	(1,14193)
oficiada	(4,6578)
baxio	(0,6210)
exponga	(3,2343)
agarrantes	(2,5518)
andamoslo	(4,4594)
defiendes	(2,3418)
vinole	(1,13711)
conjuraciones	(0,2133), (0,2199), (0,2107)
portaestandarte	(5,1937)
defienden	(2,7177), (2,7179), (5,2224)
cordel	(0,6399), (1,4017), (1,4018), (1,5046), (1,18567), (4,4173), (1,17212), (0,6429), (0,6398), (0,6430)
giraldo	(4,5574)
cargase	(1,15968)
latines	(1,16898), (1,16965), (1,16871), (1,16873), (1,17017), (1,16859)
mantenimiento	(0,2928), (5,3334), (3,1162), (3,1021), (0,2475)
vaticinios	(3,183)
atento	(1,3555), (0,5059), (5,6632), (1,11876), (0,9359), (0,5458), (0,5842), (1,3316), (1,14389), (0,1113), (1,10426), (1,6973), (0,9501), (0,7139), (0,9315), (1,15812), (1,16198), (1,14346), (0,9258), (1,11787), (1,9679), (0,9518), (0,7409), (1,16148), (1,17751), (0,1209), (5,4255)
exponer	(2,5225), (5,2047)
atenta	(1,4432), (1,13473), (1,11330), (1,10409), (1,18665), (1,11994), (1,3167), (5,5875)
renegada	(5,3534)
audaces	(5,724), (4,5644)
quasimodo	(0,8657)
confesaba	(5,2279), (5,2110), (1,2763)
preeminencias	(0,1524)
baxar	(0,3887), (0,3866)
pulimento	(5,4904)
baxas	(0,9839)
firmamento	(1,11808), (5,7045), (5,7317), (2,1557), (5,2763), (5,4927)
charlando	(2,634)
exponen	(3,1336), (2,6794), (2,2475), (3,1504)
bacano	(4,6334)
inequivoca	(5,1359)
renegado	(1,3826), (1,3862), (1,4326), (1,3193), (1,3338), (1,5067), (1,3436), (1,5391)
obtain	(1,19168), (4,9093), (3,3077), (3,3142), (5,9067), (2,8106), (2,8171), (3,3215), (0,13774), (0,13840), (2,8244), (1,19030), (1,19095), (0,13912), (4,9021), (5,8929), (4,8961), (5,8994)
creciese	(1,12519)
sacrifico	(5,4501), (5,346)
alimentaban	(3,83), (5,2705)
darselas	(1,12057)
insultar	(3,2056)
pueril	(5,5540), (5,5458)
costumbrada	(0,2740)
atenuo	(5,4347)
rufino	(5,7877)
atenua	(2,6228)
subvertir	(5,4524)
generosas	(5,2021), (5,4913)
culpar	(1,16004)
quedaron	(1,12069), (3,1256), (1,1579), (0,7122), (1,14005), (2,3865), (0,4698), (5,6468), (1,9026), (1,7492), (1,12868), (1,1095), (0,5734), (1,15688), (5,3025), (1,14544), (1,18514), (1,16859), (1,5085), (4,386), (4,8450), (0,10239), (5,2665), (1,6118), (1,10727), (1,4584), (2,7756), (1,10603), (1,14192), (1,4338), (1,632), (1,1145), (1,17145), (3,1725), (1,2174), (1,15362), (1,12676), (1,6789), (0,10532), (0,7590), (0,8743), (1,8713), (0,9000), (1,3082), (3,464), (0,6830), (0,8110), (0,10416), (5,4376), (3,1755)
sacrifica	(2,7200)
peruanos	(3,2781)
campanil	(3,1089)
pellejedes	(4,4302)
propagase	(2,701)
tanteando	(1,9049)
cohesion	(5,1192), (5,2539), (5,2476), (5,1039)
culpas	(1,13968), (0,8786), (1,4804), (0,1109), (2,6135), (1,8744), (2,4671), (2,6255)
cualque	(4,6979), (4,5894), (4,4103), (4,5834), (4,3339), (4,3787), (4,7377), (4,5714), (4,3028), (4,5717), (4,3414), (4,5720), (4,1370), (4,5594), (4,6303), (4,2272), (4,7842), (4,5156), (4,7846), (4,679), (4,4391), (4,5159), (4,5736), (4,1769), (4,683), (4,3819), (4,4848), (4,4081), (4,7985), (4,2546), (4,4084), (4,4661), (4,3447), (4,3710), (4,4350), (4,8128), (4,1345)
emisarios	(3,2675), (3,2647), (3,2590), (3,2608)
complira	(0,2818)
quedaros	(0,4671), (1,11300), (0,5401), (1,11117)
130132	(5,8159)
duelo	(4,932), (5,4615), (5,2080), (5,2672), (5,3152), (5,3344), (5,6563)
ceceaban	(1,14387), (1,14344)
gramaticales	(2,839)
delibro	(4,587)
lascivos	(1,278)
igualmente	(3,1508), (3,2340), (3,2089), (3,1322), (3,2476), (3,2924), (1,1517), (1,9197), (2,6736), (5,6323), (3,1588), (5,6650), (5,5691), (5,4931), (3,1285), (3,1669), (3,2181), (2,6821), (5,6792), (5,1163), (5,1233), (2,6318), (5,6866), (5,3795), (3,2322), (3,2964), (3,2839), (0,2426), (2,4413), (3,1504), (3,1568), (3,2337)
adecuada	(5,7722), (3,2489), (3,522)
principal	(0,8767), (1,4900), (1,9509), (1,13093), (0,7749), (5,2475), (1,3368), (1,14122), (0,7754), (1,9003), (1,12846), (1,16686), (0,7761), (1,12850), (5,439), (0,8275), (0,7765), (0,8277), (5,7356), (5,7868), (0,7768), (0,9051), (0,1372), (1,6462), (0,1376), (0,7778), (0,8803), (0,8292), (1,18501), (4,9194), (0,7784), (1,5963), (0,9067), (1,18252), (1,16719), (0,7791), (3,1299), (0,8816), (5,6102), (0,7796), (0,1653), (1,7510), (0,10102), (1,7258), (0,7290), (0,6781), (5,483), (0,7039), (1,13408), (5,5862), (1,13155), (1,2662), (0,4487), (1,14954), (0,6803), (1,15989), (2,5207), (0,12181), (1,3192), (0,5272), (2,603), (0,6809), (1,13694), (1,4991), (2,4961), (1,12417), (1,7045), (0,678), (0,7078), (0,12198), (0,12200), (4,6189), (5,3600), (0,12204), (1,8846), (1,6289), (3,1364), (1,12434), (0,6834), (0,6835), (3,2651), (3,96), (1,12702), (5,3875), (0,14014), (3,1892), (3,1894), (3,1386), (0,458), (1,6829), (5,5683), (1,15535), (0,3535), (0,9423), (0,7120), (0,3281), (1,7603), (0,7124), (0,1750), (1,2743), (5,6971), (0,5335), (1,13496), (0,6616), (1,14265), (0,6874), (0,12507), (2,6560), (2,674), (0,6882), (0,6884), (0,6885), (0,5352), (3,396), (0,13289), (3,142), (0,494), (4,4722), (5,4187), (0,5366), (1,3034), (0,12538), (0,12541), (1,14558), (0,1790), (3,2729), (1,7656), (0,9479), (0,7180), (0,10255), (1,18930), (1,13555), (1,12534), (5,2943), (2,6108), (4,5280), (1,17149), (0,799), (5,390), (2,5093), (1,7688), (0,7978), (0,7979), (1,8720), (0,3120), (0,3122), (1,6163), (1,13843), (0,6964), (1,18709), (5,6298), (0,6965), (0,566), (0,7734), (0,8759), (1,2073), (1,7453), (0,8765)
insulten	(3,2886)
subitamente	(5,5798), (5,5065), (2,7543), (5,2539), (5,7181), (5,1182), (2,5920)
coleccion	(4,260), (0,1), (5,6443), (5,6252), (0,136), (5,6253), (0,11), (5,6773), (0,13266), (5,7225), (0,13716), (4,154), (0,23), (1,56), (5,5692), (0,13719), (0,11805), (4,102), (0,12905), (5,6545), (0,52), (5,6681), (0,13620), (0,182), (2,7418), (4,63), (0,60)
sotavento	(0,10368), (0,9922), (0,10466), (0,7463), (0,6060), (0,8381), (0,7358)
falanje	(5,5029)
aposentos	(1,11089), (1,13218), (1,17142), (0,5208), (1,10460), (1,11228), (0,4508)
duele	(1,12288), (1,13184), (4,3748), (4,1525), (4,3273), (4,4221), (4,3278), (4,3775), (1,18238)
desacomodado	(1,13317)
adecuado	(5,3041), (0,13036)
cornualla	(4,1769)
duela	(5,7114), (4,4891), (1,16761)
desmayados	(5,6421), (1,16391)
profunda	(1,10594), (2,6092), (5,4848), (5,2675), (5,7413), (1,12403), (2,1301), (1,4788), (5,6072), (5,6397), (5,1983), (1,11261), (2,7968), (2,4001), (2,5921), (5,6789), (5,7301), (5,4170), (1,17671), (5,4876), (3,1291), (5,7245), (5,848), (5,4560), (5,1489), (2,4270), (2,2865), (5,5846), (5,7386), (2,7992), (5,1055), (5,4960), (1,16796), (1,5151)
inequivoco	(5,1694)
balbuciente	(2,6216)
senescal	(2,1833)
miserables	(3,674), (5,4549), (1,13362), (5,6359), (1,10979), (1,18644), (2,2727), (5,7295), (5,2272), (5,8497), (1,2927), (1,2943)
profundo	(1,13474), (3,1446), (5,1257), (2,1355), (5,5552), (2,7437), (5,7348), (1,3383), (5,7548), (1,10553), (5,7810), (1,10114), (3,1990), (5,4680), (2,1639), (2,7658), (3,1037), (5,5840), (3,144), (3,1296), (2,7984), (4,8245), (5,1367), (5,1176), (3,1303), (5,6169), (5,3741), (5,6302)
calmandose	(5,7470)
audacia	(5,2089), (4,5000), (4,7275), (5,4173), (4,8332), (4,8320)
gineta	(1,16439), (3,492)
importantes	(3,579), (0,3810), (5,5223), (5,6599), (0,101), (5,5610), (5,7659), (2,3308), (5,3957), (0,3345), (3,184), (5,1437), (2,2047)
memoriales	(1,1633), (1,18191)
lebrixa	(4,163), (4,6793)
intrigas	(5,612), (2,5106), (2,6739), (2,1738), (2,4383)
recop	(0,13056)
churrulleros	(1,17349), (1,8110)
impio	(2,5507)
reconocellos	(1,6483)
subiendo	(0,1954), (4,6439), (1,17524), (0,7270), (1,6506), (0,3898), (4,8814), (3,1759), (1,16669), (1,11358)
infernal	(2,1089), (2,6081), (1,2242), (2,7818), (4,4463)
misionero	(3,2103), (3,2829)
salazar	(5,3830), (0,12465), (0,13477), (5,8652)
ganadero	(1,5397)
fementidos	(1,13092)
accepting	(2,8370), (0,14050), (5,9193), (3,3341), (4,9230), (1,19294)
enviallo	(4,4533)
amapola	(1,18553)
sudeste	(0,13682)
encuentren	(3,2523), (2,7195), (1,8317)
apartamiento	(1,9514)
descendiente	(5,6744)
embelesamiento	(1,10582), (1,4952), (1,11034), (1,3964), (1,2447), (1,17983)
poblando	(0,8311), (0,8313)
pittsburg	(5,1193)
examinando	(2,628), (3,1653), (4,5511), (5,1488)
desairado	(5,1980), (2,3885)
mallorquinas	(4,3014), (4,1105)
amitamal	(0,10027)
decirles	(0,6768), (1,18922), (2,1854), (1,8861), (1,94), (1,2542)
burlalla	(1,970)
ensayaban	(1,4828), (5,2723)
simonia	(2,1752)
procedentes	(0,164)
reverenda	(1,18341), (1,10908)
solian	(4,4259), (4,8291), (0,1410), (1,18085), (4,5995), (0,9161), (0,8938), (0,8942), (0,2927), (0,6639), (0,7280), (0,1399), (1,18971), (0,13691)
descuelga	(4,7528)
cientas	(0,11691), (0,10989)
caput	(1,8257)
alcorconiano	(2,252)
ovillo	(1,1953)
circulaba	(5,7476), (5,3269)
acometian	(0,6543), (1,4275), (1,14392)
sacando	(0,1375), (1,8576), (1,9858), (0,1380), (2,3526), (2,4331), (2,4619), (1,12460), (2,3601), (3,437), (1,17715), (1,13236), (1,12918), (1,3962), (3,2527), (1,5183)
bebese	(1,17420)
reducidas	(5,3588)
alejandro	(4,4099), (5,4374), (4,6150), (5,7960), (5,283), (5,5821), (5,3458)
prisioneras	(1,18892)
azofar	(4,1125)
demasiadamente	(1,9232), (1,17955), (1,2933), (0,8580), (1,8278), (5,1340), (1,17179)
inflexible	(5,964), (5,6616)
tendilla	(5,6553), (5,8717)
haviamos	(0,10463), (0,9762), (0,10647), (0,10489), (0,10253), (0,10493), (0,9902)
afanosa	(3,76)
capua	(2,1792)
estimulo	(5,3691), (5,6381), (2,7773)
bebere	(1,15432)
transformaciones	(1,11364), (1,2021), (1,12793), (5,5874)
empeno53	(0,3391)
desencajados	(1,17733)
recta	(1,9517)
campanas	(3,163), (3,1028), (3,1032), (5,3309), (1,4937), (3,1036), (4,8527), (3,912), (3,1008), (3,1041), (3,1045), (0,7602), (3,822), (5,4480), (3,1153)
escapatoria	(2,3029)
mignet	(5,8489), (5,6526)
manifestado	(3,2581), (1,5308)
temiamos	(0,10546)
capon	(4,1798), (4,1279), (4,1281)
hijas	(4,787), (4,1013), (4,7752), (4,681), (4,1035), (0,8025), (4,1152), (4,785), (5,1522)
tardaban	(3,2088), (1,7062)
jusquina	(4,7979)
murmuradores	(1,8482), (1,8551), (1,16903), (1,6765), (1,8573)
admiranse	(1,5749)
manifestada	(0,13171)
ay42	(0,2474)
giramos	(0,11095)
transgresores	(4,7972)
batres	(5,6474), (5,8019)
varien	(3,2134)
decirlas	(1,15840), (1,16914)
hurgandola	(4,3317)
ciudadanos	(5,1611), (2,5448), (5,717), (5,1613), (5,3535), (5,3153), (5,2996), (5,535), (2,346), (5,7261), (5,290), (5,547), (5,1475)
zapateros	(2,5313), (1,8346)
locura	(1,13255), (5,7438), (2,1389), (1,15788), (2,4687), (1,7918), (5,6611), (2,7986), (1,8594), (4,7190), (1,7893), (1,13109), (5,4506), (1,8022), (4,8253), (5,7551), (1,8063)
criasen	(0,8896), (1,14539)
boveda	(5,7317), (2,1557), (2,2328), (2,2745), (2,1855)
reverendo	(0,2180), (3,2842), (3,2317), (3,2143), (3,1953)
pagamos	(4,1576), (4,7730)
fermentacion	(2,5213)
persuadida	(1,10505), (1,10028)
rebeldes	(0,8578), (3,2662), (3,1213), (2,5455)
bermellon	(1,10780)
linterna	(2,4770), (1,18115)
lastimeras	(1,7079)
antepasados	(3,1522), (1,9073), (5,5035), (3,1229), (5,6867)
condescendencia	(2,4131), (2,6800)
madruguemos	(1,11103)
mandandole	(1,3892), (2,5006)
pontela	(4,7012)
saludaba	(2,4272)
advertirme	(1,18699)
loada	(1,14081), (4,2026), (4,4990)
bordan	(1,436)
leianse	(2,1635)
deuda	(1,5872), (1,14947), (5,408), (2,1029), (1,17285), (2,1048), (2,1082), (2,3037), (1,6702), (1,17278)
excedan	(0,4595)
curical	(3,2379)
exemplo	(0,5279), (0,1755), (0,4556)
enviame	(4,5030)
enojaros	(4,7377)
pasteles	(4,3420), (4,7806)
descubierta	(0,5599), (4,5508), (0,3905), (1,4149), (5,878), (4,4352), (0,3901)
constitutas	(4,6019)
lisipos	(1,99)
recebiros	(1,13974)
carecian	(5,3493), (5,5225), (5,2477), (2,6650)
hueste	(0,6272), (0,10944), (0,6081), (0,11394), (0,6276), (0,6027), (0,6029), (0,6287), (0,13520), (0,10897), (0,13522), (0,10899), (0,5908), (0,5910), (0,6038), (0,6040), (0,13528), (5,5056), (0,5729), (0,11234), (0,6055), (0,10920), (0,10921), (0,11050), (0,5689), (0,10042)
hijo	(1,11303), (1,17449), (0,4170), (1,5165), (5,7090), (1,12334), (1,5168), (0,7763), (1,17460), (1,12859), (5,7616), (2,5662), (1,9791), (1,12864), (1,17476), (0,1636), (1,17477), (1,9289), (1,9291), (1,2636), (1,6222), (1,9294), (1,6223), (1,10831), (1,12880), (1,6225), (1,6226), (1,10836), (0,4213), (1,9305), (3,1564), (1,6234), (1,17498), (1,12380), (1,3677), (1,13407), (1,13409), (1,13412), (1,17508), (1,9317), (0,1676), (1,17517), (4,1042), (1,7281), (1,13425), (1,9330), (1,11892), (2,608), (5,6148), (1,5249), (1,9352), (2,108), (1,6283), (1,6289), (1,17559), (1,154), (1,17564), (2,4223), (1,7326), (1,6303), (1,15522), (4,1094), (4,7240), (1,15530), (1,15535), (0,10451), (4,7769), (1,13497), (1,1722), (1,17595), (3,2174), (0,3296), (1,17604), (4,5737), (1,15561), (4,621), (1,1740), (1,6350), (4,1142), (1,6356), (1,6362), (4,6785), (4,6788), (1,10990), (1,5359), (5,5749), (1,1270), (1,1273), (1,17657), (1,12538), (5,7808), (1,6911), (2,4323), (5,5769), (4,681), (2,744), (4,5805), (1,5386), (1,6928), (1,5912), (1,11551), (1,5409), (2,1795), (4,1224), (1,5927), (1,13096), (1,17704), (1,6954), (1,2861), (0,13132), (1,6958), (1,13102), (1,2863), (5,182), (1,6963), (1,15673), (4,1245), (1,12602), (1,9020), (4,4833), (3,773), (1,836), (1,9029), (1,2378), (4,752), (2,2864), (2,306), (1,1361), (4,5876), (1,1363), (1,9044), (4,1787), (1,9048), (2,314), (4,1278), (0,7039), (1,9056), (1,9058), (1,9059), (0,7045), (1,7018), (2,2893), (4,791), (1,11125), (1,9082), (1,11130), (1,11131), (1,15228), (1,15229), (2,2913), (1,7043), (5,2842), (5,1312), (1,9116), (1,17311), (1,14241), (5,3880), (1,7076), (5,1322), (1,14758), (1,9127), (1,14249), (1,9130), (5,5938), (1,15281), (4,1366), (4,8022), (0,3539), (1,9143), (0,7130), (1,9149), (1,9152), (1,962), (5,4935), (1,964), (4,872), (1,15301), (2,1447), (2,937), (1,7112), (1,11213), (1,15311), (2,434), (2,435), (1,9171), (4,4477), (3,415), (1,7645), (1,13280), (1,12776), (1,3049), (1,6124), (2,4046), (1,12783), (1,14835), (1,18932), (1,18934), (1,14840), (1,10751), (1,17410), (1,6147), (1,12812), (1,7183), (1,17427), (4,951), (1,9236), (1,2070), (4,6074), (1,17432), (4,1982), (1,2075), (5,5535), (1,4636)
sigan	(0,5783), (0,1705), (0,4590)
unanimidad	(2,2325), (5,3452), (5,913), (5,3299)
carecias	(1,3026)
descubierto	(1,14688), (1,2465), (1,11553), (0,6401), (0,11522), (1,1764), (0,3907), (1,1638), (1,3878), (1,15398), (0,12999), (3,747), (5,5423), (0,3916), (1,3505), (1,12849), (1,15155), (2,3926), (3,441), (0,3418), (0,9371), (1,2815), (3,1922), (1,11204), (1,6085), (1,6917), (2,2089), (0,4007), (1,6474), (1,11596), (2,1966), (5,1298), (0,1200), (0,13360), (0,4018), (3,983), (3,984), (1,1558), (3,985), (2,5176), (2,1145), (3,732), (0,1721), (2,1532), (0,3642), (0,1213), (0,1725)
interes	(5,5284), (2,3973), (5,2217), (5,4650), (5,4906), (5,5805), (5,1455), (2,1932), (5,2482), (5,2739), (2,5777), (2,5778), (1,12465), (5,1335), (5,2359), (1,6963), (5,4153), (5,7739), (5,5693), (5,5949), (5,2879), (5,1089), (5,1858), (5,5315), (5,4548), (2,2466), (1,8262), (5,3275), (5,2124), (5,5839), (5,6609), (2,3254), (1,3542), (1,9943), (0,249), (1,1627), (5,1122), (2,4544), (5,1892), (2,3780), (5,5736), (5,6505), (2,7111), (5,5868), (5,2414), (1,3178), (5,4975), (5,115), (5,6131), (5,2164), (5,6518), (1,14963), (5,2040), (5,3835), (5,4731), (2,2009), (2,2649), (5,6655), (5,7558), (5,1544), (5,4361), (2,5096), (2,7148), (5,4246), (5,2586), (5,4890), (2,2680), (5,6686), (5,3743), (4,3393), (5,4770), (5,2979)
escucha	(1,3009), (1,1442), (4,4584), (1,11717), (1,17190), (2,5322), (1,16330), (1,17386), (1,17036), (2,3280), (1,3983), (1,17264), (1,16563), (1,16660), (1,14072), (1,12540), (1,13180), (1,3038)
tejado	(2,1348)
sonetico	(1,1408)
recebirla	(1,7393), (1,14921)
inventaron	(1,5755), (5,6865)
sigas	(1,16903), (1,16907)
recebirle	(1,628), (1,16581), (1,15243), (1,15517)
testimonios	(5,5542), (1,157)
institucion	(5,293), (5,3461), (5,3717), (5,3174), (5,297), (5,1162), (5,1643), (5,2221), (5,2413), (5,271), (5,561), (5,2993), (5,3090), (5,2100), (5,3348), (5,247), (2,1716), (5,3063), (2,310), (5,162)
situadas	(3,932), (3,2410)
circunferencia	(3,1714)
juguetes	(2,3118), (1,286)
enderezando	(1,16783)
halaguenas	(5,1348), (5,5810), (0,766)
silv	(4,3524), (4,3593), (4,6218), (4,5935), (4,6128), (4,6228), (4,3349), (4,6037), (4,3608), (4,6233), (4,5946), (4,6208), (4,5953)
tejada	(1,10989)
demonios	(2,3778), (1,1879), (2,6296), (2,7161), (2,7513), (1,17512), (2,6074), (2,1867), (1,16012), (2,190)
asestaron	(5,1027)
confundidas	(5,2560)
entraban	(1,3776), (3,2085), (5,3944), (0,8036), (2,7721), (5,3629), (0,7882), (0,8779), (4,2388), (2,2391), (4,7577), (0,6773), (1,2391), (2,6139), (0,6489), (0,8921), (3,2046), (1,6492), (0,6428), (5,259)
sima	(1,17671), (1,10282)
caballerito	(2,7366), (2,7338), (2,6558)
gueite	(0,10770), (0,10375)
vierdes	(0,4410), (0,4668)
desconformidad	(0,5764)
jose	(5,7845), (5,4007), (5,4135), (5,5160), (5,7208), (2,2825), (5,7855), (3,1788), (0,12251), (0,13147), (3,895), (5,5316), (5,4293), (5,7877), (2,2851), (3,389), (0,13027), (3,268), (3,910), (2,7472), (0,12910), (2,7089), (2,4914), (5,4181), (5,3807), (2,5308), (5,6751), (2,3395), (5,3814), (5,7145), (2,2760), (5,4715), (5,6892), (5,4719), (5,3570), (5,4723), (2,980), (5,5111), (5,3577), (5,4738), (2,5601), (5,4229), (2,2660), (5,3596), (3,589), (5,6672), (5,8850), (5,6932), (2,2038), (2,7159), (2,7800), (5,5149), (5,8862), (2,2688)
rescatasen	(0,10303), (0,6376)
loado	(1,17138), (4,6070), (4,5808)
parescan	(0,4663), (0,4987)
percibir	(2,932)
tomados	(0,178), (1,2835), (5,6233), (5,2573), (5,2097), (1,7213)
hilo	(1,1952), (0,3775), (4,7674), (5,93), (5,5613), (1,16475), (1,3390)
albacora	(0,9814)
desposorios	(1,15683), (1,16089), (1,15213)
descenso	(5,6450)
mandandome	(0,4112)
engastadas	(1,7764)
desafecto	(5,5479)
enviare	(4,8275), (4,4916), (4,5365), (4,2582), (0,2197), (4,6265), (0,2102), (1,2727), (4,6266), (4,2827), (0,3198)
jove	(4,7086), (1,11820)
congressappend	(5,2513)
costura	(2,2887), (1,17130)
inquietan	(1,2674)
manantios	(4,7581)
enviara	(4,1369), (4,2793), (1,11462), (0,3226)
querria	(4,579), (1,6561), (4,453), (4,6597), (4,7621), (1,1315), (1,15013), (4,8139), (1,1321), (1,15018), (4,6478), (4,1743), (1,1071), (4,471), (4,5466), (4,6362), (4,4827), (1,13881), (4,3551), (4,2913), (4,1252), (4,7909), (4,489), (4,7017), (4,4465), (4,1010), (4,2548), (4,7029), (1,5970), (4,3446), (0,6261), (4,1018), (4,8193), (4,2562), (4,3843), (1,5217), (4,1158), (4,1159), (4,4743), (4,8200), (4,4361), (1,15206), (1,17383), (4,1806), (4,7822), (4,2320), (4,7830), (1,5622), (1,6390), (1,2807), (4,7962), (4,7963), (4,1693), (4,7454), (4,7969), (4,2215), (0,7847), (1,5258), (4,5552), (1,6033), (4,2869), (4,6709), (1,1685), (4,2616), (4,7100), (4,575)
venganza	(1,10532), (2,6790), (1,10661), (1,10663), (1,14953), (1,13162), (1,13164), (0,13004), (5,946), (1,14958), (5,2739), (1,13615), (2,6289), (5,2805), (1,7096), (1,2877), (1,18109), (1,4353), (1,9091), (1,13251), (4,167), (1,5513), (1,13258), (1,2835), (1,11927), (2,5177), (1,3162), (2,1086)
disputaban	(5,6056), (3,1433), (5,2130)
aliados	(5,597), (5,519), (5,7530), (5,1821), (5,1856), (5,273)
corruta	(4,3262)
tenedores	(5,407), (0,4581), (0,1895), (0,4583), (0,1881), (0,4569)
imposibilitar	(1,18018)
sacristia	(2,2775), (4,6154), (2,1865), (2,6681), (2,2716), (2,2718)
avergonceis	(4,4768)
exceder	(5,6072), (0,8262), (0,5641), (0,8270)
niebla	(4,8235), (4,4046), (1,9454)
sino	(4,7107), (1,3106), (1,3107), (0,7235), (4,8140), (1,3114), (0,8267), (1,17454), (4,5076), (2,6162), (1,2100), (1,11316), (0,13396), (0,9302), (3,2042), (4,8157), (1,6203), (1,3132), (4,2017), (4,3042), (1,13379), (0,7268), (1,16453), (0,4197), (5,3019), (1,2120), (2,2090), (1,9291), (2,1070), (5,4051), (1,18512), (1,10324), (2,5175), (1,8278), (1,17495), (1,13400), (2,2108), (1,92), (4,5120), (1,15453), (1,12382), (1,15454), (1,6239), (1,12383), (0,3200), (1,17505), (0,8322), (4,1034), (4,2059), (0,7305), (1,13418), (5,4084), (2,1107), (5,7158), (1,13426), (2,6228), (1,12403), (1,17523), (1,6260), (1,3189), (1,14455), (1,6265), (1,15481), (4,8221), (1,3196), (1,7293), (1,9342), (0,10399), (1,4229), (1,5254), (0,7333), (0,8357), (1,16518), (1,7303), (1,16520), (4,7212), (1,16522), (1,16523), (1,140), (3,1102), (1,7308), (1,9356), (1,13452), (3,1103), (0,6317), (1,6288), (1,12434), (1,17556), (0,6325), (1,12439), (2,121), (1,1178), (4,3134), (4,5182), (1,17566), (3,1122), (0,8384), (4,5190), (1,1188), (4,7239), (0,196), (1,17573), (4,6219), (2,3210), (1,17577), (1,3244), (1,17584), (1,13490), (1,17586), (4,5206), (0,3283), (1,1205), (4,3161), (0,6360), (1,14521), (4,2141), (2,2204), (1,3260), (2,7326), (1,14525), (4,4193), (4,7266), (4,3171), (1,17603), (4,8295), (0,3302), (4,6253), (0,9450), (1,16587), (4,111), (2,7341), (1,13516), (1,17612), (0,7404), (1,15565), (1,4302), (0,2287), (4,4211), (1,210), (4,7285), (1,6354), (0,13553), (4,118), (3,1174), (1,14548), (2,6329), (1,9436), (1,3295), (1,15585), (1,12517), (1,1254), (2,4296), (0,6406), (1,17639), (5,7276), (0,6408), (1,10474), (0,6417), (0,2323), (1,8442), (3,190), (0,2331), (2,5342), (0,6428), (4,1185), (1,11521), (0,2339), (1,9477), (1,8454), (1,14598), (1,263), (1,9481), (2,6380), (1,16651), (4,8367), (1,269), (4,5299), (1,274), (1,18706), (3,1237), (0,10546), (4,6327), (1,7447), (0,7478), (1,7449), (1,6426), (1,12572), (2,1279), (4,3266), (4,5317), (0,2372), (0,6468), (2,3336), (1,1321), (0,7496), (0,2377), (3,238), (4,2255), (4,7377), (5,6322), (5,1206), (1,5428), (0,341), (1,1334), (1,9526), (2,5400), (0,8537), (0,8538), (1,11579), (4,2271), (3,1279), (5,3266), (4,226), (4,227), (1,12608), (2,5411), (1,6467), (1,18755), (1,8516), (1,18759), (1,16712), (1,2378), (0,10604), (1,15693), (0,7536), (1,6482), (1,2387), (4,5368), (2,7481), (1,11613), (1,1374), (4,5381), (1,7523), (4,3335), (5,1257), (1,6501), (1,18792), (3,300), (2,4427), (4,7437), (0,7571), (4,4377), (1,8568), (1,17785), (1,15738), (1,2428), (1,13693), (4,8484), (0,7584), (1,6531), (0,8610), (4,3367), (2,3429), (1,5508), (5,1289), (1,4488), (0,8615), (4,3376), (1,15757), (1,18830), (4,8498), (1,2448), (1,8592), (1,8594), (1,15762), (1,17814), (1,5528), (3,2395), (1,17819), (0,6587), (1,1437), (1,1441), (1,6561), (4,2374), (1,1447), (2,7564), (0,10699), (1,14764), (1,2478), (1,17839), (1,18863), (0,5585), (4,1368), (1,16823), (2,2457), (1,4536), (1,15800), (4,2399), (2,415), (4,1377), (0,4573), (4,2404), (1,6594), (4,5480), (5,3402), (1,3529), (4,4466), (1,17872), (2,6578), (4,3445), (1,10711), (4,3451), (1,15835), (4,6527), (0,5628), (4,4481), (4,2437), (1,7651), (0,2563), (1,15848), (1,18920), (0,7692), (4,2452), (4,4503), (1,9716), (4,7580), (1,18937), (1,16890), (5,2432), (0,7710), (4,1445), (0,10788), (0,10789), (1,11788), (1,11789), (1,17933), (4,3506), (4,7602), (0,9774), (1,1552), (4,6579), (1,6676), (1,8724), (0,565), (5,3485), (0,6714), (2,7677), (0,5692), (2,5632), (1,16929), (1,4644), (0,6725), (1,5671), (4,2507), (1,16939), (1,4652), (2,5645), (0,5710), (4,6611), (5,3509), (1,6705), (0,5713), (0,9810), (3,502), (4,2519), (3,1528), (4,1498), (4,4573), (1,9786), (3,1537), (0,10846), (1,15935), (5,5572), (1,6721), (0,10851), (0,6760), (1,7754), (1,8780), (3,2575), (0,9836), (0,12908), (0,6767), (1,18000), (1,16978), (4,2554), (1,7767), (0,6777), (0,11897), (2,1596), (1,14939), (0,6780), (1,14942), (4,2562), (1,6751), (0,5759), (0,6786), (0,5763), (0,6789), (0,1672), (2,5706), (1,6761), (0,2697), (1,14954), (0,6794), (4,527), (1,2668), (4,8719), (4,5648), (1,8816), (0,6802), (4,2583), (4,537), (2,2647), (5,7674), (0,5783), (1,9848), (5,7677), (4,3613), (4,6685), (0,666), (0,6813), (3,2627), (0,673), (1,3714), (2,6755), (0,1698), (1,13955), (1,1672), (1,6793), (0,7851), (0,8876), (4,5681), (1,8846), (1,18062), (1,6799), (1,8849), (4,7734), (2,6777), (5,7708), (1,12954), (1,16028), (4,7744), (4,7745), (1,1695), (0,2751), (0,8895), (4,3654), (5,2600), (4,4680), (2,7814), (0,8901), (4,2639), (0,2766), (3,627), (3,2675), (5,7733), (0,2774), (0,2776), (4,5724), (4,5725), (1,17084), (1,18110), (1,2751), (2,7841), (4,616), (4,5736), (4,7785), (5,7754), (1,7878), (0,9957), (2,3752), (0,8936), (1,16073), (4,5741), (3,2701), (0,8939), (1,14028), (4,5744), (1,3792), (4,629), (1,16082), (4,1655), (1,8922), (1,14043), (1,15073), (4,1670), (0,8962), (1,15076), (4,6792), (1,745), (0,6922), (1,10987), (1,10989), (1,17135), (4,1683), (1,14064), (1,16112), (1,5873), (1,1781), (1,5877), (2,2775), (1,6902), (1,10998), (1,6904), (3,2747), (1,7930), (4,4766), (0,6943), (1,9984), (1,2817), (0,5921), (0,5923), (4,3752), (1,9991), (0,2859), (2,750), (0,5932), (1,14093), (2,6896), (0,5936), (1,10001), (4,1721), (1,6934), (1,11031), (1,15128), (4,4798), (5,3745), (0,7997), (0,3902), (1,11039), (1,15136), (5,4774), (1,16165), (4,4810), (0,8008), (4,5841), (4,5842), (1,10031), (5,1716), (4,4822), (1,4916), (0,2900), (5,6842), (1,9014), (1,9015), (0,1885), (4,6882), (0,1887), (4,2788), (5,712), (4,6887), (0,869), (5,4813), (4,3821), (1,3915), (1,6989), (5,6866), (1,10062), (4,3827), (1,15184), (1,11089), (0,2929), (4,6901), (3,2838), (1,8020), (3,2841), (0,2935), (1,16216), (2,827), (0,10106), (4,5887), (3,1824), (3,2849), (4,1798), (5,5865), (0,8068), (1,10085), (5,3818), (2,5961), (2,1866), (4,4878), (1,3947), (4,4879), (0,1936), (4,6932), (0,7057), (4,791), (1,8052), (0,916), (1,16245), (0,7062), (0,8086), (1,1916), (0,1947), (4,2849), (1,11134), (4,1826), (2,5984), (1,1921), (2,1890), (1,13185), (5,3847), (4,6950), (1,9091), (0,5028), (1,4999), (4,3886), (5,1809), (0,7085), (4,1845), (5,4890), (0,8120), (0,3001), (1,7067), (1,12187), (1,15262), (1,15266), (1,14243), (4,2889), (0,6085), (1,10151), (0,7114), (4,847), (4,5967), (1,1966), (1,8110), (1,13232), (3,884), (1,2994), (3,885), (5,2872), (1,12214), (1,18360), (4,2908), (1,1979), (2,5020), (0,10202), (4,864), (0,6108), (1,1985), (1,4036), (1,5060), (5,3913), (1,12229), (5,3917), (4,8046), (1,18379), (0,3052), (1,15309), (1,974), (4,8049), (5,6994), (1,16334), (4,882), (4,884), (5,1877), (4,3956), (0,4080), (5,5974), (0,7157), (1,15321), (1,5084), (0,10236), (1,2014), (0,9213), (1,4063), (4,3971), (0,4096), (1,9185), (1,2019), (0,8194), (1,12259), (1,13284), (1,15332), (1,15333), (2,4040), (1,4073), (4,1933), (1,16366), (0,4112), (1,11250), (1,12274), (0,8210), (1,11251), (0,3093), (1,7158), (0,8214), (3,1978), (0,9240), (1,12281), (0,7193), (1,7164), (4,2977), (5,1924), (1,8192), (1,1025), (1,2049), (5,4997), (4,7077), (1,1027), (1,2052), (1,11269), (4,937), (0,6182), (1,11271), (0,8234), (1,15371), (1,2061), (0,3121), (5,1943), (5,2968), (1,2070), (0,2102), (0,10295), (4,4030), (1,17438), (0,10302)
exceden	(5,7151), (5,6304)
tablado	(1,389), (5,7516), (5,2850), (1,8398)
vezaron	(4,2180)
larache	(1,6528)
compatriotas	(3,1986), (5,2260), (5,4565), (5,3543), (5,6715), (5,7259), (3,122), (5,4221), (4,8604), (5,3906)
conoces	(4,2051), (1,3013), (1,3624), (1,3050), (1,3642), (2,3452), (1,4076), (1,17407)
inquietas	(5,1495)
inquietar	(1,11739)
enojarse	(1,5722)
conocer	(1,3104), (1,8800), (5,4454), (1,4514), (5,2791), (4,6470), (4,137), (3,552), (5,5420), (2,1674), (2,7498), (1,6186), (1,7404), (2,528), (4,659), (5,5428), (1,15664), (5,5301), (1,12595), (2,2135), (4,7961), (2,984), (4,5786), (5,7935), (4,3424), (1,14208), (5,6597), (1,18689), (0,612), (4,3180), (0,2921), (4,4974), (1,8909), (4,8757), (4,118), (1,16083), (1,16149), (1,16473), (1,2011), (5,1888), (2,5055), (2,6208)
salvia	(4,3483), (4,3487)
seguiran	(0,4547), (0,1689), (0,5913)
tablada	(1,7297)
creyeronla	(1,11969)
garraron	(0,7244)
sine	(4,8307), (0,2791), (1,5592), (1,8425)
seguiras	(2,2456), (2,2457)
sublime	(2,3761), (2,835), (2,2019), (2,2612), (5,5591), (2,4698), (2,6459), (2,2780), (5,7200), (5,7202), (5,2883)
tomadla	(1,4882)
quedavan	(0,4116), (0,10804)
espiritualismo	(5,5071)
oeste	(0,6240), (5,616), (0,3940), (5,7273), (5,1323), (0,3847), (5,7341), (5,7373), (0,3914), (0,6122), (0,6730), (0,6762), (0,3915), (0,4717), (0,3886), (0,3888), (0,6130), (5,1432), (0,3955), (5,2009), (0,7669), (0,3865), (0,3867), (0,10174)
asestarle	(5,5974)
filosofar	(1,16848), (1,16900), (1,16843)
sacarlas	(1,190)
cautela	(2,3267), (3,1237), (3,1653), (0,8354), (0,8229), (4,8522), (3,1227), (0,7721), (3,2077), (0,7724), (3,2608)
conocio	(4,3332), (1,13986), (1,17058), (1,6884), (1,2405), (1,12581), (1,12646), (1,4456), (1,12776), (1,4457), (4,8717), (2,973), (1,14188), (1,12589), (1,14189), (1,4462), (1,12590), (1,14190), (5,3891), (1,13231), (1,13234), (1,14002), (1,4275), (1,16436), (1,15287), (1,6841), (1,14586), (1,3964), (0,12892), (1,9030), (1,14023), (1,8456), (1,9032), (1,4041), (1,11081), (1,14026), (1,9035), (1,4301), (4,4469), (1,4306), (2,5941), (1,279), (1,3673), (1,12761), (3,412), (1,10013), (1,11485)
sumare	(1,7476)
intuicion	(2,3147)
mendozapor	(0,1975)
parescen	(0,11424), (0,11433), (4,1346)
ampolleta	(0,13084)
burlando	(4,5667), (1,11603), (4,2093)
saludado	(5,2621)
cobijavan	(0,9806)
riyendose	(1,16211)
cumplidero	(0,1152), (0,2097)
espontaneamente	(3,2658), (5,1544), (5,911), (1,7915)
redujeron	(1,4337)
conocia	(1,13408), (1,13410), (1,13284), (2,5639), (1,17065), (1,7338), (5,7856), (1,3885), (1,6638), (4,8852), (1,3506), (2,7062), (3,1976), (5,3642), (2,5911), (4,7705), (1,7862), (2,2907), (1,13310), (5,3779), (5,773), (1,14151), (5,4748), (0,10539), (1,6928), (1,3666), (5,2072), (2,2614), (0,7733), (2,2616), (2,3261), (1,14365)
ayudante	(2,1837)
filosofal	(5,4916), (1,18163), (1,18167)
finalmente	(5,3237), (1,17442), (1,2467), (1,14372), (1,1192), (1,7080), (1,7083), (1,16172), (1,7725), (1,11437), (1,16813), (1,7342), (3,1906), (1,12722), (1,8500), (1,1845), (1,2102), (0,2134), (1,7864), (1,11578), (4,7903), (1,7100), (1,1469), (1,15295), (1,14912), (1,15680), (1,12482), (1,17218), (1,6084), (1,13124), (1,15812), (1,17734), (1,1095), (1,6471), (1,8263), (3,1163), (1,15818), (1,14285), (1,7758), (1,12238), (1,9040), (5,4693), (1,16086), (1,14935), (4,637), (1,17626), (1,1627), (1,17246), (1,15840), (1,17249), (4,8453), (1,7651), (1,14693), (1,6118), (1,3052), (1,14705), (1,6515), (1,12275), (1,8821), (1,8950), (1,16376), (1,6652), (1,14716), (4,7584), (1,1023), (1,17919), (1,12417), (1,15362), (1,7299), (1,261), (1,1413), (1,2183), (1,8712), (1,17036), (1,7565), (4,8241), (1,10767), (1,9490), (1,16787), (1,7829), (1,8469), (1,279), (1,2458), (1,16027), (1,7452), (1,16796), (4,6208), (1,12190)
cauterizarla	(5,7675)
virtud	(1,6176), (1,10149), (2,519), (5,4650), (4,7241), (1,6182), (0,1865), (1,13099), (1,16431), (4,2772), (1,16817), (1,8628), (0,6614), (5,4668), (1,7608), (1,10168), (1,8250), (3,1661), (1,10300), (0,2908), (1,10559), (1,13123), (5,7242), (3,2446), (5,4561), (0,1005), (0,1006), (0,9070), (0,1008), (5,2519), (5,5335), (0,5619), (5,4441), (1,9173), (0,3189), (1,8920), (1,4697), (3,2588), (1,18267), (1,16990), (4,1540), (1,9186), (3,421), (0,3081), (5,1267), (5,504), (4,7575), (4,7583), (2,4062), (1,10878), (1,10113), (4,2348), (5,5901), (5,5136), (1,16780), (4,8112), (5,2323), (5,3091), (1,16784), (5,1557), (5,151), (0,8245), (1,8982), (4,5050), (5,3868), (4,5823), (1,10524), (4,5825)
saludada	(5,5670), (5,3082)
africanos	(5,1608)
fatigadas	(5,2020)
corrupt	(2,8257), (5,9080), (0,13925), (3,3228), (1,19181), (4,9106)
enganaba	(2,3314), (1,4099), (4,4263), (1,16041), (2,3312)
cuajadas	(5,6196)
brujula	(1,10048)
solteron	(2,3211)
llevaran	(4,2179), (1,10801), (1,2132), (5,1962), (2,5496), (2,969), (4,4941), (0,476), (0,3676), (1,8318)
parescer	(0,11393), (0,6274), (0,3589), (0,10885), (0,7688), (0,6025), (0,11529), (0,8332), (0,6032), (0,6037), (0,7897), (0,6426), (0,11291), (0,11355), (0,8799), (0,7139), (0,11620), (0,7141), (0,3367), (0,6119), (0,7274), (0,939), (0,8428), (0,11439), (0,7408), (0,8304), (0,7345), (0,8305), (0,8689), (0,11378), (0,8307), (0,11508), (0,6648), (0,6137), (0,7225), (0,6011), (0,6268), (0,6908), (0,8317), (0,6270), (0,7742)
enviase	(1,4866), (1,4183), (1,8025), (1,3706), (1,2523), (1,3838), (0,7182)
solteros	(1,15864)
tristisimos	(1,10727)
escuchame	(1,18105)
pepillo	(2,5514)
llevaras	(1,6592)
guadalupe	(1,12736), (1,16002), (1,12451), (1,12437), (1,12473)
nupcial	(2,3181)
deslumbrar	(5,2487)
construian	(2,7689)
melindre	(1,18822), (1,2042)
diciendole	(1,10913), (1,6371), (1,13284), (1,15524), (1,5542), (0,7045), (2,3913), (1,8810), (1,8938), (1,13802), (1,6635), (1,15979), (1,8045), (1,8366), (1,15984), (1,10418), (2,1818), (1,12666), (1,11776), (2,6946), (0,7392), (1,3394), (2,1701), (1,13254), (2,3368), (1,6218), (1,11467), (1,6926), (1,13328), (1,17168), (1,8785), (1,2517), (1,5142), (1,1819), (1,5853), (1,7902), (1,10142)
empenarian	(3,451)
escogida	(1,9296), (1,9250), (2,5637), (5,7801), (5,4058), (1,1592), (5,7501), (4,253), (0,4142)
deshonro	(4,1093)
atroces	(2,6793)
disolucion	(2,2482), (5,6032)
avas	(0,4290)
hito	(1,16779)
namur	(5,5812)
diciendola	(1,4715)
escuchador	(4,3060)
deshonra	(1,8721), (1,18755), (1,8916), (1,7989), (1,17765), (1,8807), (1,8919), (1,9082), (2,5678), (1,12717), (1,8750)
esperandote	(2,4821)
agradezcotelo	(1,16539)
hist	(0,12882), (5,555), (5,1116), (0,13575), (5,413), (0,13131), (5,706), (0,13037)
recaiga	(2,7241)
patrias	(2,4986), (2,539)
ajuar	(2,2019), (0,6706), (4,450)
empezaron	(3,564), (2,7703), (3,170), (1,18510)
vienen	(4,2115), (1,12448), (4,7749), (4,5959), (3,360), (1,6694), (4,3531), (4,3532), (2,4875), (3,1389), (1,6699), (2,528), (0,6224), (4,8660), (4,4575), (1,3519), (0,4962), (1,1223), (4,3051), (2,4521), (0,3817), (4,6381), (4,7663), (0,1903), (4,6515), (4,3066), (4,3068), (4,3069), (4,3070), (1,8669), (4,4481), (1,7390), (4,771), (0,2560), (1,12388), (4,2698), (2,5961), (4,3343), (4,6289), (4,7315), (0,9488), (1,12529), (1,17650), (4,1174), (1,8948), (1,17652), (1,17653), (1,13302), (1,13430), (2,6360), (1,14455), (1,15481), (4,7709), (1,2046), (4,1189), (2,5737), (2,6121), (4,7595), (2,7915), (4,7982), (1,12943), (1,15376), (4,4661), (2,4216), (0,11575), (5,2589), (2,5117)
escuchados	(1,8709), (5,4650)
vienes	(2,3761), (1,16290), (2,3351), (2,4823), (4,3547), (2,1610), (1,3113), (2,5082), (4,1501), (4,6653), (4,6989)
deshonre	(1,12055), (2,6861), (4,6818)
piquillos	(2,2763)
jugueton	(1,812)
criaba	(1,6128), (1,8977), (1,274), (1,8966), (4,5805)
enganada	(1,1936), (1,13960), (1,1675), (1,6222), (1,13598), (1,13918)
efusion	(5,5270), (5,5275), (5,5216), (2,1055)
plaga	(4,7044), (1,18227), (1,16293), (1,16901), (2,793)
ingenitas	(5,6074)
acallaron	(5,1487)
siro	(5,4411)
interno	(5,3448), (5,4072)
enviado	(4,948), (3,2739), (1,14261), (0,247), (4,7515), (1,8044), (1,13852), (1,11053), (1,15661), (0,590), (5,6691)
maltratarme	(1,3214)
directamente	(5,1205), (5,1877), (5,1900), (5,6686), (0,861), (5,4115)
hagote	(1,8800)
hisp	(0,13118)
resolvieran	(5,7666)
viendolas	(1,5364), (2,4214)
asieron	(1,16592), (1,12834), (1,7413), (1,18073)
atrevera	(1,5584)
following	(0,13887), (1,19072), (4,9157), (1,19234), (2,8070), (1,19142), (4,9002), (5,8971), (4,9068), (5,9133), (3,3119), (5,9041), (3,3281), (1,18994), (3,3189), (2,8148), (2,8310), (2,8218), (5,8893), (0,13817), (0,13978), (3,3041)
bronces	(1,100)
interna	(5,2360), (0,140), (0,285)
molestado	(5,934)
sedimento	(0,824)
atrevere	(1,16186), (1,187)
joya	(1,1186), (4,2215), (1,2821), (1,10631), (1,13996), (2,3566), (1,6701), (1,6702), (1,13584), (1,6706), (2,7891), (1,692), (1,7093), (1,310), (1,1014), (1,15126), (2,3576), (1,6713), (1,11002), (1,12379), (1,412)
oyentes	(1,18067), (5,840), (1,8555), (1,716), (5,1954), (1,18446)
escuchaba	(1,13056), (1,9958), (5,4156), (1,13899)
parescia	(0,10943), (0,6306), (0,6725), (0,10981), (0,6726), (0,6632), (0,8329), (0,7214), (0,11408), (0,7156), (4,3835), (0,8792), (0,7003), (0,6300), (0,7068), (0,6270)
salvat	(4,5848)
salvas	(1,8116), (2,1914), (2,1917)
salvar	(5,2532), (2,4689), (5,4005), (2,7250), (0,209), (5,3883), (3,458), (2,7146), (5,3375), (2,4750), (2,3007), (5,3538)
enganado	(1,8481), (1,6979), (1,4772), (2,3944), (1,15210), (1,15211), (5,2289), (4,1489), (1,14095), (1,16080), (2,6355), (0,6129), (1,16084), (2,3927), (2,4442), (1,16188), (1,16541), (1,15199)
fatigados	(5,394), (0,10234), (1,3356)
esencia	(5,5525), (5,7413), (5,4857), (2,361), (5,4990), (5,2385), (5,515), (5,3091)
parescio	(0,7008), (0,8288), (0,8384), (0,5603), (0,6277), (0,6757), (0,11529), (0,7179), (0,7469), (0,11632), (0,6065), (0,8114), (0,3027), (0,6646), (0,3097), (0,6202), (0,11514), (4,8511), (0,6845)
encender	(1,13115), (4,5535), (2,4654)
desistio	(1,11492)
escuchadme	(1,14684)
place	(3,3107), (1,19060), (4,2856), (2,8136), (4,2731), (4,2763), (4,8028), (4,4302), (4,8990), (5,8959), (4,4064), (0,13805)
desistir	(1,6919)
prominently	(0,13857), (1,19074), (3,3159), (2,8150), (4,9003), (1,19112), (5,8973), (2,8188), (4,9038), (0,13819), (3,3121), (5,9011)
firmes	(1,4166), (5,5244), (1,13564), (1,13518)
puraylla	(3,2642), (3,2150), (3,2635)
restare	(0,2008)
dedales	(1,788)
archiveamerican	(0,31), (0,13728), (5,29)
doceanismo	(2,507)
gechapague	(3,1801)
site	(0,14079), (4,9047), (0,14019), (4,9258), (4,9262), (0,13866), (4,9199), (0,14076)
viendo	(1,545), (1,3617), (0,10304), (4,7109), (0,8003), (1,1829), (0,6982), (3,2794), (1,14888), (1,9257), (1,14891), (1,10543), (4,8147), (2,7953), (1,10544), (2,276), (3,757), (1,6196), (0,8276), (0,7254), (1,10295), (1,11319), (1,14138), (2,7709), (1,14398), (0,5222), (0,5227), (0,6253), (1,4687), (0,7279), (1,3160), (1,17752), (1,6490), (1,18526), (1,15205), (0,8332), (1,12141), (3,816), (0,5267), (0,7583), (1,18816), (4,551), (4,557), (0,6313), (0,7081), (0,7342), (1,9107), (4,569), (1,4758), (1,18070), (0,3001), (0,8633), (1,13466), (0,6332), (0,8126), (1,12191), (0,7359), (1,4257), (1,4014), (4,339), (4,344), (1,14005), (1,13754), (1,14010), (1,15293), (1,10431), (0,7135), (0,7136), (1,18882), (2,1705), (1,6857), (3,2704), (1,7886), (1,5841), (1,5331), (1,5333), (1,18904), (1,17117), (1,5343), (1,5094), (0,6153), (0,6666), (1,17387), (1,7917), (0,9231), (0,6163), (1,18932), (1,4343), (1,14584), (1,17400), (2,6367), (1,2048), (2,5857), (1,7938), (3,2245), (0,6946), (1,5637), (0,7972), (2,5866), (0,7720), (1,16649), (3,1740), (1,2826), (1,3342), (0,7725), (1,783), (1,17423), (1,1813), (1,4885), (1,1048), (1,11034), (0,10555), (2,7678), (1,14366)
comenzados	(0,1092)
apregonado	(0,9259)
informen	(0,1218), (3,2609)
entregamos	(1,1586)
informes	(3,1205), (3,250), (3,2828), (5,6706), (5,6675)
recamara	(1,2544), (4,7363), (1,2422), (1,7756)
canse	(1,16192), (1,17858), (1,18681)
construccion	(5,7878), (0,11969), (3,1317), (0,3475), (3,2488), (5,8156), (3,2956)
caudaloso	(5,5556), (3,2787), (3,295), (5,617), (1,663), (3,2782)
palmira	(5,8647), (5,4762)
sustos	(1,2808), (1,2761), (1,1499)
tendido	(1,5136), (1,10737), (1,15140), (1,16487), (5,2845), (1,8990)
costeando	(3,359), (0,6341), (0,6984), (0,7368), (0,6857), (0,5706), (3,2670), (3,319), (0,6972), (0,7373), (0,7901)
vestros	(1,7965)
engrudo	(4,7907)
parcial	(5,7339), (3,2074)
corresponda	(1,1608)
desairados	(2,4720)
acallarla	(5,1849)
canso	(4,5132), (1,10511)
aves	(1,16355), (4,6887), (0,11891), (0,6692), (4,5820), (1,8574), (0,334)
ponderaciones	(3,740)
aver	(0,9215), (0,3522), (0,5731), (0,740), (0,9224), (0,3113), (0,3481), (0,5771)
corresponde	(1,13664), (0,4960), (3,2519), (2,5705), (2,4477)
escuypiles	(0,7544)
ingles	(5,996), (5,3784), (5,7496), (5,7820), (5,7793), (5,6643), (5,5012), (5,533), (5,7829), (5,792), (1,7445), (5,442), (5,7098), (5,4795), (1,6103), (3,2299)
abofeteabase	(1,10402)
dinastia	(3,2786), (5,2567)
vejigas	(1,17731)
prometido	(1,6977), (1,7586), (0,2631), (4,7659), (1,10920), (2,5069), (1,5836), (1,9936), (2,6450), (0,8785), (1,14546), (1,16660), (1,15766), (1,18616), (5,7550), (1,10843), (5,2434), (1,7038), (1,1759), (1,15615)
ojala	(1,16691), (0,8069), (5,4316)
plain	(1,19120), (3,3171), (2,8196), (4,9046), (1,19124), (2,8200), (4,9050), (5,9019), (0,13865), (5,9023), (3,3167), (0,13869)
should	(0,13889), (3,3191), (4,8905), (1,19144), (0,13721), (2,8220), (4,9070), (5,9043)
dubda	(4,8344), (4,8029), (0,7834), (0,9386), (4,8320)
estrepadas	(0,13091)
canta	(4,1875), (1,11633), (1,11667), (1,8485), (1,12535), (1,2297), (1,9801), (4,4381), (4,8173), (1,8220), (1,557), (1,10797)
matan	(1,16370), (3,1109), (0,10835), (0,12723), (0,7220), (0,8852), (1,8266), (0,10841), (1,12123), (0,10843)
perdones	(4,1351), (1,16749)
adelantamiento	(0,550)
querran	(4,5673), (4,1962), (3,1947), (4,6688), (0,1773)
exaltado	(2,4369), (5,581), (2,3266), (2,4391), (2,4807)
infortunada	(5,1984)
maltrataria	(1,3278)
alcanzar	(1,6889), (1,11113), (1,17836), (1,3887), (1,8816), (1,2548), (0,8596), (1,15989), (1,3896), (1,14078), (1,6659), (1,4484), (1,13701), (1,13957), (1,18757), (0,9445), (1,2503), (1,8840), (1,10953), (2,3180), (3,79), (1,4115), (1,6933), (1,17493), (1,8536), (1,9432)
estudiase	(1,10866)
alcanzan	(1,2246), (4,8585), (5,1646), (4,2975), (1,1199)
amontonadas	(3,85)
tabaco	(5,176), (2,272)
parentelas	(0,6726)
fracasar	(5,776)
recaida	(1,5659)
escucho	(5,3076), (1,547), (1,548), (1,17861)
tendida	(1,10145), (0,3900), (1,15071)
escorial	(0,2063), (5,5782), (2,420), (0,2404)
exaltada	(2,5859), (2,7221), (2,5719), (2,2496)
querras	(1,8775), (2,5754)
perdonen	(1,2797)
encuentrase	(0,12943)
empresa	(5,100), (4,5700), (3,868), (3,741), (1,10019), (3,2535), (1,12005), (0,5830), (5,5100), (5,3053), (1,4073), (1,1770), (5,3438), (3,624), (5,2290), (1,3119), (0,272), (3,628), (4,214), (5,4728), (0,5843), (5,6329), (5,1722), (3,2809), (0,9174), (0,13014), (3,890), (5,6909), (0,13209), (5,2883), (5,6787), (5,7875), (0,544), (5,2760), (3,2439), (3,1225), (1,5255), (5,3916), (1,6920), (5,5133), (1,2321), (0,5879), (4,2687), (0,4092), (4,2689)
escuche	(1,13154), (1,16172)
matar	(2,258), (1,7074), (4,4358), (1,17636), (4,4557), (1,15789), (0,334), (1,5231), (0,10257), (0,10643), (1,4277), (0,10134), (5,7484), (0,7132), (4,4965), (5,5832), (5,6730), (1,7046), (0,10790), (2,3370), (1,8266), (1,5067), (2,5421), (2,5549), (2,494), (4,2417), (0,4918), (1,6873)
cansa	(1,13480)
arsenal	(5,2839), (5,2777), (5,2937), (1,7831), (5,2768), (5,2801), (5,2786)
matas	(1,8647), (1,682), (0,11433)
serviales	(2,6291)
lincolndouglas	(5,2174)
atlantico	(5,3431), (5,3369), (3,254)
hizo	(3,482), (0,8768), (4,5063), (0,10309), (1,14886), (5,7596), (0,11847), (0,7240), (5,7598), (4,4562), (0,10832), (1,10296), (1,10297), (5,448), (0,5724), (1,7232), (0,11359), (0,6753), (0,10339), (0,7268), (1,7239), (1,10826), (1,16972), (4,8178), (1,10832), (1,14416), (0,7792), (1,2644), (2,4150), (2,4151), (5,7131), (5,2524), (1,7768), (2,2618), (4,8701), (0,7290), (1,6751), (1,15968), (0,11904), (2,1092), (0,8834), (0,13442), (1,15460), (1,9318), (0,9349), (1,11368), (0,136), (2,3147), (4,4110), (5,3055), (0,3210), (1,11371), (1,5740), (0,9356), (1,5742), (1,12910), (1,17521), (1,17522), (1,12403), (2,5717), (0,8851), (1,18550), (4,539), (1,5754), (4,4130), (1,2688), (5,3078), (2,1128), (3,2634), (5,1549), (3,2637), (1,6795), (4,8753), (1,9870), (1,9872), (1,145), (4,8761), (0,5815), (5,1565), (4,7743), (1,6812), (0,7870), (1,18081), (5,1064), (1,12964), (0,6852), (4,7241), (2,7306), (5,6702), (1,8362), (1,7342), (5,3635), (1,8885), (1,10933), (1,7350), (1,3771), (0,6875), (1,7359), (1,4803), (2,7336), (0,4328), (1,17611), (5,4688), (0,8429), (1,13009), (4,118), (1,9941), (3,665), (4,6778), (1,10455), (4,6779), (5,7265), (1,14049), (0,3329), (1,13538), (1,8933), (1,9957), (3,2730), (1,3304), (0,9485), (0,272), (2,3797), (4,5272), (1,13560), (1,17658), (1,3836), (4,2209), (4,676), (1,3842), (1,15618), (0,12071), (5,4751), (0,9514), (0,9003), (3,720), (4,8372), (1,15124), (1,3349), (1,10006), (4,8378), (0,12086), (5,5278), (5,671), (1,9499), (1,2844), (1,9500), (0,9531), (4,4289), (1,4383), (1,7457), (1,10529), (0,5953), (0,9025), (0,12097), (1,4900), (0,9027), (1,6437), (1,9511), (4,5323), (1,2857), (4,6348), (1,9513), (1,299), (1,9517), (4,5331), (1,14133), (5,699), (1,9529), (1,16697), (4,7904), (1,4414), (0,5981), (1,9024), (1,16705), (1,9539), (1,15686), (4,4842), (1,4428), (0,7021), (1,17744), (1,4433), (3,790), (0,6004), (0,9076), (1,17237), (4,7417), (5,3809), (5,4833), (0,8061), (0,895), (1,4449), (2,5954), (0,6529), (4,7942), (1,13667), (0,10627), (1,869), (4,4361), (4,5385), (1,359), (1,871), (3,2345), (5,6379), (1,13671), (0,9610), (2,3921), (0,5520), (1,3447), (1,1912), (4,4381), (0,13210), (1,9088), (1,387), (0,7587), (4,808), (4,5928), (4,811), (0,1448), (1,15241), (1,15242), (1,3470), (1,2447), (1,12176), (4,820), (4,1333), (1,17300), (1,7062), (1,15767), (1,5528), (1,8601), (0,7100), (0,1981), (4,2882), (0,6083), (3,2920), (1,12198), (1,17318), (1,9639), (1,14248), (1,2474), (3,2926), (1,5550), (0,6093), (1,5552), (5,5940), (1,3505), (1,9653), (3,2424), (1,6585), (1,13755), (5,6465), (4,2401), (4,7009), (5,1347), (1,8639), (0,10721), (0,2531), (3,1930), (0,6121), (0,1004), (1,10702), (0,1009), (1,2003), (0,6130), (0,6131), (1,12244), (1,2009), (1,6106), (2,5565), (0,11259), (3,931), (4,2436), (0,6656), (5,359), (0,5635), (1,7652), (0,8196), (0,6149), (4,2442), (1,13799), (2,969), (3,1962), (2,3017), (1,11752), (4,2444), (2,459), (3,432), (0,11278), (0,2575), (0,11279), (4,2454), (0,6676), (0,6166), (5,892), (3,443), (1,17916), (3,959), (1,11261), (5,1411), (0,7710), (0,13344), (4,7589), (0,8737), (1,12802), (1,12295), (0,8744), (4,4525), (1,12815), (2,1523), (4,6584), (1,13851), (1,15389), (5,6051)
escorias	(5,4916)
mirome	(1,16436), (2,742)
republicanos	(5,1463), (5,1751), (5,3143), (5,2953), (5,3195), (2,666), (2,5245), (5,3345), (5,3331)
apregonaba	(1,18315)
caminara	(3,1005)
encendio	(2,5795), (1,17426), (1,9863), (1,15783), (1,9643), (1,863)
anduviese	(1,16827), (1,13309)
apelada	(5,1554)
contenidas	(0,1344), (0,1282), (0,919), (5,6656), (0,5469)
cuatrocientos	(1,7491), (1,15877), (3,648), (3,2539), (1,12522), (1,3727), (1,10895), (1,3730), (0,407), (4,6683), (1,17272), (1,10941), (1,2046), (1,18942), (5,1475)
afirmandole	(1,17292)
hize	(0,9695), (0,904)
empezaria	(5,802)
faltaban	(5,3556), (5,5605), (1,6242), (2,8019), (1,6643), (1,6233), (1,8249), (2,4124)
eligiendo	(3,2715)
lluviosa	(5,2768)
criada	(2,4866), (2,708), (2,3269), (4,393), (1,18856), (2,4875), (1,12394), (1,8684), (2,3280), (1,2097), (1,12338), (2,5972), (4,2711), (1,12341), (0,342), (1,14776), (1,14785), (2,4836), (1,8708), (2,3751), (1,18635), (1,14732), (1,16403), (2,630), (1,8663), (4,5821), (0,11898), (1,14747), (1,18843), (4,3458)
mesina	(1,3352), (1,7804), (1,7805)
tendian	(3,131), (5,2202), (5,3966)
prometida	(5,5316), (1,6356), (1,10120), (1,13161), (1,9946), (1,6703)
infantil	(2,4548), (2,342), (2,112)
canto	(1,544), (2,833), (1,10400), (1,11681), (5,7207), (1,554), (5,7150), (1,18410), (1,16683), (1,9966), (1,2354), (1,9715), (5,6076), (1,313), (4,351), (1,10044), (1,382), (4,6180), (1,9921), (1,18179), (1,5767), (2,4909), (5,6417), (1,11790), (1,2319), (1,10384), (5,8087), (5,6936), (5,6234), (1,407), (1,9820)
mirole	(1,14655)
colaborador	(5,4135), (5,4187)
cantu	(5,8089), (5,4414), (5,4399)
informar	(0,2368), (4,4292), (0,3298), (5,1546), (4,971), (4,4523), (4,8493), (1,18315), (1,1070), (3,406), (0,8308), (3,536), (4,8666), (4,4379), (4,4481), (4,4514)
romantico	(5,1352), (5,6456), (5,6426)
sigueel	(0,1048)
criado	(2,4865), (1,6436), (1,12839), (4,4811), (4,6091), (4,3276), (4,3535), (4,5071), (4,6095), (0,6992), (4,4311), (4,3545), (0,4183), (4,1759), (4,4579), (1,16707), (4,4584), (4,2793), (4,5609), (4,7401), (1,7494), (4,4842), (4,8682), (4,7404), (1,7500), (1,7504), (1,12883), (4,4344), (1,7512), (0,4219), (4,7680), (0,7550), (0,13183), (1,15968), (4,8708), (4,3333), (1,15973), (1,12902), (1,617), (1,6250), (4,8718), (1,17003), (4,2834), (2,2387), (1,2931), (4,8726), (1,116), (4,4121), (1,15223), (4,285), (4,3102), (4,8735), (4,8738), (0,5537), (4,8229), (4,8741), (4,7209), (4,4650), (4,8747), (4,4908), (4,5678), (4,8753), (4,4914), (1,15760), (4,4920), (0,4533), (0,3511), (1,18584), (1,10906), (1,15259), (1,12702), (1,15262), (4,3906), (1,10911), (1,14751), (4,7237), (4,4936), (1,10917), (2,6023), (1,12710), (4,8779), (2,6029), (2,6034), (4,5720), (1,10933), (1,15798), (4,6746), (0,5848), (1,15803), (4,4960), (0,3294), (4,4965), (4,4454), (1,7621), (0,9191), (4,7533), (4,5742), (4,6265), (1,5847), (4,2683), (4,3965), (4,6525), (4,4486), (1,7651), (4,6535), (0,4100), (4,3979), (1,16621), (4,4753), (4,4245), (4,4502), (1,1524), (4,4508), (4,160), (1,1789), (4,6560), (1,15873), (4,5030), (4,5543), (1,9221), (4,4521), (4,4777), (1,1545), (0,7208), (1,5898), (4,8877), (4,5550), (1,17932), (4,3761), (1,8206), (4,4532), (1,8977), (4,4533), (0,9523), (0,9525), (4,6587), (4,4541), (4,7869), (1,11036), (1,10782), (1,11039)
merciana	(0,13356)
orfandad	(1,14315)
parlamentarios	(5,2634), (2,5431)
escogido	(5,6789), (5,7237), (5,809), (5,2985), (1,17357), (2,6769), (1,2227), (3,119), (1,9174), (4,8509), (1,6235), (5,3040), (5,3809), (1,2079)
granito	(2,7691)
exaltaba	(2,4070), (5,2962)
levanteis	(4,4940)
escuchado	(1,4102), (1,2315), (5,848), (1,11869), (1,11007)
romantica	(5,5805)
