coserlo	(4,7675)
narrados	(0,504)
tragicas	(5,678), (5,3821)
hallarle	(1,2969)
licitamente	(0,8066), (4,5816)
sudaba	(1,10440), (2,6300)
narrador	(2,649), (2,6809), (5,6684)
suspensivos	(4,48)
reprendian	(4,6356)
govern	(3,3107), (1,19060), (2,8136), (4,8990), (5,8959), (0,13805)
governo	(0,6055)
xxxvii	(4,5060)
demolida	(5,194)
reyezuelo	(0,861)
citase	(4,123)
remota	(5,2601), (5,7410)
vocifera	(2,6773)
ramon	(2,22), (1,21), (4,25), (4,8909)
comarcano	(0,9055), (0,9074)
hallarlo	(2,273), (4,1411), (4,5416)
nazcan	(4,5618)
dijistes	(1,15325)
contributions	(0,14048), (2,8339), (4,9190), (5,9191), (5,9162), (3,3339), (4,9228), (0,14010), (3,3310), (1,19292), (2,8368), (1,19263)
enclavada	(5,1469)
autoritarios	(5,1666)
remoto	(5,5172), (2,1998)
sangrienta	(5,117), (5,3560), (5,890), (3,1211), (5,7534)
pieles	(2,3717), (1,16581), (3,2552), (2,3641)
arrimado	(0,11411), (1,8330)
vocifero	(2,6612)
dijerasla	(1,11881)
conde	(1,6113), (1,7013), (1,7014), (1,7019), (5,7601), (5,7990), (5,5241), (1,2102), (1,8568), (5,7294), (1,11003), (5,5698), (1,6911), (5,7624), (1,2121), (1,7497), (1,6986), (1,6988), (1,7502), (1,207), (1,17871), (1,7507), (1,6996), (1,7188), (1,85), (5,6553), (1,10965), (1,6999), (5,7579), (5,2716), (1,10968), (0,1144), (1,6105), (1,7003), (1,10971), (2,4925), (4,4610), (1,7327)
denuedo	(1,10516), (1,18893), (5,5138), (0,8669), (1,17214), (1,18255)
ayamonte	(0,13441)
horden	(0,3118)
sangriento	(2,6629), (5,6941)
ocultaba	(5,4683)
veniese	(4,7240)
truxeren	(0,1899)
grumete	(0,6621)
partiese	(0,3493), (1,7222), (0,7484)
hallarla	(1,7988), (1,10950), (1,18174), (1,15615)
romulo	(4,2000)
jitana	(1,2723), (1,2596), (1,550), (1,934), (1,2599), (1,2859), (1,945), (1,2738), (1,2739), (1,2486), (1,2742), (1,1083), (1,2621), (1,578), (1,707), (1,2635), (1,1100), (1,2764), (1,1357), (1,17873), (1,2643), (1,1495), (1,2780), (1,1373), (1,608), (1,2528), (1,2785), (1,17892), (1,999), (1,2539), (1,2157), (1,2413), (1,367), (1,2545), (1,2165), (1,1271), (1,383), (1,2559), (1,2306), (1,1795), (1,264), (1,2828), (1,910), (1,2574), (1,2576), (1,913), (1,275), (1,2579), (1,2709), (1,278), (1,2840), (1,793)
minuscula	(0,13320)
postumas	(5,6463)
cruzara	(2,7110)
emplumadas	(4,2997)
nevadas	(3,1170), (1,1636)
tribunal	(5,3756), (2,5257), (5,1518), (5,2099), (5,2103), (5,1598), (5,8830), (5,3072), (5,3011), (5,2117), (5,2183), (5,1673), (5,1546), (5,1739), (5,909), (5,1552), (2,1648), (5,1684), (5,2196), (5,6870), (2,2229), (5,1561), (5,1625), (2,2230), (5,1562), (5,2845), (1,3481), (5,1503), (5,3809), (5,1506)
alcahudete	(4,6206)
ausentarse	(2,6115)
pececillos	(2,2342), (2,90)
encerrandolo	(0,13188)
aprobando	(5,1526)
scriptos	(0,2045)
desavitables	(0,9864)
peleaban	(0,465), (1,14194), (0,6547), (1,13748)
derramose	(1,4576)
frecuentada	(4,6583)
agrupados	(5,1751), (5,6682)
arrimada	(0,10921)
partiera	(1,4323), (4,7905), (0,13326)
americana	(2,3557), (5,1420), (5,8172), (2,4011), (5,2319), (5,3377), (5,5524), (5,5879), (5,7575), (2,5909), (5,571), (5,4478), (5,1633), (5,8867)
hallarme	(0,2516), (0,4165)
licensed	(2,8353), (0,14033), (5,9176), (3,3324), (4,9213), (1,19277)
arribado	(1,6522), (0,8379), (0,8380)
leyeren	(1,6094)
desquiciaron	(1,18850)
aconsejando	(0,529), (1,3748)
llamandole	(1,15293)
americano	(5,1605), (5,7141), (5,1319), (5,5895), (5,6314), (5,5611), (5,1581), (5,1582), (5,982), (5,1366), (5,7863), (5,5882), (5,6205), (5,1918), (5,6302), (5,2495), (5,3264), (5,2369), (5,2819)
creada	(5,3446), (5,4958), (2,2223)
ofendieron	(1,13956), (1,10679), (4,8449)
temor	(0,9791), (1,18464), (1,13729), (1,6435), (3,1383), (1,934), (0,8517), (1,14758), (1,15014), (1,10024), (1,9898), (2,3985), (0,8784), (0,8529), (1,14131), (1,10804), (1,13236), (1,1334), (5,6846), (1,7739), (1,10811), (1,17725), (1,1603), (5,1612), (1,8265), (1,9929), (1,8266), (1,13773), (1,17741), (1,12238), (1,12368), (1,2130), (1,7122), (3,2069), (4,8438), (5,3032), (4,4217), (5,5213), (1,1631), (0,8963), (2,2502), (3,1960), (5,4460), (4,8332), (0,7688), (1,6634), (0,7690), (3,1582), (1,4332), (2,3279), (2,7119), (4,8337), (1,15086), (2,1616), (0,7951), (1,3953), (1,13169), (1,6258), (0,658), (4,6422), (1,1013), (0,10516), (1,3960), (1,6264), (4,7963), (4,8605), (4,7966), (1,3965), (5,4481), (4,7970), (5,1668), (4,8483), (1,14594), (3,2117), (1,13574), (1,8585), (0,10154), (1,10641), (0,10544), (1,6553), (2,891), (5,6689), (0,7740), (0,7102)
discute	(5,5442), (5,7762)
encoger	(1,10502)
llamandola	(1,11880)
concluirse	(3,2873)
amargue	(1,5579)
arribada	(3,705)
discuta	(5,7925)
jitano	(1,1569), (1,2209), (1,2785), (1,2020), (1,1061), (1,17896), (1,17897), (1,17067), (1,2861), (1,302), (1,1582), (1,17905), (1,2418), (1,17906), (1,1462), (1,1846), (1,12150), (1,2679), (1,1656), (1,17912), (1,17913), (1,1722), (1,17914), (1,2875), (1,17917), (1,1150), (1,2494), (1,1921), (1,2626), (1,707), (1,2629), (1,1032), (1,2633), (1,2764), (1,1551), (1,2639), (1,17874), (1,2644), (1,2005), (1,1878), (1,1563), (1,2651)
creado	(5,2996), (5,2999), (5,4424), (2,4970), (5,3536), (5,4339)
minusculo	(5,3934)
profesan	(5,6794), (3,2881)
tribunas	(5,845)
corales	(0,6114), (0,6003), (4,2680), (1,2406), (4,4698), (0,12630), (0,6040), (0,4635), (0,6029), (0,8030)
profesar	(1,1652), (5,3729)
afabilidad	(1,1237)
combatirla	(5,5051)
filadelfia	(5,1620), (5,2069), (5,1239), (5,1375), (5,1201)
aragonesas	(4,3014)
pellejador	(4,1946)
boton	(4,2926)
sesos	(5,2548), (1,9869)
desacatadas	(0,8999)
encerrandose	(1,9593)
sacrificaria	(5,2188)
bravear	(4,4361)
confirmados	(1,2244)
parrafillo	(2,4982), (2,3768), (2,4347), (2,1613)
sanchez	(2,6467), (5,6122), (0,4262), (5,6126), (5,8656), (2,6547), (3,2165), (2,6516), (5,6135), (2,7416), (2,6426), (0,12473), (0,4444), (2,6462)
xlvi	(4,6065)
organica	(5,155)
hordas	(5,2587)
prometimos	(1,2725)
temia	(1,1776), (2,3986), (1,13235), (1,3284), (2,4870), (1,4248), (5,2765), (1,14889), (1,6955)
correspondemos	(3,885)
hallaron	(3,1251), (1,14376), (1,11177), (1,11179), (0,8651), (1,11181), (0,10320), (1,14130), (0,8658), (0,6739), (0,8661), (1,6583), (0,7259), (0,7005), (1,4415), (1,18881), (4,743), (1,3780), (1,7620), (0,6631), (1,18889), (1,15054), (0,2928), (0,8178), (5,2776), (1,15444), (0,6389), (1,7254), (0,10357), (1,14423), (1,15703), (1,1753), (0,10362), (0,7934), (2,4417), (1,9827), (1,10601), (1,9324), (1,10863), (1,15599), (0,10128), (3,1716), (1,6642), (0,8594), (0,8724), (0,10773), (1,4599), (0,7318), (1,15351), (0,6937), (1,5501), (0,10652), (0,7326), (1,12931), (0,6436), (5,139), (1,12168), (1,6281), (0,10410), (0,8750), (0,6575), (1,9489), (3,1752), (1,12695), (0,4023), (0,4027), (1,2845), (2,7296), (0,7358), (0,9790)
periodista	(5,6021), (5,6037), (5,3122)
extraordinario	(5,2087), (2,5110), (5,4571), (5,1517), (5,4000), (5,787)
desembarazo	(1,15591)
formidables8	(5,704)
hallaros	(1,14075), (1,13916), (0,5324)
echaronse	(0,7375), (1,6690), (0,10379)
melindres	(1,8467), (1,8164), (1,1589), (1,2440)
desavenimiento	(5,5903)
indudables	(5,1990)
insensibles	(3,107)
santon	(2,1833)
botin	(4,2941), (0,460)
remoza	(1,430), (1,11726)
minora	(5,5862)
ligue	(4,8550)
bribon	(2,3762), (2,2499), (2,7445), (2,1415), (2,1421)
christianisimo	(0,3219)
buenaventura	(3,1954), (0,4513), (1,9990), (1,791), (1,664), (1,747), (1,923), (1,765), (1,4910), (1,863)
tienela	(4,6228)
vastisima	(5,4483)
santos	(4,6211), (1,7488), (5,5125), (0,1761), (0,2179), (4,298), (0,2087), (1,4648), (1,5457), (0,5520), (2,2070), (0,4564), (1,8565), (0,2234), (2,1407), (4,3361), (1,17758)
sanaban	(4,7578), (4,6076)
presuntuosa	(0,744)
ventera	(1,4766)
faltamos	(1,15358)
amargos	(5,6053), (5,4027), (5,6957)
oratorios	(1,183)
quitandomeles	(1,17054)
medium	(2,8259), (2,8229), (0,13923), (1,19204), (4,9129), (0,13927), (5,9103), (0,13898), (1,19179), (4,9104), (1,19183), (4,9107), (3,3251), (1,19153), (5,9078), (4,9079), (5,9082), (2,8280), (3,3226), (5,9052), (3,3230), (0,13948), (3,3200), (2,8255)
remove	(1,19106), (2,8182), (4,9032), (5,9005), (0,13851), (3,3153)
fatal	(5,7349), (5,982), (5,1638), (5,4599), (2,3496), (5,6027), (5,2205), (5,2637), (2,988), (2,4016)
creais	(1,1216), (2,5270), (1,12120), (2,5244), (1,10619)
rugir	(2,5424)
temio	(1,7120), (1,2465), (1,6930), (1,6908), (5,897), (1,6671)
vispera	(0,5855), (0,8401), (0,12033), (0,8370), (5,3417), (5,8847), (1,15819), (0,10300)
compiled	(5,1111)
plantificacion	(2,684)
recomendandole	(2,7571), (0,309)
abdicacion	(5,2710), (5,5406), (5,5774)
veniere	(0,2311), (4,8370)
ocultado	(3,1915)
servidumbre	(3,2883), (3,2757), (5,2776), (2,7036), (5,6351), (5,288), (5,1699), (3,2689), (5,4515)
dictandolo	(1,18410)
hallarse	(5,1958), (3,2341), (0,6115), (0,13060), (3,872), (3,2347), (1,269), (1,4270), (3,435), (1,13618), (5,924), (3,1406), (0,6107), (5,7392), (0,8316)
arenales	(0,11439)
colorada	(4,1003), (1,1245), (0,9933)
extraordinaria	(5,2853), (5,6567), (5,2649), (5,6026), (3,233), (5,7262), (5,7454), (5,7426)
gatunamente	(2,7083)
bajios	(5,6358), (1,18653)
medito	(2,4748), (2,3422)
perform	(0,13855), (3,3157), (1,19110), (2,8186), (4,9036), (5,9009)
canonigado	(4,6726)
corralario	(4,5457)
podralos	(0,5382), (0,1805)
colorado	(0,10113), (3,2023), (3,1995), (1,7403)
pintores	(4,326), (1,8154), (1,9179)
sumisiones	(1,16099), (1,1002), (1,7277)
organizarse	(5,3502), (5,1807)
apologista	(5,4384)
ramos	(4,8293), (0,6993), (1,1571), (4,8375), (2,265), (5,3634)
habiades	(4,948), (4,1717), (4,4150), (4,7436), (1,13913), (4,1166), (4,4208)
nifipetate	(0,10029)
balderramael	(0,5503)
cautiva	(1,3840), (1,3557), (1,3656), (3,813), (1,3596), (1,3918), (1,3504), (1,4241), (1,3538), (1,4147), (1,4183), (1,4215), (3,831), (1,3838), (0,10781), (1,3583)
volvieronme	(1,16825)
avisemos	(1,12056)
invisible	(1,11823)
torbellino	(2,4953), (5,1245), (2,4091), (5,3295), (2,2350), (2,6287)
mariti	(5,6638)
entendieron	(1,10464), (0,7552), (3,804), (0,6162), (4,824), (0,8246), (1,7818), (0,6845)
proveedores	(1,2994)
vividamente	(5,4853), (5,4434)
extranjera71	(5,6843)
hagos	(4,1812)
sudais	(4,1836)
derrotas	(0,9535), (0,5696), (0,4836), (0,12102), (0,9163), (0,5295), (0,148), (0,6011), (0,9148), (0,12060), (0,4157), (0,5693), (0,4830)
atestar	(5,320)
derrotar	(5,3285), (0,13111), (2,1146)
bandera	(5,3045), (2,5282), (5,3335), (1,4260), (5,3465), (5,2604), (1,3179), (5,7535), (1,7696), (2,5012), (5,5879), (5,1402), (5,3516), (4,6620), (1,7705), (1,6650), (1,7706), (1,4318)
traerian	(0,7103), (0,10243), (0,6776), (0,10633), (0,6779), (0,7084), (0,7132), (0,7054)
osar	(1,2817), (1,16677), (1,6838), (1,8248), (1,10298), (1,10159)
osan	(4,886), (0,7688)
volvieronle	(1,12570)
cancilleria	(4,6409), (4,4847)
sacrificarle	(2,1041)
fagais	(0,2610)
restituyeron	(0,8071)
botes	(1,14180)
medina	(4,6698), (1,4716)
diferentes	(5,4330), (0,11398), (5,6444), (5,2989), (1,4393), (0,8008), (1,16620), (2,1039), (1,16175), (5,3060), (5,6901), (5,2871), (5,3512), (5,4408), (1,3957), (3,1016), (1,17270), (1,18940), (1,5117), (5,1539), (3,1156), (1,16515), (1,18629), (1,7753), (1,18186), (2,7276), (1,18187), (5,4304), (3,1167), (0,5676), (5,2133), (0,7664), (1,17619), (5,792), (0,2483), (5,2140), (1,13720), (1,1115), (0,5179)
zahara	(1,10805), (1,10821), (1,11134), (1,10783)
licoyon	(0,10422), (0,12700)
meetings	(5,7363)
cristoforo	(5,8133), (5,4433)
esbozado	(5,3910)
leyeron	(5,3274), (5,738)
igualados	(1,3347)
donosas	(2,5319)
vayamos	(2,5473)
imperativo	(5,1209)
baxarnos	(0,3953)
pazes	(0,1840), (0,9985), (0,10129), (0,10804), (0,10102), (0,10726), (0,10727), (0,9224), (0,10105), (0,9981), (0,10573), (0,8958)
temblaba	(1,7936), (1,6263), (1,14888), (2,3967)
lleguen	(5,6474), (0,3438)
indicating	(1,19089), (2,8165), (4,9015), (5,8988), (0,13834), (3,3136)
entregandolo	(0,4342)
supistes	(4,4467), (1,14080)
pareces	(1,11793), (2,2951), (4,6907), (2,1820), (4,3553)
exemciones	(0,2033)
oxala	(4,7283), (4,4681), (4,1167), (4,5568)
parecer	(0,5695), (0,320), (1,2081), (0,10560), (5,6055), (1,15655), (1,15144), (1,13868), (1,7469), (1,2095), (1,10543), (0,2640), (1,15665), (1,3891), (1,2102), (1,10038), (1,13367), (0,12887), (5,6589), (1,8249), (1,17978), (0,5723), (1,3645), (1,13117), (1,4158), (1,15425), (1,6216), (1,7752), (1,7754), (1,4172), (1,14412), (1,13391), (1,18512), (1,15700), (0,1653), (0,5751), (1,2139), (2,3645), (1,17501), (1,11875), (5,4586), (1,16745), (1,18025), (1,3950), (0,1168), (1,18290), (0,5266), (5,7162), (1,17270), (1,9079), (1,7801), (1,11897), (1,1915), (1,13438), (1,4479), (1,1922), (1,12419), (1,4231), (1,13960), (1,16777), (1,16271), (1,18321), (1,1683), (0,5299), (1,17813), (5,4378), (1,8854), (1,11158), (1,18326), (2,3193), (1,14745), (1,5274), (1,8346), (1,16026), (1,14236), (1,6560), (1,15778), (1,3493), (1,4005), (4,330), (1,4264), (0,3274), (1,13230), (1,12207), (1,18352), (0,4304), (1,14514), (1,17330), (0,1746), (1,7347), (1,16819), (1,16053), (1,8118), (1,18102), (1,3514), (1,699), (1,7867), (1,7870), (0,736), (1,3522), (4,4709), (1,5315), (1,13763), (1,6347), (0,747), (5,7761), (1,10958), (1,13006), (1,13518), (1,10960), (1,17107), (1,3797), (1,5335), (1,13786), (1,13019), (1,988), (1,16860), (1,1508), (1,5355), (1,18671), (2,2001), (0,5391), (0,5903), (0,4627), (4,8087), (0,4884), (5,6779), (1,9463), (1,11255), (1,10233), (5,6270), (4,928), (1,6400), (1,16645), (1,3592), (1,6923), (1,1548), (0,1836), (1,3087), (0,303), (1,11281), (1,15121), (1,17681), (1,3859), (1,10771), (1,13331), (1,11029), (0,10293), (1,17431), (1,14360), (1,14616), (5,2720)
laceria	(1,18650)
parecen	(2,2242), (1,6758), (1,6760), (5,6893), (2,4875), (0,9929), (1,17707), (3,1402), (0,2840), (1,15225), (5,1601), (4,2530), (1,16133), (1,710), (4,1193), (5,6922), (2,4521), (4,1198), (2,1644), (1,15115), (0,9835), (1,7825), (1,10323), (1,1302), (1,16278), (2,2489), (4,2946)
lineas	(5,3524), (5,3940), (5,4549), (5,2246), (2,2661), (5,44), (5,6990), (5,754), (5,6835), (5,7227), (5,6940), (5,7164), (0,13561)
rezan	(4,6380)
abrevio	(5,5941), (5,384)
vendimia	(1,406), (1,10895)
adoraba	(1,1013), (2,4173)
porneis	(0,1087), (0,1921)
eficazmente	(5,3274), (5,4670), (5,2866), (5,4082)
dudosa	(1,4562), (5,2920), (0,13031), (1,14088), (1,3593), (2,2011), (3,734), (0,2494)
rezar	(2,6817), (1,11984), (3,851), (1,17698), (3,2103), (2,2887), (2,7079), (5,3260), (5,3692), (1,14328), (2,2891)
disculpare	(2,6783)
impensadamente	(1,3620), (1,9327)
oratorias	(5,1888), (5,2129)
hallaren	(0,1408), (0,1121), (0,1397)
cautivo	(1,2912), (3,2626), (1,7392), (1,3173), (1,7400), (1,3177), (1,2314), (1,1708), (1,3951), (1,2898), (1,7474), (1,3699), (1,3859), (1,149), (3,791), (1,7541), (1,7414), (3,2618), (1,3864), (1,2940), (1,7132), (1,7421)
motes	(5,1569), (2,2720)
empujar	(2,6701)
arauz	(1,5752)
hallares	(4,8586)
trampantojos	(1,11292)
aplacarse	(2,1106), (4,7057)
dudoso	(2,7426), (5,663)
medios	(5,1197), (1,4780), (3,752), (5,4787), (1,16564), (3,1656), (1,7868), (5,2501), (5,582), (5,2633), (2,7462), (5,2378), (1,8520), (0,877), (3,2705), (1,3535), (1,12112), (1,11863), (5,1756), (2,3257), (0,8311), (1,2522), (3,2718), (5,3428), (0,8576), (3,679), (0,8709), (2,5705), (1,17004), (3,2355), (5,2039), (1,5363), (0,8213), (2,4056), (2,4058), (5,2944), (2,6237), (5,1796), (0,7712), (1,7810), (0,550), (3,2505), (1,6154), (5,1812), (2,4083), (0,7478), (2,1275), (3,2269), (3,2655)
motin	(0,375), (0,2329), (0,2330), (2,6879), (2,5456)
tenerlas	(0,2994), (1,9437), (1,9438)
deciamos	(5,960)
perdian	(2,267), (1,3306), (5,1007), (1,7455)
arane	(1,17043)
apartandose	(0,6502)
despechado	(1,11395), (1,10726)
amainar	(1,4395)
arana	(0,8946), (0,8968), (0,12168), (0,8985)
adbertido	(0,4963), (0,4684), (0,4844)
panteras	(2,5424)
adorado	(2,4839), (5,348)
desdesta	(0,5725)
abrevia	(1,3480)
susceptibilidad	(2,2129)
lazarillo	(4,4902)
arano	(2,7629)
representa	(1,17584), (5,6405), (5,3158), (5,824), (1,13621), (2,311), (5,828), (1,12889), (0,13548)
terror	(5,228), (2,5233), (2,3960), (3,1418), (5,541), (5,2861), (2,1341), (5,1281), (2,3440)
flamantes	(5,6371)
adorada	(5,4158), (2,975)
crudamente	(2,2352)
profesor	(5,5028), (5,3973), (5,6021), (5,4717), (5,6005), (5,1080), (5,5112), (5,3740), (5,5084), (5,7772), (5,4157), (5,1312), (5,4097), (5,4193), (5,4833)
envarcaredes	(0,4515)
llegues	(2,4839), (0,11454)
creaba	(5,3999)
despertador	(1,9438)
pellejadas	(4,6251)
deservicio	(0,2755), (0,982), (0,8310), (0,2124)
dividirse	(0,252)
botuan	(0,7648), (0,8192), (0,7654), (0,8300), (0,12589), (0,7664), (0,8176), (0,8208), (0,8178), (0,8180), (0,8283), (0,7453), (0,7646)
agape	(2,1541)
sudada	(4,1682)
asemejaban	(2,4109)
proponente	(2,5121), (2,5031), (2,5007)
torrentes	(5,7050)
garvanzo	(0,10795)
volvieronse	(1,2840)
vimos	(1,2080), (0,10559), (0,6848), (0,10563), (0,6212), (1,4012), (0,6731), (0,10188), (0,13518), (0,10192), (0,9814), (0,9815), (0,6232), (0,10331), (0,10587), (0,10076), (0,10589), (0,10592), (0,10468), (0,13540), (0,10469), (0,10216), (0,9834), (0,10347), (0,10349), (1,3293), (0,10622), (1,3297), (0,11521), (0,10503), (0,10250), (0,9871), (0,10643), (0,10517), (0,11541), (0,10902), (0,6299), (0,11420), (0,11421), (0,10272), (0,9761), (0,11557), (0,7591), (0,9903), (0,9905), (0,10162), (0,10547), (0,10423), (0,6202), (0,6842), (0,10427)
perdida	(2,7746), (3,1253), (1,7082), (4,334), (5,1392), (3,2862), (1,15277), (1,7538), (5,2168), (5,4153), (4,7512), (0,7000), (0,11929), (5,2752), (1,4476), (5,1089), (3,2432), (1,7554), (1,6596), (4,7400), (1,6087), (1,6600), (1,14409), (0,489), (1,11466), (1,2827), (5,7760), (2,5678), (1,1039), (1,1040), (5,2708), (1,17617), (0,2418), (1,2899), (0,372), (2,5686), (1,2966), (2,4791), (0,503), (1,3035), (1,4892), (5,2531), (1,2655)
1746blm	(3,892)
codezillo	(0,5580)
madejas	(0,8095)
represento	(5,971), (1,8889)
putas	(4,8133), (4,5958), (4,1353), (4,5964), (4,6092), (4,5966), (4,5457), (4,2898), (4,2901), (4,5333), (4,2902), (4,2903), (4,6745), (4,5851), (4,4572), (4,7263), (4,8288), (4,4708), (4,2919), (4,2920), (4,2921), (4,2922), (4,2923), (4,2924), (4,2925), (4,2926), (4,5486), (4,2927), (4,5615), (4,2928), (4,4720), (4,2929), (4,3569), (4,5489), (4,7282), (4,2931), (4,5491), (4,2932), (4,2933), (4,5621), (4,2934), (4,2935), (4,2936), (4,4728), (4,2937), (4,2938), (4,3066), (4,2939), (4,2940), (4,2941), (4,5629), (4,2942), (4,895), (4,896), (4,5505), (4,2946), (4,4738), (4,5122), (4,4099), (4,5509), (4,5128), (4,5641), (4,4491), (4,5139), (4,7315), (4,2966), (4,6559), (4,6815), (4,7712), (4,6561), (4,7202), (4,7204), (4,806), (4,4262), (4,4518), (4,7975), (4,5933), (4,2353), (4,6963), (4,6965), (4,4278), (4,8121), (4,4922), (4,3008)
hallaria	(1,8898), (1,12738), (0,7350), (1,14793), (1,7770), (0,7322), (1,7261), (0,7372)
refirieron	(1,17241), (0,8427)
yacian	(5,3850), (5,1056)
maravilloso	(1,3352), (1,12489), (1,13933)
perdido	(4,6083), (0,9280), (5,6575), (1,2863), (5,5813), (1,7089), (1,7090), (1,4276), (5,6203), (1,1981), (5,835), (0,735), (0,10463), (1,8897), (3,774), (3,909), (2,3886), (1,6606), (0,1902), (1,6607), (2,2355), (3,2198), (0,2293), (5,6746), (4,3708), (2,5821), (5,5984), (2,194), (0,2304), (1,15585), (5,7528), (1,13668), (0,1413), (4,5641), (2,4424), (1,7272), (5,6255), (1,13678), (2,976), (5,7540), (4,4890), (1,11127), (3,827), (2,8026), (3,2236), (3,832), (3,834), (3,2244), (1,5507), (3,457), (0,3752), (1,908), (1,12812), (1,4365), (3,725), (4,8374), (1,14612), (3,1369), (4,6077), (5,2978)
mallorq	(4,1097), (4,1103), (4,1088)
quejais	(1,13061)
barbaridad	(2,1636), (5,552)
sonara	(1,2315), (2,2368)
temblado	(5,632)
penelope	(1,11560), (1,11566)
potentado	(2,1240)
borceguies	(1,18349)
sudado	(1,15722)
maravillosa	(1,17216), (5,1863), (5,1099), (1,11786), (1,2316), (4,2000), (2,2254), (1,3022), (1,11182), (1,3505), (1,6580), (5,6298), (1,8343), (1,536), (1,4697), (1,7838), (1,18143)
amainad	(1,10790)
virote	(1,9651), (1,9763), (1,9636), (1,9669), (1,9830), (1,8503)
amenazaban	(2,5932)
aragoneses	(1,18634)
ginecologico	(2,3156)
soislo	(4,2539)
escasa	(0,11088), (1,2690), (2,681), (5,2620), (2,443), (0,11340)
libertad	(2,6401), (2,6403), (1,6691), (2,6405), (1,4134), (1,4135), (4,5068), (4,5582), (2,784), (1,10799), (5,1716), (5,1972), (1,1076), (1,3892), (1,3894), (2,792), (2,6172), (2,7966), (0,4703), (0,8037), (5,2251), (5,2507), (2,4395), (2,6700), (1,7244), (1,7246), (1,2896), (5,727), (2,3125), (2,2870), (5,5851), (2,7993), (2,3130), (5,479), (2,2876), (5,1509), (4,8454), (0,3462), (2,4682), (2,1868), (5,2033), (2,850), (1,6514), (2,5460), (1,3188), (1,3191), (4,3612), (2,7259), (4,3614), (0,7578), (1,2941), (1,4478), (2,5471), (1,2944), (1,7553), (1,13953), (1,7554), (3,2887), (2,7783), (1,4487), (1,6535), (1,7560), (0,8361), (1,7565), (2,4976), (1,7568), (5,1557), (1,4500), (1,2966), (2,5495), (2,6776), (1,4249), (1,4250), (5,1824), (2,4989), (5,5154), (4,8514), (1,4517), (1,6822), (1,3242), (1,1708), (2,5261), (2,412), (5,833), (5,2881), (5,1603), (5,6979), (1,6849), (2,2211), (2,6307), (2,2213), (2,1705), (1,4552), (2,5292), (2,5293), (2,5549), (2,5294), (2,688), (5,84), (2,3249), (2,2994), (1,17106), (2,5558), (2,4023), (5,7003), (2,3258), (1,2522), (5,5214), (2,2236), (1,3035), (2,446), (5,3171), (2,6336), (2,2243), (3,2980), (1,8674), (1,6627), (1,1509), (1,6630), (5,8812), (1,10730), (2,1229), (3,1201), (5,5491), (4,2964), (1,8945), (5,3192), (2,6357), (2,471), (2,5593), (5,7039), (3,2750), (1,4348), (1,4094), (5,7042), (2,2785), (5,4484), (2,2530), (5,3205), (3,2758), (1,7684), (1,4358), (0,7973), (5,1165), (2,5098), (2,1003), (3,2764), (2,750), (1,1040), (5,662), (5,5270), (1,4115), (1,4373), (5,5274), (2,504), (0,2102), (1,2840), (1,7448), (5,5024), (2,6141)
civilizarse	(2,2446)
observarse	(3,2431), (3,2449)
ocultase	(2,3270)
ejercia	(5,2628), (5,1430), (5,1859)
reconciliacion	(2,4417), (5,2208)
sahumada	(1,4903)
leyendolos	(5,4281)
sanuda	(2,2241), (2,4374)
declamaciones	(5,3280)
ahogame	(2,7860)
sabidora	(1,14748)
libertar	(0,4706)
ligas	(1,5119)
tomando	(1,15523), (1,2089), (1,16425), (2,3595), (2,4109), (1,14126), (1,17711), (1,4017), (1,18742), (5,7483), (1,9399), (0,11222), (1,3129), (0,6617), (2,3617), (1,3909), (1,16327), (1,10696), (1,18376), (1,3273), (1,10318), (1,14801), (0,3953), (1,12372), (1,8406), (0,6521), (0,2682), (5,2794), (0,3847), (3,1452), (1,3308), (2,4434), (0,7442), (1,4347), (0,10273), (1,1032), (1,3976), (2,7276), (0,8235), (2,1519), (2,3695), (5,3220), (1,15632), (3,2899), (1,3345), (2,4466), (1,18836), (5,4121), (0,7220), (0,4021), (1,5782), (2,381)
sepais	(1,9744), (4,6132), (1,14626), (4,6038), (4,3784), (1,2055), (1,11303), (1,13449), (1,14443), (0,2398)
poquedad	(4,5670)
recivan	(0,5465)
segundo61	(5,4725)
ganando	(2,2057), (1,17945)
ocultare	(2,7654)
formidables	(5,2810), (2,959)
marina	(0,7264), (5,3431), (0,8386), (3,2342), (1,4420), (0,10627), (1,16516), (1,14021), (1,4038), (1,4203), (4,720), (1,3149), (1,13745), (1,3700), (5,442), (5,2778), (1,10806), (0,13621), (0,7768), (1,4442), (1,3261), (0,10621), (1,3071), (0,7742)
postumos	(5,3685), (5,8565)
escaso	(0,13519), (0,11095), (0,11223), (0,11256), (2,6011), (0,11082), (5,1089)
nomen	(1,8097)
marinilla	(1,10988)
repitiese	(1,4947)
labren	(0,1301), (0,1094)
punales	(3,1309)
absolutamente	(2,4131), (2,1125), (3,568), (5,7258), (3,2154), (5,2989), (5,1695), (5,3955)
citaba	(5,4421), (5,3756)
axuar	(4,2858)
asesina	(2,6931), (5,7546)
incapaz	(5,1341), (5,4544), (2,5421)
mostraban	(1,17088), (1,8386), (1,9571), (1,14375), (1,2826), (0,6441), (1,6123), (0,8239), (0,8784), (1,16785), (0,7281), (1,11251), (1,17366), (1,6839), (0,8090), (5,1985), (0,8220)
aerssens	(5,5961), (5,7950), (5,5967)
tierras	(0,1343), (4,8131), (0,5193), (3,2805), (0,1364), (1,3895), (0,3417), (3,2045), (0,3421), (3,769), (5,3268), (0,1121), (0,2657), (0,5221), (3,1546), (0,2663), (1,17484), (0,8300), (0,2669), (0,1135), (0,2673), (0,2675), (0,2677), (0,1143), (0,7287), (0,4730), (0,3715), (0,1158), (3,298), (3,554), (3,814), (0,1163), (0,2446), (0,1169), (4,7709), (0,1179), (0,2460), (0,5021), (0,5277), (3,2882), (3,590), (0,2732), (3,2896), (0,1199), (0,1201), (0,2994), (3,1110), (0,2742), (4,571), (0,2750), (0,1727), (3,2659), (0,2497), (0,2759), (0,4558), (4,596), (0,4818), (1,17331), (4,2136), (0,2260), (3,2936), (1,17336), (3,2174), (1,18621), (0,4833), (0,738), (0,739), (3,1928), (5,1614), (3,1932), (0,4848), (3,661), (3,663), (0,1268), (0,4853), (3,921), (0,1273), (0,5372), (0,2814), (0,2815), (0,2821), (3,2728), (3,685), (0,4879), (4,6804), (3,2741), (4,2712), (0,1301), (0,5397), (0,2842), (1,18685), (5,3209), (0,1330), (1,7699), (0,2867), (0,1076), (4,445), (0,314), (0,5178), (0,1083), (0,2619)
sentiase	(5,3765)
zibaba	(0,13537), (0,13534)
siquiera	(5,3236), (1,4774), (2,649), (5,5549), (5,5425), (5,3890), (5,4279), (1,567), (1,1719), (5,4667), (5,1342), (5,3776), (5,1729), (5,708), (1,14148), (1,15560), (5,3155), (5,5077), (5,7510), (1,4563), (1,12631), (5,1887), (5,5855), (2,6333), (5,737), (5,227), (5,1515), (5,5228), (5,3311), (1,3054), (5,4471), (5,377), (5,633), (1,16382), (1,3585), (5,5253), (5,5382), (1,17670), (1,4871), (1,15752), (0,554), (0,173), (1,7695), (5,4245), (1,3986), (2,7415), (2,4216), (2,7035), (1,3742)
susurones	(4,3631)
acontesciese	(0,6273)
admitan	(0,5240)
preliminar	(5,1285), (4,246), (4,8636), (3,62), (4,98), (4,130)
agravio	(1,14882), (1,14953), (1,13165), (1,13614), (0,4688), (0,6356), (3,1277), (0,8476), (1,2623), (1,13824), (1,9090), (1,6341), (0,7844), (1,12997), (1,14598), (1,5511), (1,8775), (1,14919), (1,13258), (1,15626), (1,13006), (1,5969), (1,13267), (1,14931), (1,4374), (1,14040)
enamoradas	(1,18336), (1,1002)
escapo	(3,1378), (1,3139), (0,8611)
sartenes	(0,7603)
solidez	(5,6117)
bonitos	(2,641)
escape	(2,5713), (2,7189), (2,4143)
impidiese	(1,7415), (1,9321), (5,3438)
zurcidor	(5,7916)
receive	(0,13953), (1,19202), (4,9127), (5,9101), (1,19209), (4,9134), (3,3249), (0,13742), (5,9108), (2,8278), (3,3256), (4,8926), (0,13946), (2,8285)
arbol	(4,8260), (2,4163), (1,7620), (1,16484), (1,16454), (0,5926), (3,1034), (2,6089), (3,1741), (0,5931), (1,3344), (0,6961), (5,3160), (0,10261), (4,8250), (0,6359), (4,8251), (0,7511), (1,18264), (4,8252), (1,316), (1,13692), (0,7869)
celaje	(0,9760)
escociome	(1,17781)
procurar	(1,14019), (3,686), (0,3853), (0,2866), (0,3922), (1,6932), (0,4916), (1,13013), (0,342), (3,2490), (0,3927), (0,11896), (0,3930), (0,11898), (1,11580), (1,4478), (1,16319)
dominacion	(2,5506), (3,552), (5,3660)
celemines	(1,11296)
derechura	(3,2436)
languidecian	(5,4782)
procuran	(1,1603), (4,327), (0,8708), (4,1162), (1,2521), (1,16717), (4,4737)
vega	(1,11109), (1,8665)
confia	(1,16609), (0,4865), (0,4418), (0,4594), (0,3589), (0,4341), (0,5303), (0,4537)
direis	(1,2000), (0,2128), (0,2130), (1,15236), (0,4854), (0,2200), (0,2105), (0,2188), (0,2110), (0,2190)
revue	(5,6533), (5,8631), (5,4972), (5,6528)
quemen	(4,1290)
sugetas	(0,2994)
sugetar	(3,2706)
llevando	(1,5056), (2,4514), (1,14945), (1,4196), (5,1611), (0,5960), (1,12659), (0,2227), (0,13398), (1,7481), (3,860), (1,6299), (5,3169), (1,12925), (5,1954), (0,12093), (1,6783)
graneles	(5,740)
rudas	(5,1980), (5,4511)
bonitas	(2,3586), (2,6414), (2,5807)
pecigerolo	(4,4411)
cansome	(1,18109)
preguntele	(1,15221), (1,3244), (1,8303)
rompan	(1,14944)
sacastes	(4,7892), (1,15198)
volviendo	(3,1378), (1,5217), (1,18913), (2,5923), (1,15555), (5,1992), (1,10184), (5,6543), (4,1684), (1,4338), (1,14674), (3,725), (1,6867), (5,4152), (2,2518), (2,3835), (3,1278), (2,2526), (1,13053), (1,14205), (0,7773), (1,12510)
moviolo	(5,7607)
reclamando	(2,951), (0,12970), (0,11822)
deseches	(1,1694), (1,1231)
dexaren	(0,1884)
promoting	(3,3059), (5,8951), (4,8983), (1,19012), (0,13797), (2,8088), (3,3099), (4,8942), (5,8911), (1,19052), (0,13756), (2,8128)
ganeme	(4,7849)
epilogo	(5,2272)
desembuelto	(0,7618)
estudiados	(5,4325)
barbacanas	(1,10773), (2,4969)
veis	(4,2627), (4,2117), (4,3909), (2,5252), (4,8006), (4,2506), (4,845), (4,1486), (4,5199), (4,602), (1,14651), (4,863), (4,4960), (4,7523), (4,2660), (4,7396), (4,7526), (4,7272), (4,5230), (4,2160), (4,2033), (1,12111), (4,756), (4,893), (4,3837), (4,1406), (4,4862), (4,5758), (4,8192), (1,15197), (1,14048), (4,5252), (4,5894), (4,2697), (4,4490), (1,13543), (4,7820), (4,6925), (4,2448), (4,1937), (4,6546), (4,5141), (4,2328), (4,7320), (4,1434), (4,8091), (4,8221), (4,1823), (4,934), (4,2598), (4,2215), (4,7209), (1,2439), (1,136), (4,1963), (4,4141), (4,5933), (4,6319), (4,1584), (4,6578), (1,8335), (1,13968), (4,2100), (4,1719), (1,4884), (1,14101), (4,4922), (4,1723), (4,7867), (4,2236), (4,7228), (4,1725), (4,2494), (4,2369)
militando	(1,153)
raguapapel	(0,10027)
veia	(1,16674), (2,5253), (0,8067), (0,7621), (1,3946), (2,4173), (4,1041), (5,2163), (1,13999), (0,7059), (1,9078), (2,6169), (2,3290), (1,6651), (1,10171), (5,1986), (1,18110), (5,5573), (0,8481), (0,6309), (4,8233), (2,2217), (4,8235), (2,3885), (5,5584), (5,6032), (0,7276), (2,4271), (4,7089), (1,17231), (1,13648), (2,6130), (3,1366), (1,9621), (2,5048), (4,4219), (5,1053), (1,9821)
impenetrable	(1,1618), (3,1644), (5,5406)
abreviado	(5,2318)
turcios	(0,12500), (0,5510), (0,5549)
disparan	(3,354), (1,16864), (3,1311)
tocales	(2,6317)
disparar	(1,4433), (1,6487), (1,13756)
calidades	(0,7890), (0,5334), (0,4807), (0,1016), (4,8510), (0,940), (0,8300), (3,689)
expuestos	(3,1653), (5,544)
paseando	(0,8947)
habitatores	(4,8607), (4,8448)
placida	(5,3939)
pecadora	(4,1859), (1,17600), (4,534), (1,9220), (4,4477), (4,5567), (1,15822), (1,17438), (1,14815)
velo	(1,14688), (1,16849), (4,2965), (1,15923), (1,2260), (5,6888)
hados	(1,13025), (5,7309), (1,3741)
fueles	(1,13787)
querianme	(1,16651)
lopezpaso	(0,9061), (0,9129)
americanistas	(5,6653)
apreciaronlas	(1,15037)
lastimera	(1,13058)
cantaleta	(1,18519)
bragueta	(4,3721), (4,6107), (4,5729), (4,8209)
vela	(2,2564), (0,8003), (1,6437), (0,9925), (0,10181), (0,9926), (0,5576), (0,6856), (0,7240), (0,842), (0,4171), (0,5582), (0,8271), (0,4176), (0,10832), (0,5073), (0,9939), (0,13653), (1,18743), (0,2393), (0,9819), (0,13533), (0,9438), (0,4195), (0,7525), (0,10469), (1,7239), (0,10471), (0,10474), (0,10603), (0,4588), (0,7021), (0,8429), (1,10319), (1,12367), (1,14799), (0,4209), (0,9586), (1,3159), (0,9206), (0,4600), (0,2297), (0,2301), (0,10366), (0,4609), (0,2306), (0,3847), (0,10377), (0,1675), (1,4204), (0,9231), (1,7282), (2,6868), (0,6418), (0,6165), (0,11286), (0,11290), (0,6556), (0,9632), (0,4513), (0,5665), (0,10274), (0,4005), (0,4773), (0,5541), (0,10917), (0,7464), (0,4521), (1,3344), (0,10927), (1,4246), (1,11030), (1,4380), (0,9916), (0,4285)
cadaver	(5,4583), (5,4568), (5,4655), (5,7313), (5,4563), (5,6611)
retraimiento	(1,7302)
confirio	(5,6041)
dejolos	(1,17221)
placido	(5,3879), (2,2620), (5,8591), (2,5695), (5,3891)
sitiada	(3,1640), (5,5104)
vele	(0,2300)
lastimero	(1,13017)
conbino	(0,11709), (0,12046)
coincidencias	(2,7870)
embebecidas	(1,18849)
recreate	(1,3120)
indisposiciones	(1,10305)
dejeme	(2,7476), (2,1335), (2,1181)
repulsion	(2,508)
recivimos	(0,2909)
chiquilla	(2,5861), (2,3856)
confio	(2,561), (1,6258), (0,1683), (0,5828), (0,9180), (5,6787)
desertor	(0,13480)
confin	(2,2931)
esperaba	(5,5604), (1,16032), (1,9826), (1,6947), (1,10723), (1,17475), (1,3335), (1,4168), (1,15243), (1,17713), (4,5109), (1,2739), (2,3284), (1,14742), (5,1244), (1,18584), (5,574), (3,1532), (1,3226), (1,17467), (5,512), (1,4126), (1,11454), (5,5315)
parroquia	(2,8044), (1,9277), (5,5219)
trocaban	(2,5331)
chiquillo	(2,1821)
intentos	(1,2224), (5,2997), (0,835), (1,13926), (1,3564), (1,3549), (1,2078)
salian	(2,6114), (1,4034), (0,6305), (2,5893), (1,16581), (0,7302), (5,3629), (0,10216), (3,1933), (0,6443), (0,8779), (0,6159), (1,13138), (1,2195), (1,14324), (2,7030), (0,9880), (3,1820), (0,8922), (1,14555), (1,6492), (1,9981), (0,10524), (0,10526)
confie	(4,3279)
vens	(4,1066)
mediana	(5,1452), (4,4908), (1,9433), (2,2669)
repartiese	(0,7184), (0,8912)
languidamente	(5,3691)
apercivimiento	(0,8550), (0,8520)
consultando	(2,6983)
inhabilidad	(1,4774)
envieis	(4,5075), (1,10570)
provenido	(0,4439)
guisaba	(4,396)
encontrar	(4,2919), (0,4963), (0,13477), (2,6025), (4,1837), (0,5001), (2,272), (0,752), (2,4756), (5,1146), (3,857), (5,6012), (5,2817)
magestada	(0,4111), (0,5876)
empunaban	(2,269)
vena	(5,2233), (5,7358), (5,6464)
pasosele	(1,13681)
suspiraba	(1,10594), (1,2660)
dimosles	(0,10093)
bohemias	(4,3022)
tejas	(1,7953), (5,406), (5,3369), (5,1802), (3,1994), (3,2202), (5,333), (5,3456), (5,241)
sustancia	(5,3460), (0,5695), (0,5696), (1,2996), (0,5764), (5,2748), (5,606), (1,11386), (1,11770)
veni	(4,4166), (4,4175), (4,7376), (4,2263), (4,5083), (4,2014), (4,2655), (4,609), (4,6370), (4,2662), (4,1255), (4,3944), (4,1642), (4,7404), (4,5101), (4,2287), (4,2804), (4,6261), (4,2806), (4,5750), (4,2551), (4,2424), (4,7672), (4,505), (4,5627), (4,6395), (4,4604), (4,5118), (4,3983), (4,4625), (4,1684), (4,4884), (4,7070), (4,8094), (4,4127), (4,4255), (4,5279), (4,5410), (4,8098), (4,8104), (4,2729), (4,5165), (4,1710), (4,5170), (4,4403), (4,2358), (4,1209), (4,3769), (4,4923), (4,2623), (4,6975)
desechan	(1,15103)
aplacareis	(4,7082)
acredita	(1,1388)
embelleciendola	(5,2487)
sueltas	(2,659), (0,3745), (5,4846)
esperada	(1,6544), (5,3135), (1,10396)
caminante	(1,12901), (1,12917), (1,11078), (1,12906)
discrimine	(5,7156)
caracas	(3,2201), (5,6029), (5,6291)
dejese	(1,11344), (1,9323)
esposo	(4,7238), (1,14758), (1,13223), (1,7338), (1,9260), (1,10286), (1,10546), (2,3226), (1,14009), (5,1087), (2,7837), (1,10558), (1,4547), (1,2501), (1,13125), (1,13510), (1,842), (1,2506), (1,6222), (1,14926), (1,13519), (1,12114), (1,9299), (1,9555), (1,10579), (1,4565), (1,2519), (1,14051), (1,18916), (1,9189), (1,13157), (1,13159), (1,3048), (1,7144), (1,2538), (1,10607), (1,7408), (1,9200), (2,3538), (1,2808), (5,7549), (1,14080), (1,7425), (1,14209), (1,15619), (1,1028), (1,14724), (1,13958), (1,8458), (1,6155), (1,8460), (1,2704), (1,15376), (1,6289), (1,7314), (1,6163), (1,7317), (1,9493), (1,6424)
sosteniendo	(2,2946), (2,281), (5,7852), (5,3201)
sueltan	(4,8051), (1,17205)
aduanas	(5,3464), (5,234), (5,175)
dexaria	(0,6606)
solapadamente	(5,2372)
conmigo	(1,12448), (1,16803), (2,1029), (1,6692), (2,1417), (1,1067), (1,6827), (2,4238), (1,14895), (4,6995), (2,530), (1,8754), (1,1075), (0,1492), (1,8759), (1,16823), (1,15544), (1,11065), (1,16570), (5,6081), (4,609), (1,12734), (1,4672), (2,5154), (1,3266), (1,5315), (2,2599), (1,1225), (1,4683), (1,13517), (2,7220), (1,3925), (1,5847), (1,2017), (1,14945), (1,14050), (1,4071), (1,3176), (2,7498), (1,17130), (1,17131), (1,12525), (4,4497), (2,3667), (1,14707), (1,17140), (1,3064), (1,4985), (1,15481), (1,18041), (1,3970), (1,12163), (1,15107), (2,3429), (1,17796), (1,15109), (1,13065), (1,18828), (2,3438), (1,7566), (1,15758), (1,1685), (1,14486), (1,14743), (1,17690), (4,3134), (2,2814), (1,3741), (1,15389)
mediano	(5,6808), (0,10451), (5,6250), (1,4634), (5,5536), (0,11436)
contestara	(2,5324)
envenenamientos	(2,3205)
acaudalados	(3,1493), (3,1573)
esperado	(1,5128), (2,3755)
ejecutar	(1,2498), (5,3510), (5,7594), (5,2607)
indio	(0,6208), (3,1508), (0,7489), (0,10305), (3,491), (0,331), (3,498), (0,8016), (0,10576), (3,2036), (0,6738), (0,10580), (0,10582), (0,10586), (0,7260), (3,1792), (0,10589), (0,7262), (3,514), (0,8031), (0,7265), (3,517), (3,1797), (0,7267), (0,10596), (3,1801), (3,523), (3,1806), (3,1807), (0,8047), (0,6513), (3,533), (3,1813), (3,1821), (0,6522), (3,1568), (3,1824), (0,6530), (0,7046), (0,7047), (0,10380), (0,7053), (0,6803), (0,10132), (0,12181), (0,6552), (0,6812), (0,6558), (0,6814), (0,6559), (0,6815), (0,7327), (0,10403), (3,839), (0,6821), (0,6822), (0,12198), (3,2378), (0,6824), (0,7848), (0,12200), (0,6826), (0,6572), (0,6828), (0,12204), (0,6831), (0,6576), (0,10417), (0,6837), (3,1370), (0,6840), (0,6841), (0,7100), (0,6846), (0,10692), (0,7365), (0,10437), (0,8646), (3,1904), (0,7117), (0,7118), (0,10452), (0,7125), (0,6873), (0,7130), (0,12507), (0,7389), (3,1675), (3,1676), (0,8937), (3,1938), (0,6895), (5,3157), (0,6897), (0,12538), (0,12541), (0,10494), (3,1956), (0,6660), (3,424), (0,8453), (3,425), (3,430), (3,433), (0,7183), (3,1971), (0,8464), (0,7185), (3,437), (0,7186), (0,8466), (0,7187), (1,18420), (0,7188), (0,10516), (3,1977), (3,443), (3,1981), (3,1984), (0,10531), (0,10535), (3,972), (0,7978), (3,1998), (0,7723), (0,7980), (0,6190), (3,1234), (0,10543), (0,7734), (0,7990), (3,1754), (0,6456), (0,7737), (0,10554), (0,6460), (0,7228), (0,5182), (0,9790)
ahogaba	(2,4183), (1,2156)
atravesar	(1,16640), (5,632), (2,7589), (5,5529)
confirmo	(1,13539), (1,2100), (1,869), (1,6613), (1,10837), (1,4535), (5,1037), (2,2634)
leerlas	(2,6108)
confirma	(1,4003), (0,12995), (5,7754), (0,168), (1,9115), (0,270), (0,782), (3,1361)
contestare	(2,5338)
peripecias	(5,2982), (5,5129), (5,955)
disension	(1,5333)
india	(0,2559), (0,9791), (0,7616), (1,6694), (0,10438), (3,2097), (1,6520), (0,10775), (0,10778), (0,5791), (0,6559), (0,6561), (0,2595), (0,6180), (0,6565), (2,1640), (0,7911), (0,6570), (1,7563), (0,3053), (0,2414), (0,8047), (4,8373), (0,2419), (0,7603), (0,11893), (4,194)
cenizas	(2,5142), (2,5166)
ductilidad	(5,977)
boletas	(1,7723)
confirme	(0,1015)
hiperboles	(1,11084)
asomado	(1,5795), (1,12263)
regidores	(0,2481)
wwwgutenbergorglicense	(5,8916), (4,9012), (0,13761), (4,6), (3,3064), (1,19017), (2,8093)
bufaba	(2,7630)
desapareciendo	(2,3988), (5,417), (5,4017), (5,130)
guardaban	(2,2322), (1,16433), (1,13125), (1,14662), (5,4960), (1,1983)
infamados	(1,4398)
esposa	(1,7329), (1,15265), (1,9251), (1,9507), (2,3845), (2,1031), (1,6185), (1,9642), (1,13996), (1,15277), (2,1039), (2,1808), (2,3216), (1,1587), (2,3224), (1,10169), (2,1051), (1,7112), (5,7500), (2,1067), (1,7115), (1,2380), (1,6349), (1,9295), (5,6613), (1,12881), (1,9554), (1,9172), (5,4450), (1,4581), (1,9189), (2,967), (1,2663), (1,9576), (1,13929), (1,14185), (2,971), (1,15212), (1,10605), (1,15215), (5,4085), (5,7547), (1,2040), (1,3064), (1,9208), (1,9593), (2,1244), (1,7037), (1,15229), (1,15869), (1,510), (1,7169), (2,4836), (5,4231), (2,7910), (1,2696), (1,1035), (1,6283), (2,3693), (1,9357), (1,6926), (1,13966), (1,6288), (5,7446), (1,7570), (1,9490), (1,7571), (1,10515), (1,15252), (1,2709), (1,10517), (1,13974), (1,15639), (1,9496), (1,2074), (1,9500), (1,10652), (1,6303)
suspirada	(2,5495)
ministerio	(2,6273), (2,6850), (2,3875), (2,5059), (2,294), (5,3625), (2,4360), (2,298), (2,4364), (2,6252), (2,6445), (2,4366), (2,4398), (2,367), (2,2803), (2,3763), (2,5495), (5,6042), (3,1853), (5,4003)
presenta	(5,4900), (2,5282), (2,7011), (5,5880), (5,6857), (1,2985), (2,7707), (5,754), (5,5746), (3,1057)
entretejian	(1,9234)
destexe	(4,8059)
unisono	(5,1084), (5,4659)
enamorados	(1,12116), (1,2246), (1,3590), (1,6920), (1,18376), (1,698), (1,6428), (1,18365), (1,1838), (1,10670), (1,1007)
sabemos	(4,201), (1,1639), (4,4236), (2,782), (1,16301), (2,2256), (5,2931), (1,14768), (1,1586), (1,17588), (3,2744), (2,4512), (2,7392), (1,4290), (2,4132), (5,7048), (2,5671), (2,6824), (4,7597), (1,5262), (1,1295), (4,181), (1,6872), (4,7420), (1,15004)
brutalmente	(2,7140)
zarcillos	(4,787), (1,18825)
dexarla	(0,4171)
presente	(0,5183), (0,2880), (5,5543), (0,2117), (0,7237), (0,11589), (2,6664), (1,14119), (0,1863), (1,1577), (0,11592), (0,10827), (5,5297), (0,9292), (0,13644), (0,1869), (0,5454), (0,1103), (1,7473), (5,950), (0,1873), (0,13651), (0,7253), (3,1529), (3,2297), (5,1726), (0,1114), (1,14651), (1,7230), (1,15424), (1,7745), (0,9056), (1,13377), (0,2145), (0,8289), (0,1124), (2,809), (0,2151), (4,236), (2,307), (0,3186), (0,2164), (0,1141), (4,6138), (0,1655), (3,2589), (3,1566), (0,9087), (4,6148), (5,3048), (0,8068), (0,2182), (3,554), (2,2121), (0,8329), (2,7503), (4,8465), (0,12944), (5,4086), (5,7416), (4,4892), (5,7677), (3,1855), (2,7006), (0,12958), (1,17536), (1,2433), (0,1441), (0,2209), (0,8867), (4,8488), (0,9124), (0,2213), (0,2730), (4,6191), (4,8240), (1,9613), (0,173), (0,1453), (0,10927), (0,9392), (4,309), (4,1333), (5,282), (0,5302), (5,798), (0,5562), (0,10938), (0,699), (1,7580), (2,6784), (0,1471), (1,14752), (2,2179), (0,9154), (1,3236), (0,3780), (4,8520), (3,2664), (5,6954), (3,2925), (5,7219), (4,597), (0,2513), (0,1236), (2,6550), (0,2519), (4,348), (0,3035), (0,3037), (0,3038), (0,6878), (0,3042), (0,5858), (4,103), (4,8296), (0,1509), (0,11749), (0,7142), (1,16071), (0,2791), (1,7112), (1,3017), (0,6889), (1,14539), (1,3532), (0,1005), (4,8305), (0,1263), (0,8180), (0,3317), (0,1014), (0,13048), (4,8576), (3,1184), (1,4574), (3,2209), (2,7362), (4,133), (2,7363), (1,15588), (3,2984), (0,3078), (0,2055), (5,5741), (5,6510), (4,8589), (0,522), (4,6800), (0,11020), (0,8461), (0,5134), (4,7572), (5,7797), (0,8464), (1,3826), (0,8726), (0,3353), (0,2075), (5,2432), (5,3968), (1,7420), (1,17916), (4,7072), (4,7840), (1,3585), (4,7849), (5,143), (0,5418), (0,2093), (3,2512), (1,8462), (0,5166), (5,6803), (0,8494), (1,5392), (0,8239), (0,7984), (0,8496), (0,563), (0,5428), (4,7098), (0,1336), (0,1085), (0,1341), (4,8641)
extremidad	(2,3089)
pusimos	(0,10145), (0,6867), (0,10917), (0,6215), (0,10711), (0,9848), (1,12746), (0,9802), (0,6222)
placian	(4,396)
presento	(5,2694), (0,996), (5,2508), (5,910), (1,10187), (5,2928), (1,10828), (1,12816), (0,13263), (3,916), (0,13267), (1,6965), (1,5142), (0,8028), (0,6781)
basedow	(5,4811), (5,8015)
ahogada	(1,13137), (1,4027)
ajustes	(5,2724)
promotion	(4,9155), (2,8307), (5,9130), (0,13975), (3,3278), (1,19231)
fuelle	(2,253)
very	(0,13744), (3,3044), (1,18997), (2,8073), (5,8896), (4,8928)
fechada	(5,6671)
millares	(2,2417), (1,5585), (5,2811), (1,10649), (1,6604), (5,7795), (1,8975)
celebridad	(2,2040)
embaidor	(1,17432)
congress	(5,3126), (5,2570), (5,2699)
oferta	(0,624), (1,13825), (1,18786), (3,2633)
aceptados	(5,2578)
congreso	(5,3172), (2,4353), (5,1573), (5,3493), (5,2663), (5,3495), (2,2121), (2,2187), (5,1775), (5,1265), (5,6001), (5,1267), (5,2547), (5,1204), (5,951), (5,3064), (2,5206), (5,7291), (5,893), (5,3070), (5,2368), (5,8832), (5,1794), (5,2498), (2,4383), (5,1412), (5,2629), (5,2693), (5,2757), (5,5446), (5,1613), (5,2957), (5,2448), (5,465), (5,149), (5,217), (5,409), (5,2650), (5,2906), (5,222), (2,4350), (5,5409), (5,2723)
digere	(0,2235)
barberos	(4,3542)
practica	(5,1893), (5,295), (5,2922), (2,4107), (5,3312), (2,6993), (2,6162), (2,6994), (2,6867), (2,6228), (5,2042), (5,3258), (5,3711), (3,2366), (5,3904), (5,1985), (5,1225), (5,3721), (5,4362), (5,2386), (5,6163), (5,3604), (3,2583), (5,4124), (1,17245)
tranquilidad	(0,2562), (5,2042), (5,4091), (5,5883), (5,591), (2,1660), (1,2924), (5,513), (2,2288)
rompio	(1,3088), (4,2965), (2,488), (1,18183), (4,6107), (1,7593), (1,5741), (1,17037)
estuchito	(2,3564)
papelillo	(2,2080)
vere	(2,7556), (4,8295), (4,7081), (4,6459), (4,1772), (4,3692), (4,6464)
maquinada	(5,1830)
cautelosamente	(3,2078)
asomaba	(2,5721), (2,4271)
guarnecido	(1,3052)
trasmano	(0,5758)
esperais	(4,1467), (4,1726)
acribillado	(5,2843)
abominaciones	(2,4064)
advirtiendola	(1,3749), (1,3756), (1,14844)
advirtiendole	(3,1657)
mediase	(2,4185)
acudireis	(0,1679), (0,4530), (0,2103)
digese	(0,6911), (0,8769), (0,6563), (0,8793), (0,8458), (0,6443), (0,8475), (0,7036), (0,8492), (0,8892)
vera	(5,8745), (5,7594), (4,4044), (4,846), (0,8010), (5,7600), (3,2995), (5,7926), (0,10129), (0,10513), (0,13265), (1,1139), (0,12946), (2,1558), (1,10680), (0,9368), (1,4922), (4,4958), (5,7615), (5,7680), (4,1824), (5,7617), (2,7584), (4,8485), (1,2053), (2,6185), (0,10600), (5,7694), (0,13418), (1,12685), (5,7579), (1,5145), (0,9400), (0,10489), (2,3068), (3,2845), (1,4699), (0,9978), (4,8383), (0,9211), (4,7554)
persecucion	(2,2241), (2,1747), (5,1048), (5,3848), (2,4374), (5,1181), (5,337), (5,401)
nombrada	(0,2175), (0,2176), (0,10816), (0,11650), (1,2923), (0,10826), (0,1997), (0,1998), (0,11599), (0,5968), (0,12112), (3,2038), (0,5971), (3,2168), (0,12117), (0,4258), (0,4259), (0,5477), (0,11698), (0,5431), (0,13623), (4,572), (0,2171), (0,13500), (0,2174)
estaferos	(4,8146)
hallasen	(1,10547), (1,17795), (0,5606), (0,11622), (4,7582), (1,6622), (0,7453), (5,659)
desenlazaba	(5,379)
intentio	(4,5848)
nengun	(0,2656), (0,2502)
mueblaje	(2,1622), (2,2862)
nombrado	(0,12095), (0,11649), (0,4227), (0,11652), (0,13573), (0,5446), (0,4361), (0,5449), (0,5962), (0,1995), (0,4235), (0,1996), (0,1997), (0,12109), (0,13325), (5,7283), (5,6581), (0,10833), (0,5973), (0,5462), (0,5975), (3,2619), (0,13209), (0,9050), (0,1563), (0,1564), (5,2441), (0,4260), (3,1672), (0,4261), (0,12005), (5,5901), (3,1676), (0,9067), (3,1807), (0,5487), (3,1683), (3,2006), (0,5435), (0,12027), (0,4412), (0,5500), (0,10172), (0,10813), (0,5502)
guisada	(0,4932)
hallandonos	(1,2099)
concurrir	(5,932), (5,389)
reumaticos	(2,6162)
macilenta	(2,1596)
orbo	(5,8150)
apretadas	(4,420)
direte	(0,1681), (0,5537), (0,4534), (1,17176)
resoplido	(2,1570)
librara	(2,7310)
terribles	(2,1346), (2,3042), (2,3044), (2,3878), (5,5449), (2,7402), (2,7722), (5,146), (2,7023), (4,2548), (5,4693), (2,5911), (1,7896), (5,1057)
acercasen	(1,7897)
librare	(2,3332), (1,13805)
discantaba	(1,8354)
juzgarlo	(2,3397), (5,3967)
orbe	(3,2163), (1,7830), (5,6654)
library	(2,8385), (0,14065), (5,9208), (3,3356), (4,9247), (1,19309)
embargante	(0,1856), (0,4850), (0,9459), (0,6644), (0,8485), (0,8070), (0,8055), (0,8265), (0,7530)
vete	(1,3120), (4,3622), (1,4102), (4,3691), (4,1549), (2,3931), (2,3935), (1,16398)
villalobospor	(0,2527)
bufonadas	(2,182)
notarios	(4,6357), (4,5933), (4,7279)
retardar	(3,1850)
torniscon	(1,10994)
malgastado	(5,5085)
juzgarla	(5,2364)
oran	(1,804)
embaulando	(2,4457)
vindicativas	(4,8614)
amenazas	(1,1314), (1,5671), (2,426), (5,302), (3,1391), (5,2711), (2,5428), (2,2293), (2,6805), (2,7446), (0,8565), (1,11962), (2,2268), (1,13755), (5,1280), (2,2143)
demostenianos	(2,6304)
rompia	(2,2273), (4,8255), (2,2174)
convidaremos	(2,7547)
fechado	(5,4851)
orac	(4,5315), (4,5311)
fulgente	(5,1656), (5,354)
entristecida	(2,1596)
veanse	(5,3684), (2,6323), (0,13354)
vese	(4,326), (1,16743), (1,3115)
absuelto	(5,2179)
apremialle	(0,2230)
cenemos	(4,1264)
espanola	(4,707), (4,709), (5,3880), (0,10310), (4,203), (2,5257), (4,8011), (5,6828), (1,14760), (2,522), (0,1224), (4,77), (4,6349), (5,8111), (5,5808), (5,7728), (4,208), (3,1903), (3,2162), (0,5071), (5,7732), (5,7605), (2,5524), (4,7643), (3,2684), (1,6331), (0,5212), (5,4803), (1,6847), (2,35), (0,12646), (5,3660), (1,464), (1,6736), (3,1171), (4,7796), (1,6354), (1,6099), (4,1530), (5,7771), (2,1723), (5,6879), (5,7777), (5,6759), (4,7688), (4,5897), (1,6246), (5,6762), (4,10), (4,1546), (1,233), (1,7274), (0,13066), (4,3216), (3,816), (4,7185), (5,6515), (4,1428), (5,7670), (1,6133), (5,8313), (4,1434), (5,6907), (0,1303), (5,7165), (5,7807), (2,2143), (3,834), (3,962), (3,837), (3,969), (4,172), (5,5134), (5,6286), (4,4015), (4,7216), (4,4018), (5,2707), (4,7219), (5,7701), (1,6291), (5,7831), (5,8863), (4,7231), (3,2911)
oral	(5,537)
practico	(5,2533), (3,2835), (0,259), (5,6107), (5,3839)
gastapotras	(4,2094)
dred	(5,1508), (5,1669), (5,1532), (5,1644), (5,8830), (5,1503), (5,1632)
juzgarse	(5,5534)
abolicion	(5,1412), (5,4455), (5,988), (5,3102), (5,3793)
contuvieron	(5,2405)
bastecidas	(0,5735)
hecimos	(0,1010), (0,10084), (0,917), (0,6856), (0,9819), (0,10603), (0,10573), (0,10366)
saturno	(4,1210), (1,429)
corregida4	(5,5311)
ensenarles	(1,6058)
putarolo	(4,5419)
esperame	(4,2232), (1,13038)
diarias	(0,367)
quemar	(0,8707), (0,6668), (5,5586), (4,3522)
quinolas	(1,4703)
amenazan	(1,2499)
ordo	(5,3412)
romper	(5,2276), (1,6178), (4,8293), (1,3337), (4,3412), (5,3445), (2,7763), (1,11955), (0,13235), (1,6933), (5,475), (5,3517), (1,3099), (3,1758)
fratricidas	(5,6947)
quitarian	(3,1554), (3,2000)
rompen	(1,1675), (4,8302)
dormireis	(4,1173), (4,2858), (4,1278)
terminos	(0,3391), (5,6693), (1,7078), (5,6572), (2,4170), (1,4585), (0,4872), (5,3374), (1,1835), (2,4429), (5,5491), (1,16111), (1,16241), (0,3793), (2,4435), (5,2039), (5,6711), (5,3129), (0,3413), (4,6170), (0,9175), (3,510), (1,10556), (5,2563), (1,14719), (1,17280), (5,1097), (5,5514), (1,6150), (5,1996), (1,7432), (5,717), (2,5226), (5,7885), (0,105), (4,4912), (2,2095), (1,1937), (2,2034), (5,1688), (1,4373), (4,6200), (2,6199), (3,2785)
axioma	(5,2517), (5,530)
dexaran	(0,5940), (0,5942)
beecherstowe	(5,8021)
bessieres	(2,5291)
anteayer	(2,5670), (2,3632)
pedanterias	(2,7326)
fenezca	(4,8299)
direme	(4,8283)
avistar	(3,1364)
destruyendo	(0,2448), (0,2598), (0,2743), (5,3106)
sugeten	(3,2689)
ganeis	(4,3785)
mogote	(0,11485)
dispares	(4,8395)
senoras	(1,10272), (4,6469), (1,14307), (1,6757), (4,974), (4,913), (1,10478), (4,6039), (4,1438), (4,927), (4,992), (4,7456), (1,959), (4,5987), (4,805), (1,18375), (4,5547), (1,7371), (4,1073), (1,10062), (1,10259), (4,5560), (5,4890), (1,6295), (1,5593), (4,5629), (1,13662)
capacetes	(4,5983)
aplicarsele	(5,6679)
argumentacion	(5,196), (5,784), (2,1038), (5,2049)
ingratitud	(4,6021), (5,3320), (4,8455), (5,4027), (5,383), (0,9466), (4,4896)
clavando	(2,1508), (2,7343)
floridisimo	(3,2204)
concurren	(0,5408), (5,7929), (0,1016), (0,939)
avisados	(0,2378), (4,8305)
reliquias	(5,1269), (1,7779), (5,7751), (1,902), (1,7785), (1,15033), (1,18234), (1,15039)
voltee	(1,16683)
caparela	(4,3652), (4,6728), (4,5017), (4,2445), (4,3710)
blas	(4,4920), (1,5445), (2,842), (4,4894), (4,4926), (3,2062), (4,4911)
dellas	(0,4288), (0,2754), (0,2627), (0,4808), (0,5704), (4,3405), (1,10028), (0,9803), (0,2512), (0,5073), (1,18098), (0,6994), (0,8787), (0,4820), (0,1110), (1,13624), (0,5593), (1,1340), (0,7644), (0,1245), (1,4799), (1,16832), (0,5222), (1,6728), (0,4971), (0,5739), (0,8299), (4,5488), (0,4972), (0,2669), (0,8301), (4,5490), (0,10222), (0,1137), (0,5746), (0,4595), (0,5748), (0,2677), (0,5750), (1,13530), (1,9437), (1,18781), (0,5757), (0,13565), (0,10878), (0,2943), (0,5759), (1,6752), (0,10879), (1,17891), (1,17510), (0,2822), (0,4742), (0,4871), (0,9863), (0,5002), (0,6283), (0,11531), (0,5392), (0,1300), (0,1174), (0,3608), (0,1434), (1,7931), (0,5021), (0,10910), (0,10015), (1,3841), (0,3872), (0,9377), (0,4643), (1,4487), (0,5287), (0,5160), (0,7720), (1,17418), (0,3627), (1,16269), (0,1070), (0,4656), (0,1969), (1,2962), (0,3889), (1,1043), (0,9907), (0,2740), (0,5175), (1,10649), (0,7609), (1,15131), (0,2620), (4,1346)
proveellos	(0,1868)
conocimientos	(5,5160), (5,2044), (5,4317), (5,5631), (5,7792)
cortaremosle	(1,902)
despoblados	(0,6223), (0,6237)
cuba32	(5,2498)
guevara	(3,402)
arremetiendo	(1,2448), (1,4321)
deseabas	(2,2598), (2,3485)
deseaban	(5,1349), (1,8577), (3,2724), (1,10867), (5,4442), (2,5368), (0,8248), (4,8384), (0,8284), (1,6623)
replicaronle	(1,8082)
enojan	(1,18637), (1,5727)
acondicionado	(0,1814), (0,13129)
coello	(0,13162), (0,12221)
enojar	(1,5729), (0,2098), (0,7234), (4,2378), (2,715), (4,5087)
aderezadas	(0,936), (0,2315), (1,303)
soltase	(0,6167)
desgraciadas	(1,15266)
descanso	(1,2913), (1,4518), (1,6598), (1,13097), (2,5195), (1,8881), (1,13682), (1,3091), (2,951), (2,4984), (2,954), (1,11513), (3,1276), (1,13594), (1,16924), (1,13919)
juzgaron	(5,1274), (5,603), (1,12233), (1,6572)
descanse	(1,4672), (1,184)
tablero	(4,5981)
soltaba	(4,1094), (4,1819)
posome	(4,944)
analisis	(5,7415), (5,7805), (5,7919), (5,4833), (5,6161)
plorate	(1,7965)
estruendosos	(5,1770)
provechos	(0,1475), (0,1124), (0,1158), (0,1319), (1,11304), (0,1160), (0,1451), (4,8147), (4,7926), (0,1459), (0,4979), (0,8885), (0,1178), (1,7611), (0,1468), (0,1181)
desmamparadas	(4,5986)
elevarte	(2,2449)
correa	(0,3028), (0,12269)
restaurando	(1,7251), (1,7271), (2,1289)
vezo	(4,5781), (4,1832), (4,7983)
corren	(4,8291), (0,4832), (1,16817), (4,6198), (3,1078), (1,1684), (0,10179), (5,5290), (2,217), (3,2637), (0,11534)
correo	(1,9127), (1,9134)
correr	(0,6271), (2,5959), (1,13735), (1,14185), (0,3849), (0,6028), (1,17390), (0,2191), (1,1777), (2,3987), (5,7414), (1,6455), (0,3865), (5,6270), (5,1088), (0,3867), (4,1824), (3,2240), (3,1028), (5,5447), (5,7050), (5,5711), (5,5585), (0,9966), (1,2193), (2,4082), (0,3888), (1,3346), (1,3286), (1,1687), (0,3959), (1,11866), (1,14363), (5,6241)
poblaredes	(0,1136), (0,1159), (0,5243), (0,5275), (0,1180), (0,4925), (0,5230), (0,5278)
purgatorio	(4,2087)
corres	(2,291)
metamos	(4,1924), (1,16300)
suspicacia	(5,5887), (5,3696), (5,609), (5,5057)
nadadores	(0,6701)
veza	(4,5779)
elevarse	(5,7110), (5,4798), (5,1583)
termas	(1,7783)
precipitados	(2,5841), (5,2304)
malvinas	(3,2563)
pampas	(3,472), (3,1016), (3,1210), (3,622), (3,287), (3,1007)
diestra	(2,282)
biobio	(3,2787)
barberia	(4,6405)
abispones	(1,6017), (1,5602)
profanada	(3,100)
clarke	(3,2295)
trozo	(2,3867), (3,1680)
diestro	(0,3776), (1,15287), (1,9708), (1,5373), (5,882), (1,15055)
esperase	(1,10418), (1,10914), (2,2932), (4,939), (1,11055)
servirian	(1,18209), (0,505), (1,7535)
vareteados	(1,16889)
sorprender	(2,1923), (5,3287), (2,6789)
sacra	(0,2815), (0,2817), (0,1026), (0,4099), (0,904), (0,2824), (0,9354), (0,2699), (0,4111), (1,4912), (0,2512), (0,9360), (0,4179), (0,5844), (0,4182), (0,5847), (0,3288), (0,4194), (0,9188), (0,3177), (0,4076), (0,5806), (0,2609), (0,2805), (0,3317), (0,4215), (0,5560), (0,2874), (0,4218), (0,2811)
merecido	(1,6976), (5,1709), (0,123), (1,8078)
sacre	(1,6038)
caracoa	(0,13165)
paves	(0,10100), (0,10567), (0,10555)
suposiciones	(5,7689)
exhausto	(3,2985), (5,5810), (5,883)
sacri	(1,8107)
caracol	(2,7160)
inmerecida	(5,5937)
escuchantes	(1,9967)
achaque	(2,95), (3,1169)
merecida	(5,2006), (5,5530), (1,6923), (1,6447)
variety	(5,9141), (0,13986), (3,3289), (1,19242), (4,9166), (2,8318)
infantescas	(4,3661), (4,4735)
voltar	(4,3343)
george	(5,2326), (5,5263)
sorprenden	(2,7278)
zorros	(2,5728)
perdemos	(1,17835)
esperare	(4,4965), (1,16471)
guajan	(0,13471), (0,12667)
esperara	(4,7344)
amigos76	(5,7309)
frasco	(4,1583)
redencion	(5,4484), (5,2808), (5,6988), (2,1212), (5,4465), (1,7550), (1,8318)
quito	(1,9824), (1,14821), (1,15525), (4,6090), (2,3658), (1,18922), (1,15147), (1,17067), (1,4204), (1,4272), (1,17907), (2,7773), (1,3265), (1,8705), (3,647), (1,11077), (1,2630), (4,942), (1,17741), (4,1842), (1,6994), (1,4504), (1,12505), (1,5851), (1,5340), (1,16415)
ocurra	(2,291), (3,2437), (3,2534), (3,1857)
hermosura	(2,3842), (1,9250), (1,16418), (1,6182), (1,2862), (1,1585), (1,6196), (1,7223), (1,1848), (1,11839), (4,8420), (2,3621), (1,12358), (4,494), (1,12109), (1,13389), (1,11856), (1,7250), (1,6740), (1,12885), (1,12376), (1,17496), (1,12128), (1,1898), (1,7274), (1,13674), (1,14702), (1,12400), (1,13685), (1,18561), (4,7462), (1,12931), (1,389), (1,647), (1,6279), (4,558), (1,13452), (4,1329), (1,16789), (1,1690), (1,667), (4,831), (1,671), (1,2472), (1,9642), (1,7084), (1,1967), (4,598), (1,2229), (1,6325), (1,13493), (1,14519), (1,14264), (1,7609), (1,4539), (1,11196), (1,18366), (1,7105), (1,2499), (1,7111), (1,3017), (1,7373), (1,2515), (1,3030), (1,7386), (1,2267), (1,7132), (1,9180), (1,13532), (1,2269), (4,388), (1,1761), (1,6117), (1,12524), (1,4589), (1,8687), (1,13295), (1,9201), (1,13556), (1,9206), (1,3063), (1,11000), (4,7070), (1,11519), (1,11009), (1,18690), (1,1795), (1,11268), (1,18952), (1,2059), (1,9228), (1,8976), (4,7861), (1,11794), (1,12564), (1,15639), (4,444), (1,6681), (1,11033), (1,286), (1,11550), (4,450)
orig	(0,5666), (0,4067), (0,1028), (0,5796), (0,4101), (0,1479), (0,9032), (0,9192), (0,3593), (0,5549), (0,10806), (0,1976), (0,4184), (0,5849), (0,5947), (0,4220)
sugetos	(3,1481), (3,1198)
ocurre	(2,4787), (4,4198), (2,3222), (3,2685), (2,3484), (5,5329)
tramaban	(5,724), (5,2371)
torre81	(0,6757)
supondrian	(2,2531)
evangelio	(3,690), (3,2805), (2,6262), (2,1991), (1,828), (5,1953), (0,9500), (0,2254)
continuidad	(2,1805)
liceos	(5,5030)
trova	(1,11882)
corria	(0,8384), (0,10368), (0,10661), (2,168), (2,8008), (5,1837), (5,4685), (2,6250), (2,5579), (1,17392), (0,9776), (0,10609), (0,10194), (5,5464), (1,1848), (5,285), (0,10488), (1,6906), (5,3423), (2,2014), (1,16574), (0,10174)
pasado64	(0,4692)
demudados	(0,10258), (0,10580)
seleccion	(5,4264)
retazos	(3,1941), (5,7611)
mayormente	(2,2322), (3,2949), (0,5606), (0,6070), (0,6679), (0,4456), (3,2140), (0,8810), (3,2544)
corrio	(5,1927), (2,6180), (2,5189), (0,5990), (2,4201), (1,9000), (1,4457), (0,5992), (0,6793), (2,3373), (5,3826), (2,7858), (5,3320), (1,6900), (5,3610), (2,3640), (0,7382), (4,8123), (2,1371), (5,1854), (2,7739)
caminando	(1,16096), (3,323), (3,1097), (3,1739), (1,6762), (1,14154), (1,2192), (3,1715), (3,469), (3,346), (3,1050), (3,1082), (3,1467), (3,796)
elevaron	(5,5159)
reynado	(3,985)
blanquisimo	(1,14691)
xxiii	(0,12339), (0,12755), (0,13028), (0,12566), (0,11736), (5,1648), (2,6637), (0,13053), (4,3202)
elicio	(1,16489)
materiales	(5,2533), (5,7877), (5,5351), (0,13685), (5,5870), (5,7774), (0,1117), (5,6147)
demasia	(1,14409), (1,17401), (5,5438), (1,13102), (1,13806)
asiente	(0,2943), (0,5459), (0,1606)
bastardia	(2,5655)
blanquisima	(1,14171)
merecian	(1,4052), (1,3338)
sollozando	(1,5494)
sembrar	(3,715), (5,638)
desventura	(1,3010), (1,7330), (4,937), (1,9031), (1,9096), (1,13135), (1,2928), (1,7344), (1,15092), (1,6614), (1,2489), (1,3673), (1,3034), (1,3322), (1,8890), (1,4381), (1,18750), (1,2943), (1,13183)
hisopo	(2,5516)
serbir	(0,9007)
asiento	(0,1727), (0,449), (0,3394), (0,1989), (0,2757), (2,5384), (1,6057), (0,1865), (0,1098), (0,5196), (2,2064), (2,2321), (1,2352), (0,5584), (0,1491), (0,2772), (2,3606), (5,319), (0,1502), (0,8415), (0,998), (0,11884), (2,5040), (0,1008), (2,823), (0,1911), (0,632), (0,5630), (0,3199), (1,7776), (0,3202), (0,3333), (0,4614), (0,4744), (0,4617), (0,13066), (0,785), (0,3217), (0,5649), (0,1554), (0,3092), (0,3095), (0,1049), (4,5661), (0,3226), (1,7805), (0,1053), (0,12962), (0,803), (0,2724), (0,1447), (0,4775), (2,7145), (0,1193), (0,4394), (0,1708), (0,1710), (1,4498), (0,2738), (0,8884), (2,2680), (1,4631), (4,832), (0,3388), (0,8508)
claros	(5,6885), (2,228), (1,16532), (2,231)
livianas	(0,2330)
hincandose	(1,2545), (1,7349)
harriet	(5,1063), (5,1111), (5,99)
reputaciones	(5,3579)
llenaba	(5,3013), (5,4370)
asienta	(3,2930), (1,14278), (0,7831), (1,8780), (4,882)
triunfaria	(5,5769)
sauces	(1,16368), (3,937), (5,3936)
reducirian	(3,2711)
quiza	(1,9898), (1,14253), (1,175), (1,3251), (1,7095), (1,14908), (4,2912), (1,6845), (4,1121), (4,2918), (0,13282), (1,2889), (4,1137), (1,17619), (4,5751), (1,16980), (1,3800), (1,9947), (1,1381), (0,13703), (1,3434), (1,15723), (1,14701), (4,1553), (4,2065), (1,15087), (1,2032), (1,15216), (1,5234), (1,15346), (1,1011), (1,15347), (1,17658), (1,1019), (5,5507), (1,2945), (1,3849), (1,17033), (1,7178), (1,4108), (1,13452), (1,15116), (1,3854), (1,14094), (1,147), (0,694), (1,1305), (1,13597), (3,608), (4,4162)
mezquina	(4,3709), (5,3694), (1,18604), (2,6560)
sesudos	(2,3874)
conociendolos	(2,4178)
arrastrar	(2,2055), (5,1713)
asomate	(4,5443)
llenado	(2,4994), (5,3713)
remoquete	(4,3339)
sacose	(0,11790)
cipreses	(3,1166)
habiendonos	(1,6611)
considerasen	(5,4713)
quizo	(3,2101)
ymprima	(0,9312)
coplas	(1,11974), (1,1159), (1,3783), (1,12071), (1,18023), (1,11977), (1,1162), (1,5578), (4,6225), (1,12047), (1,5585), (1,12051), (1,3798), (1,1207), (2,6138), (1,12057), (2,4731), (1,283), (1,11995), (1,17374), (1,10335)
fiesta	(1,17443), (5,3944), (1,7300), (5,7436), (1,17291), (1,9550), (1,12815), (0,8751), (1,18512), (3,851), (0,10737), (4,6359), (1,309), (5,4665), (1,375), (0,10742), (1,15864), (0,856), (2,7675), (1,17402), (1,11163), (0,8732), (1,6942), (1,18398)
rendirian	(1,6485)
embebecidos	(1,9242)
reconociendo	(2,6835), (2,551), (5,4622)
descubria	(1,274), (1,13139), (1,18102), (1,10776), (1,4265), (0,11417), (1,5131), (1,18315), (1,9614)
troya	(2,834)
ginoveses	(4,6057), (4,1038)
reves	(1,9410), (1,8260), (1,5798), (4,7437), (1,8397), (1,1198), (1,10478), (1,14158), (4,6354), (2,5488), (1,10903), (1,6650), (1,3291), (1,8251)
circulo	(5,7717), (2,3877), (5,3819), (5,2156), (5,5517), (5,2158), (5,3986), (2,7728), (3,1299), (2,7730), (2,3252), (5,7259), (1,18173)
dieronselo	(4,6726)
prematuro	(5,5062)
chocaron	(2,3676)
vislumbra	(5,5946)
descubrir	(0,4034), (5,681), (0,9157), (0,5702), (0,5958), (0,583), (2,6025), (0,6599), (1,12072), (0,6601), (0,8652), (5,4150), (0,13009), (0,3410), (0,5587), (3,2168), (3,2809), (0,7382), (1,16056), (3,2428), (0,3932), (0,8290), (1,9156), (3,1545), (5,4303), (3,2577), (0,3438), (0,239), (0,7024), (0,11377), (1,16851), (3,2206), (0,7419), (5,2017), (0,5762), (1,13412), (0,10373), (0,8839), (5,7025), (3,304), (0,4621), (0,10127), (3,1843), (5,6137), (3,572), (3,3005), (5,7936), (0,9371), (5,769), (0,7068), (3,576), (3,961), (5,2948), (1,15489), (5,134), (0,673), (3,1860), (0,10402), (3,77), (0,4651), (0,10419), (5,5405), (0,5307), (5,6944), (0,12091), (3,2657), (5,4259), (5,4899), (0,10174)
penitus	(4,7978)
cetros	(1,11201)
parecian	(2,4866), (0,7362), (1,3492), (1,15974), (1,17835), (1,18031), (1,11251), (1,4788), (0,9811), (5,1404), (1,11257), (1,6587), (5,1987), (0,10271), (1,1473), (1,10819), (0,10402), (2,808), (5,3085), (0,8937), (2,4972), (1,9615), (1,5139), (1,5396), (1,3605), (1,17046), (2,2872), (1,4439), (0,4087), (0,10425), (1,17498), (5,1311), (1,14557), (5,1635)
desasimiento	(5,5418)
superior	(1,2790), (5,6252), (2,2442), (5,4525), (0,2121), (5,7726), (3,1774), (5,2481), (2,4814), (5,6323), (3,1842), (2,2385), (5,3062), (5,3960), (3,2427), (3,1404), (3,1856), (5,1859), (3,2561), (5,3590), (5,7432), (5,4108), (5,4494), (5,3920), (5,3093), (5,3477), (5,6870), (3,2521), (5,2461)
vislumbre	(5,7546), (5,3904)
descubrio	(0,2623), (0,9536), (3,744), (1,3878), (1,14374), (0,12102), (0,6280), (1,7402), (1,3500), (1,2223), (1,9393), (1,2356), (1,15284), (0,4628), (3,2171), (1,7865), (1,2874), (1,4283), (1,7355), (0,733), (0,797), (0,7069), (4,3619), (1,961), (1,15425), (0,6242), (0,7074), (0,7077), (1,6856), (0,3944), (0,7211), (3,2320), (1,3215), (1,4048), (1,5523), (1,4694), (0,7414), (1,7067), (1,11611), (0,5755), (3,736), (1,2590), (0,6141), (0,5694)
mezquino	(5,1079), (1,17973)
vizcocho	(0,2279), (0,7293)
parecias	(2,5055)
sueltos	(1,3604), (5,4713), (5,4842), (1,16840)
sacos	(1,2412)
residiendolas	(0,1303)
prematura	(5,7405), (5,6610)
habitualmente	(5,3751)
claras	(4,8323), (1,15632), (1,8593), (2,4468), (1,5364), (2,6617), (3,2639), (1,6461), (5,6626)
dellos	(1,8737), (1,3620), (0,8515), (1,14117), (0,5190), (0,5192), (0,2633), (0,5193), (0,2379), (0,10574), (0,4943), (1,12596), (0,4948), (1,15158), (0,10582), (1,16184), (0,1369), (0,8028), (1,7486), (0,2142), (1,5695), (0,6750), (0,7006), (4,995), (1,1857), (0,5216), (0,7521), (1,9282), (1,9538), (0,6756), (0,9828), (1,3398), (0,10597), (0,11621), (0,4966), (0,6248), (1,2123), (1,10827), (0,6763), (0,8043), (0,3437), (0,8558), (0,4975), (0,6255), (0,9840), (0,4983), (0,8056), (0,4473), (1,17498), (4,6654), (0,4987), (0,4988), (1,10589), (1,9310), (0,1663), (4,6916), (0,6530), (1,5477), (0,5253), (0,6021), (0,8328), (0,8074), (0,10381), (0,8079), (0,5009), (0,5267), (0,5781), (0,8853), (0,3735), (0,4249), (0,5021), (0,2206), (0,5278), (0,4257), (0,1698), (0,10914), (1,13955), (0,6310), (0,5033), (0,5034), (0,7596), (0,942), (0,5038), (0,4273), (0,7094), (4,4673), (0,5822), (0,8388), (0,5063), (1,5289), (0,3785), (0,6089), (1,8366), (0,8145), (0,6356), (0,3799), (1,4537), (0,1241), (0,4569), (0,4315), (0,4572), (0,4574), (0,6878), (0,6879), (0,5860), (0,6116), (1,4806), (0,9445), (0,10726), (1,10185), (0,10216), (0,4329), (0,4841), (0,6378), (1,17867), (0,7149), (1,12239), (0,5615), (4,4468), (0,3825), (0,4338), (0,6387), (1,8405), (0,6391), (1,18136), (0,4345), (1,10970), (0,4346), (1,16862), (0,7169), (0,7175), (1,5616), (0,10512), (0,7443), (0,8979), (0,6676), (1,7670), (0,2327), (0,13593), (1,6395), (0,7963), (0,9243), (0,13595), (0,7197), (0,8221), (1,1535), (0,7198), (0,9247), (1,16130), (0,8995), (0,4388), (0,6436), (0,7204), (0,6438), (0,2088), (4,1199), (0,8491), (1,16140), (1,5901), (0,4910), (0,8241), (0,7220), (0,7476), (1,17685), (0,3641), (0,5177), (0,5178), (0,1595)
garras	(2,1324), (2,4639)
impelia	(1,4206)
mezquita	(1,3872), (1,4125), (1,3934)
atropellar	(5,1989), (1,14925)
desperteos	(4,1859)
descubras	(1,3634)
asomare	(4,2507)
descubran	(3,550), (0,1067)
revistas	(5,6297), (5,4254), (5,6527)
pavor	(2,4297), (2,843), (2,1343), (2,4816)
impelio	(1,4020)
problem	(5,9110), (0,13955), (3,3258), (1,19211), (4,9136), (2,8287)
ibamos	(0,11327), (0,10896), (0,6257), (0,9426), (0,11221), (0,11400), (1,18041), (1,7532), (0,11165), (1,3295)
jugador	(4,782), (4,5697)
conviniese	(5,1863), (1,10035), (0,3299), (0,8502), (1,5384), (0,5658), (0,5580), (0,8524), (0,7277)
flamencas	(4,3021)
acumulandose	(5,7124)
xliv	(4,5940)
dexarlo	(4,591)
xlix	(4,6340)
gratificacion	(3,1226)
desesperaban	(1,1810), (1,18454)
quivira	(3,2204), (3,2206)
benditas	(2,1300)
fraccionar	(5,2405)
inquietador	(1,13128)
blasonan	(1,8010)
comidas	(1,7681), (1,7877), (0,2266)
asomase	(1,18516), (1,6966)
xlii	(0,13023), (4,5705)
profiriese	(5,4569)
blasonas	(1,11197)
orop	(4,4825)
perficion	(4,432)
carrillos	(2,1913), (2,2730)
incalificable	(2,6269)
izquierda	(3,1762), (1,1889), (4,837), (2,1990), (4,523), (1,18347), (2,3533), (2,213), (1,151), (1,13847), (2,281), (1,2169), (1,2588), (2,255)
parecida	(2,7923), (2,4277), (5,3213), (2,5658), (5,961), (5,4403)
fijado	(5,165), (5,151), (5,1207), (5,1239), (5,1433), (5,3165)
balido	(2,5424)
acuerdaste	(1,1906)
desenvainaba	(1,6442)
excepto	(1,1605), (4,6794), (5,7343)
halima	(1,4128), (1,4192), (1,4448), (1,4001), (1,4129), (1,3938), (1,3876), (1,4580), (1,3877), (1,4134), (1,4582), (1,4072), (1,4200), (1,3754), (1,3756), (1,3758), (1,4084), (1,4345), (1,3900), (1,4159), (1,4162), (1,3652), (1,3910), (1,4102), (1,4167), (1,3912), (1,4169), (1,4234), (1,4362), (1,3852), (1,3983), (1,4113), (1,4241), (1,3925), (1,4375), (1,3864), (1,4186), (1,4123), (1,4189), (1,3871), (1,3935)
panegirico	(5,3231)
parecido	(5,7333), (1,549), (1,11881), (2,3211), (2,7629), (1,7084), (1,15281), (0,5650), (1,15414), (5,1147), (2,220), (0,1627), (1,7041), (0,3105), (4,1767), (3,265), (0,3366), (1,15559), (1,15369), (1,2379), (3,2510), (0,4139), (4,1970), (2,2679), (0,1846), (2,1976), (0,4155)
pecuniarios	(5,2891)
virgos	(4,4374), (4,4096)
lides	(5,1494)
despidiese	(1,16652)
atapan	(4,8446)
despenar	(4,6209)
natolia	(1,4236)
sensible	(5,745), (5,3018), (2,7720), (2,649), (2,3135)
ingresos	(5,3669)
llevaredes	(0,1283), (0,1222), (0,1287), (0,2296), (0,1662)
bronce	(2,4577), (0,9248), (1,18705), (4,1398), (5,1624), (1,13062), (1,8551), (5,5183), (0,9451), (2,1679)
descubren	(3,2133), (1,2915), (2,5349), (5,7338), (1,3257), (5,7421), (5,5681)
cuarteles	(1,4416), (2,844), (2,864)
izquierdo	(1,12979), (2,7034), (3,412), (4,6301), (1,14172), (4,2577), (4,4353)
neolitica	(2,3131)
dexaron	(4,4468), (0,10693), (0,3751), (0,9449), (0,10474), (0,2587), (0,6955), (0,10379)
conviniere	(0,1743), (1,5251), (1,3412), (0,1508), (0,1924), (0,1925), (0,3591), (1,3832), (0,5210)
ajustar	(2,2838), (5,2290)
ginovesas	(4,3025)
livianos	(0,10207)
categoricas	(2,4588)
bufalo	(4,7977), (0,471)
pincel	(4,330), (2,2012)
consultandole	(3,2505)
encarcelar	(2,6048)
envasaba	(1,12978)
desamorado	(1,4719)
sepan	(0,2320), (0,3440), (4,2021), (1,4562), (0,1986), (1,5043), (1,14933), (1,982), (4,651), (0,5193), (1,765), (0,1068)
remiendo	(2,1893)
sepas	(1,5546), (1,1723), (1,9292)
desenfadada	(1,1076)
sanolo	(4,3373)
corral	(0,6224), (0,10400), (1,2373), (1,17559), (1,2392), (1,17448), (0,9832), (0,6206), (0,6222)
portento	(1,16296)
corran	(0,5909), (0,5918)
corregidos	(1,33), (4,40), (5,42), (0,42), (2,32), (4,242)
marsella	(4,938), (4,620), (4,607), (4,610)
corregidor	(3,483), (1,12321), (1,12833), (1,2850), (1,2851), (1,2599), (1,12328), (1,2857), (1,12842), (1,12332), (1,2605), (1,12845), (1,18221), (1,12851), (1,2612), (1,18230), (1,12859), (1,12348), (1,12860), (1,2621), (1,12864), (1,12354), (1,12357), (1,12363), (1,844), (1,12880), (1,12369), (1,2643), (1,12371), (1,12372), (3,794), (1,12376), (1,12390), (1,12398), (1,12654), (1,12657), (1,12404), (1,11893), (1,12405), (1,4726), (1,12409), (1,2682), (1,12410), (3,830), (1,12672), (1,2695), (1,12679), (1,12681), (1,2699), (1,12685), (1,2708), (1,12698), (1,2715), (1,18845), (1,2719), (1,2722), (1,18853), (1,2727), (1,2474), (1,18858), (1,2732), (1,18862), (1,18873), (1,18876), (1,2751), (1,18880), (1,2498), (1,2762), (1,11213), (1,11469), (1,2513), (1,18897), (1,2770), (1,12755), (1,12756), (1,2517), (1,11477), (1,12763), (1,2525), (1,2783), (1,10981), (1,12774), (1,2793), (0,1802), (1,2540), (1,2542), (1,10990), (1,2802), (1,12786), (1,12532), (1,2553), (1,18942), (1,12800), (1,2562), (1,12547), (1,12803), (1,2573), (1,12814), (1,12306), (1,2837), (1,12566), (1,12311), (1,12312), (1,12313), (1,12569), (1,12572), (1,12829), (1,11551), (1,12319), (1,12831)
corras	(4,8123), (1,9291)
desmesurado	(2,612)
fracciones	(5,3077), (5,153), (5,2988), (5,2287), (5,3329)
aderezados	(0,8367), (0,4896), (0,9506), (0,2327), (0,4887)
conformaban	(5,4498)
proveyo	(0,7423), (0,7898), (0,6908)
desaconsejarle	(1,4172)
siguieron	(5,4101), (3,1732), (5,5510), (3,1735), (1,8997), (2,7756), (0,8271), (1,13744), (0,8595), (5,2879), (0,4026), (0,731), (3,1727)
rematadamente	(2,4551)
sobreasadas	(4,3533)
torres	(2,545), (2,546), (0,12496), (2,4964), (0,403), (1,10806), (3,1497), (1,2939), (2,4076), (2,5021), (1,3149), (4,2530)
bellisimas	(5,6395)
marecilla	(0,10190)
desahogo	(2,854)
frases	(5,4068), (5,4421), (5,4390), (5,2471), (5,4551), (2,2597), (5,7368), (5,1484), (5,7916), (0,13671), (5,5169), (5,1938), (5,819), (5,6900), (5,4661), (5,4155), (5,1724), (5,3709), (5,1601), (5,6817), (2,2271), (2,6304)
desafian	(2,7096)
pusilanime	(5,306)
guanani	(3,2169)
guayana	(3,2201)
soltado	(2,342), (2,3958), (3,2696), (0,7609)
consultandolo	(0,4994)
apretados	(4,7669), (2,3909), (1,13547), (1,4525)
desamorada	(1,4062)
oregeras	(0,6961), (0,7126)
excelsas	(5,366)
desgraciados	(1,10779), (2,2765), (5,4976)
milita	(3,610)
asomaos	(4,2757), (4,3670), (4,2632), (1,11173)
concierto	(0,12896), (0,3394), (1,18787), (1,14983), (1,13544), (1,3211), (1,12171), (1,16364), (1,16173), (0,1965), (1,2639), (5,7315), (0,271), (0,2738), (0,4466), (2,1782), (0,8212), (0,6102), (1,14744), (1,10105), (0,1469), (1,6239)
hecatombes	(5,3822), (5,4702)
enxambre	(4,1346)
malefica	(5,6946)
viscaya	(3,738), (3,841)
elvira	(4,6178)
desafiar	(1,15066)
solatium	(5,4697)
inconveniente	(0,3999), (5,745), (2,1161), (5,784), (0,3405), (1,4144), (0,3987), (0,3733), (0,3382), (2,4120), (0,8503), (5,7679), (5,5379)
salida	(0,8639), (3,2532), (0,840), (3,1645), (5,5679), (5,6831), (1,6961), (4,4949), (1,17970), (0,13268), (4,8285), (0,10713), (3,1277), (3,2048), (0,862), (0,4190), (5,3780), (0,11999), (3,1418), (5,7502), (0,623), (0,9199), (1,6612), (0,12024), (1,13025), (3,2726), (3,2477), (4,1039), (1,4080), (4,6163), (0,13327), (4,8600), (1,2806), (3,958), (0,13469), (0,13087), (0,12065), (0,3751), (3,2507), (1,13194), (0,5802), (1,1806), (0,11823), (1,2833), (5,5013), (0,5683), (0,698), (0,4027), (0,12987), (5,673)
salido	(5,804), (4,4355), (5,5157), (1,7393), (2,4868), (0,10818), (5,6697), (2,328), (1,2407), (3,1514), (2,5834), (3,492), (1,2026), (1,12078), (2,4881), (0,7887), (0,7953), (0,12114), (3,758), (5,7226), (1,15222), (0,10647), (1,3003), (1,17920), (1,12545), (3,776), (1,13382), (1,14854), (5,2251), (4,4650), (2,3113), (3,908), (2,3755), (0,1194), (3,2318), (3,403), (3,1363), (0,436), (1,11990), (1,15062), (1,2457), (3,540), (1,16026), (1,15260)
invictisima	(0,1023)
tenazmente	(2,2610), (5,1383), (5,5143), (5,2701), (5,686)
callamos	(2,2394), (1,1629)
paulinas	(1,4909)
criaturas	(4,7076), (1,17636), (2,3142), (1,15703), (1,17883)
ayudasen	(1,18887), (1,4346), (0,8972), (0,2477), (0,8158)
zabordamos	(0,10275), (0,10572)
malefico	(2,4012)
pueblo	(0,10306), (4,6614), (0,6739), (5,5561), (2,5145), (0,7256), (0,7259), (2,4640), (5,5572), (2,550), (5,981), (2,1079), (5,3547), (2,7231), (0,7296), (0,7297), (2,7236), (2,1098), (0,7307), (1,4719), (0,10387), (0,6810), (0,8858), (0,8859), (0,7327), (5,3083), (0,12966), (2,6254), (0,173), (0,8366), (2,6769), (2,7793), (0,6832), (5,2582), (2,6773), (0,8884), (0,7349), (2,6776), (0,6326), (2,121), (5,1052), (0,9911), (0,9913), (0,8894), (0,6337), (2,6788), (1,12966), (0,6343), (5,1581), (2,5258), (5,1582), (3,621), (2,2701), (0,7372), (0,7885), (2,146), (0,10450), (0,6868), (0,6869), (0,10453), (5,1605), (2,2210), (0,7904), (0,6881), (2,167), (0,9958), (2,6826), (5,2126), (2,2223), (0,6895), (2,1203), (0,6901), (3,2202), (0,6391), (0,10488), (0,10490), (5,1121), (2,5311), (0,8445), (2,2242), (0,10506), (0,10508), (3,2737), (2,6354), (1,13554), (2,6356), (1,13557), (2,6359), (0,6934), (0,7450), (4,162), (2,2786), (0,10529), (2,2788), (0,8484), (0,10535), (3,203), (1,1801), (2,6892), (0,10542), (2,6897), (0,12593), (5,1688), (4,8887), (2,6902), (0,10548), (2,6907), (0,7998), (0,7999), (0,12614), (5,1204), (2,6931), (1,13106), (2,6939), (5,3264), (2,4384), (0,12638), (2,2338), (1,4418), (0,7009), (2,4393), (0,7015), (1,13640), (2,299), (1,13130), (4,8432), (5,1748), (0,1392), (0,7026), (0,10610), (5,4824), (2,1849), (2,2362), (2,7482), (2,7484), (0,7040), (2,6469), (5,1261), (1,2409), (2,5451), (0,8588), (0,8590), (0,8592), (5,2809), (0,8599), (1,17786), (2,860), (0,7069), (2,4960), (2,6496), (0,10654), (2,865), (2,6497), (5,1798), (0,10657), (0,8610), (2,869), (0,7078), (0,10663), (2,6507), (1,13708), (2,6510), (3,848), (5,2837), (0,10674), (1,2452), (0,10676), (1,2458), (0,10683), (0,8639), (5,5925), (0,10693), (0,10695), (0,8650), (0,10188), (0,10700), (0,10191), (0,10192), (0,10704), (0,8659), (0,10707), (0,8661), (0,10709), (2,6040), (0,8666), (0,10716), (2,418), (0,8162), (2,422), (0,8679), (2,428), (4,5998), (0,10730), (0,8171), (0,10732), (5,1877), (0,7152), (2,5555), (2,7092), (2,7094), (1,17367), (5,1887), (0,6650), (0,6651), (2,7102), (1,2014), (0,8701), (2,5569), (0,8703), (5,5477), (0,7680), (2,5572), (0,10756), (2,7112), (5,1900), (2,970), (0,6670), (2,5588), (2,470), (3,439), (0,10772), (5,1918), (3,446), (3,1473), (2,2528), (1,6657), (2,483), (3,455), (0,10277), (1,17416), (0,12841), (0,12843), (0,10285), (0,12845), (4,8628), (0,8760), (2,512)
recivido	(0,11747), (0,5478), (0,5368), (0,1737)
tarifeno	(0,12271), (0,395), (0,2174)
constabale	(0,778)
llevamos	(2,1427), (1,10941), (4,7729), (0,5869), (0,10173)
pueble	(0,3674), (0,5691)
inerte	(5,3271)
considero	(5,7236), (1,12592), (5,7879), (4,7895), (1,11321), (5,6990), (1,13532)
clarin	(5,1022)
sacole	(2,5004), (1,17899), (1,15292)
considera	(1,7328), (5,5221), (2,6087), (5,1101), (1,17069), (5,6167), (1,17811), (3,630), (3,311), (1,3382), (3,1945), (5,92), (5,3229)
quella	(5,4400)
servitore	(4,7158)
considere	(1,18258), (1,10243), (1,18115), (2,454), (2,6470)
proponerle	(5,2126)
verosimiles	(2,2052), (2,6652)
cuidadosamente	(5,6200), (5,7913), (5,715), (2,7593), (5,1933), (5,319), (5,6771)
sultan	(1,3454)
rajas	(1,11767)
maldecirse	(1,5328)
lidia	(4,7337)
