rueda	(1,16544), (0,385), (0,12417), (0,2050), (0,2083), (1,11588), (1,17830), (1,18508), (1,17069), (1,8623), (1,400), (2,657), (4,6131), (1,8312), (5,3422), (1,8605), (1,8222)
soberanas	(5,5560), (3,2457), (3,2814), (3,3008)
ocidentales	(4,2931)
rapina	(4,1204), (1,16355), (1,486), (4,5689), (1,1625), (4,7713)
ardorosa	(5,732)
juniocebucarta	(0,9339)
guete	(4,3507), (0,9570), (0,10405), (0,10172), (0,10238)
opus	(5,8540), (5,6641), (5,6657), (5,6546)
olmedo	(5,6230), (5,6936), (5,6233), (5,6458), (5,8538), (5,6203), (5,7150), (5,6305), (5,6243), (5,7155)
entretenedla	(1,2500)
braseros	(4,2161)
oireis	(1,9600), (4,775), (2,103), (1,9910), (1,13494)
expuesta	(5,204)
caciqueno	(3,2743)
colas	(1,16908), (1,16910)
xlixcomo	(4,8809)
apostrofes	(2,6304)
colar	(1,5378), (1,6054), (1,6078), (1,5375), (1,5391)
envalentono	(5,1592)
encajados	(1,12512)
permiso	(5,6737), (5,7057), (5,7073), (2,3631)
ardoroso	(5,4272)
equivocaciones	(3,2429), (5,7937)
creedme	(1,6708)
aguilarico	(4,1020), (4,8668), (4,1022), (4,1055)
bageles	(3,2941)
dictador	(5,4619), (5,5391), (5,7458)
colada	(1,4922), (4,4114)
expuesto	(3,2531), (3,2374), (3,1912), (3,2381), (5,4655), (2,1229), (0,13211), (3,209)
colmadamente	(3,640)
capitulaciones	(0,147), (0,11863), (0,1035), (0,1310)
imitarle	(3,202)
permite	(2,357), (2,102), (2,3654), (5,6412), (1,17644), (2,384)
verificar	(0,10001), (3,2923), (0,329), (3,2540)
fardo	(0,6582), (0,6430)
imitarla	(5,7897)
permita	(0,5416), (0,2334), (1,9791)
preguntardes	(0,2189)
bronze	(0,7523), (0,3716), (0,7493)
dadmele	(1,775)
farem	(4,1098)
faldones	(2,6945), (2,5394), (2,553)
sanctiestevan	(0,400), (0,499), (0,485), (0,508)
asamblea	(5,3172), (2,4930), (2,7364), (2,2119), (2,6599), (2,5386), (2,5323), (5,2159), (2,5324), (2,5388), (2,5391), (2,5652), (5,2560), (2,7070), (2,6303), (2,5600), (2,5218), (2,5538), (2,5347), (2,6631), (2,6312), (5,850), (2,4975), (2,5295), (2,2224), (2,5363), (2,6836), (2,6327), (2,5562), (2,6331)
permito	(5,7166)
rancho	(1,1570), (1,8226), (1,1747), (1,1780), (1,1941), (1,1526), (1,296), (1,1530), (1,1726), (1,17791)
returns	(0,13888), (3,3190), (1,19143), (2,8219), (4,9070), (5,9042)
derramaran	(1,3036)
considerarse	(5,5195), (0,814)
inadvertidamente	(3,494)
despojados	(3,2869), (1,13363)
enflaquece	(2,1274)
pretextando	(2,1092), (2,5638)
canutos	(0,8242)
repentina	(1,5808), (2,7924), (2,3464), (5,7297)
especiosa	(5,5031)
brevisimos	(5,4868)
exquisito	(5,1084)
democratismo	(2,504)
redoma	(2,2342), (1,8201)
galbano	(4,3312)
hayamos	(2,4609), (0,1379), (2,1851)
jubilo	(5,2621), (0,489), (5,4462), (1,9354), (0,490), (1,15679)
pernambuco	(3,2289)
rituales	(2,2071)
mudaos	(4,4547)
voluto	(4,7218)
rancio	(2,259), (2,1214)
repentino	(5,2904), (1,5803), (2,6799), (2,5856)
debiamos	(4,7573), (4,7589), (2,6506), (4,7585)
obligaban	(1,15960), (1,13724)
larabo	(5,4411)
procedidos	(3,1967)
catarata	(5,7202)
acercarlo	(5,3909)
arrojasen	(1,16672), (1,4241)
plegaria	(1,4133)
venalidad	(2,6857), (2,1147)
arcabuces	(0,4335), (0,4447), (0,11890), (0,5220), (0,4357), (0,4457), (0,333), (0,4285)
indignados	(1,17053)
fernanperez	(5,7583)
barraganes	(1,4044)
debates	(5,5926), (5,396), (5,2156), (5,2174), (5,209), (5,2163), (5,3203)
desafios	(1,2193)
tristicia	(4,7098)
caminamos	(0,10342), (0,10605)
preguntaron	(1,5123), (1,14851), (1,9013), (1,5370), (1,7914), (1,8139), (1,15307), (1,3516), (0,8189), (1,9886)
amezaga	(2,7377), (2,7425), (2,7441), (2,7889), (2,7381), (2,7399), (2,7387), (2,7437), (2,7391)
organizada	(5,120), (5,3720), (5,3457)
descuido	(0,6975), (1,9218), (1,9830), (0,4582), (1,9831), (0,4455), (1,13512), (1,7501), (1,17485), (2,6065), (0,7023), (1,10545), (1,18354), (1,15220), (0,6614), (0,6071), (1,16504), (1,1787), (3,574), (0,2204), (0,6622)
zebratanas	(0,7543)
deparoles	(1,18316)
destruccion	(5,3428), (5,2870), (3,2692), (3,2836), (5,5606)
bordo	(0,6335), (0,8191), (0,6336), (0,6465), (0,9921), (0,10632), (3,2348), (0,7246), (0,6544), (1,6516), (5,441), (0,2580), (0,6548), (0,13396), (0,6165), (0,6422), (0,6742), (0,6553), (0,9818), (0,6619), (0,6428), (0,6492), (0,13084), (0,7581), (0,10462), (0,6560), (0,6625), (0,6500), (0,362), (0,7532), (0,685), (0,7533), (0,10477), (0,6577), (0,9907), (0,10803), (0,6581), (0,4920), (0,6457), (0,10682), (0,6331), (0,7931), (0,8443), (0,6140), (0,9982)
fortalecidos	(3,1774)
mostrador	(2,4420)
descuida	(2,3027)
decijelo	(4,3793)
legitimidad	(5,3092), (3,2903), (5,5136)
vencedor	(5,3527), (1,17045), (5,3374), (5,3311)
inclinarse	(2,3553), (1,14934)
acatamiento	(0,2864), (5,3534), (0,1770)
caballerosidad	(2,6690)
ebooks	(3,3364), (2,8387), (0,14081), (0,14082), (3,3047), (2,8390), (3,3048), (2,8393), (3,3372), (3,3373), (2,8076), (2,8077), (1,19311), (2,8401), (2,8402), (1,19314), (1,19317), (5,9210), (1,19000), (5,9213), (1,19001), (4,8926), (5,9216), (1,19325), (4,9249), (1,19326), (5,8899), (4,8931), (5,8900), (4,9252), (4,9255), (5,9224), (5,9225), (4,9264), (4,9265), (0,13742), (0,13747), (0,14067), (0,14070), (0,14073), (3,3358), (3,3361)
ruego	(4,5828), (2,2179), (4,8517), (3,614), (1,13925), (1,4006), (0,6661), (1,13167), (1,14255), (1,2929), (0,9360), (1,4466), (0,1747), (1,8756), (4,7129), (0,3162), (0,667), (0,2781), (1,5443), (1,13637), (1,18567), (4,8495), (4,4913), (1,3987), (1,5530), (4,8381), (1,3741)
preguntarle	(1,13200), (1,10850), (1,17575), (1,11033), (1,12282), (1,12970), (1,1900), (1,3660)
diferian	(0,6289), (0,6085), (0,6109)
fortificaron	(4,6193)
borde	(1,6577), (2,7906), (5,5528), (5,650), (5,3148), (2,5610)
ruega	(4,5445), (4,6389), (4,7125), (4,2135)
lombarda	(5,4422), (4,2390), (4,3803), (4,2396), (4,7872)
exquisita	(5,4658)
explicarlas	(2,2413)
sortijas	(1,15785)
ignorante	(4,7187), (1,16163), (1,8134), (1,17767), (1,10072), (2,1850), (2,763), (5,2654), (1,2779)
ayudarme	(2,7363)
volume	(5,1355)
magnanimo	(1,18147), (2,5400), (1,6571)
organizado	(5,1574), (2,453), (5,286), (5,1230)
viesedes	(4,3535), (1,1039)
queriamos	(4,7235), (0,10210), (0,7203), (0,7331), (0,10451), (0,10564), (0,10537), (0,7085), (0,10301), (0,10478)
preguntarme	(1,17635), (1,13079), (2,4874), (1,8633), (1,8798)
elasticidad	(5,5984)
escueto	(1,4609)
ayudarlo	(5,3883)
bayona	(0,13455), (0,12189)
catonismo	(2,555)
intercedera	(2,7827)
literarios	(5,6175), (5,8544), (5,3635)
abrid	(1,15375)
crucifijo	(1,8848), (1,9121), (1,8932), (0,2116), (1,7350), (1,8891), (1,9099), (1,5389), (1,9085), (1,9342)
vocales	(3,1407)
abria	(2,2677), (1,16932), (1,5638), (2,4299), (2,6078)
recitaba	(5,4406), (5,4088)
faranduras	(4,2106)
abril	(3,2307), (5,7494), (5,7239), (0,1443), (3,2504), (0,13351), (0,4200), (0,13001), (3,2510), (0,3179), (3,1842), (0,945), (0,8401), (0,12983), (0,3482), (2,4892), (3,2526), (3,1855), (0,8444), (0,8733)
abrio	(1,14561), (0,9607), (2,7434), (0,9609), (1,13227), (1,620), (5,5168), (1,9837), (2,3280), (1,10225), (2,3540), (2,982), (1,10933), (1,5494), (2,2075), (0,731), (2,6176), (5,2693), (1,13889), (5,1546), (2,3177), (1,11465), (1,11402), (5,5711), (1,10187), (5,3728), (1,4877), (1,13005), (2,1967), (2,7601), (1,9876), (4,2361), (1,6488), (5,4189), (4,7806), (2,7932), (1,16221)
ayudarla	(5,3065)
deudor	(2,1059)
envidia	(4,5956), (2,5378), (1,18657), (1,18116), (3,2279), (2,5608), (1,17257), (1,462), (1,3024), (4,5813), (4,8151), (1,17524), (2,4984), (1,7223), (1,1753), (3,2907), (1,1754), (4,4733), (1,8283), (1,17371), (1,6813), (5,7329), (1,4062)
intercedere	(2,7824)
bisono	(4,6368), (4,1842)
deudos	(1,3045), (0,3546)
abrir	(3,548), (4,2725), (4,4293), (1,8834), (1,5637), (1,9670), (0,134), (4,3468), (5,1202), (1,10190), (1,18480), (5,2136), (0,5459), (5,121), (2,1399), (1,8854), (5,2556), (5,1246), (3,2940), (4,7837), (2,2399), (3,2976), (1,9822)
efeto	(4,6915), (1,10017), (1,3752), (0,1994), (1,14699), (1,14258), (1,10163), (1,13684), (1,11192), (1,185), (1,3577), (1,15546), (1,15490), (1,17602), (1,17667), (1,17157), (1,14343), (1,3531), (1,18060), (1,15120), (1,17938), (1,10451), (1,15573), (1,5847), (0,7736), (0,7417)
lingar	(4,2417)
apagandose	(2,3988)
cosmograficos	(0,13613)
quiteis	(0,2257), (4,5803)
visiten	(0,2271), (1,4722)
conchabo	(3,1971), (3,1821)
devantal	(1,11655)
ruedo	(1,262), (1,16090)
adevino	(1,1300)
vergonzosos	(1,8648)
canastas	(4,1465)
balija	(1,4786), (4,2857), (1,10950), (4,2798), (4,2800)
malicias	(1,17865), (4,8365)
efeso	(5,793)
saquillo	(2,2430)
copyright	(3,3049), (1,18986), (1,18987), (1,18989), (5,8885), (5,8886), (4,8919), (5,8888), (4,8921), (1,19002), (5,8901), (0,13920), (0,13921), (0,13925), (3,3091), (3,3094), (2,8252), (2,8253), (3,3362), (2,8257), (3,3107), (3,3363), (3,3108), (1,19044), (1,19047), (3,3114), (5,8943), (4,8975), (5,8946), (1,19315), (1,19060), (1,19316), (1,19061), (5,9214), (4,8990), (5,8959), (5,9215), (1,19067), (4,8991), (5,8960), (3,3135), (3,3137), (4,8997), (5,8966), (4,9254), (0,13734), (3,3146), (0,13735), (3,3148), (0,13737), (3,3150), (1,19088), (1,19090), (4,9016), (0,13748), (5,8987), (5,8989), (1,19099), (2,8062), (1,19101), (2,8063), (4,9026), (1,19103), (2,8065), (4,9028), (5,8998), (4,9030), (5,9000), (5,9002), (2,8078), (0,13789), (0,13792), (0,13805), (0,13806), (3,3223), (0,13812), (3,3224), (2,8120), (0,14071), (0,14072), (3,3228), (2,8123), (2,8391), (2,8136), (2,8392), (2,8137), (1,19176), (1,19177), (4,9101), (0,13833), (0,13835), (1,19181), (2,8143), (4,9106), (5,9075), (5,9076), (5,9080), (0,13844), (0,13846), (0,13848), (2,8164), (2,8166), (2,8175), (2,8177), (2,8179), (3,3033), (3,3034), (3,3036)
puntualidad	(1,7648), (1,2725), (1,5242), (1,5595), (3,1950), (1,1534)
consideraria	(5,7077), (5,5915)
metales	(3,355), (0,1120), (3,1123), (3,325), (3,1125), (3,2189), (1,18161), (3,1111), (0,13044), (3,1113), (0,1206), (3,91), (3,1150), (3,1056)
insurrecto	(2,6307)
moran	(4,6138)
desenvaino	(1,16976)
tenderla	(1,5382)
guela	(1,5679)
tenderle	(5,3832)
moral	(5,4516), (2,3141), (5,490), (5,1068), (2,1290), (2,1806), (5,6771), (5,7412), (5,2231), (2,6165), (5,3838), (5,1153), (5,4929), (5,4039), (5,4104), (5,4361), (5,4430), (5,1424), (5,2577), (5,786), (5,1753), (5,3099), (5,4124), (5,4128), (5,1249), (5,2019), (5,2211)
corsos	(1,3235)
rancon	(3,1673)
envolverse	(5,2313)
sobrepujaba	(4,566), (4,441)
pluguiese	(1,11299), (1,9996)
secretarias	(2,140)
merecello	(1,9991)
divisar	(5,7110), (5,1646)
desempenaron	(5,4037)
divisan	(3,2050), (3,1500)
restaurar	(3,565), (5,604)
sensualista	(5,4267)
maricastana	(1,16181), (4,5186)
merecella	(0,1022)
xarque	(3,657)
erudicion	(5,6789), (5,5864), (5,731), (5,6123), (5,7771), (5,782), (5,4767)
atraillado	(1,11490), (1,16921)
atacaron	(2,1108)
arrastran	(4,6573)
despensa	(4,1484), (4,3041)
reedificacion	(3,2904), (3,2875), (3,2862), (3,2895)
almotacen	(4,5638)
separacion	(5,3477), (5,3382), (2,2792), (0,375), (2,4410), (2,2797), (0,844), (5,4482)
atacarlo	(5,6197)
against	(2,8370), (0,14050), (5,9193), (3,3341), (4,9230), (1,19294)
califique	(2,1158), (1,8695), (3,2154)
pastora	(1,8420), (1,16534)
imprimireis	(1,9739)
atrincheraron	(5,2784)
venilla	(4,3158)
grotescos	(2,3184)
canamazo	(0,9804)
manucio	(5,6716), (5,8451)
abren	(5,4868), (2,1571), (0,108)
embien	(0,4066), (0,5155), (0,3108), (0,1893), (0,5381), (0,1832), (0,3753), (0,1804)
pasandole	(2,7145)
ayudaros	(1,13456), (1,13185)
forzarlos	(5,3867)
invocadas	(5,762)
soberania	(2,4386), (2,2787), (2,2228), (5,2119), (3,567), (5,2106), (2,312), (5,3483), (2,348)
morbo	(5,4178)
ayudaron	(5,3274)
callando	(4,4870), (1,710), (4,5709), (1,15372), (4,8785), (1,14064), (4,2388), (1,2961), (1,10548), (1,10297), (1,13529), (1,11835), (1,6015)
visitar	(1,16000), (1,17154), (0,2452), (1,3702), (4,8617), (0,7253), (1,17159), (0,855), (5,5357), (0,2314), (5,1297), (5,5985)
instrumentos	(1,16482), (5,3623), (1,9828), (5,1609), (1,9835), (1,6028), (1,18385), (1,4821), (1,9749), (1,17879), (1,6141), (3,97), (1,11231)
visitas	(2,4593), (5,3830)
fuemos	(0,929)
morar	(1,4804), (4,384)
moras	(4,2179), (1,3778), (1,9666), (4,6879)
infirmorum	(4,178), (4,8370)
benditos	(1,18374), (1,15115), (1,16782)
romanescas	(4,2455), (4,3015)
gustaron	(1,16800), (1,13112), (0,9965)
remito	(0,1657)
eclesiasticas	(0,1352), (5,6704)
arquitectura	(2,138), (2,1709), (2,4157), (2,2254)
remite	(0,4416), (0,4339), (0,379)
derramaron	(2,780)
exercicio	(4,6578)
vindicta	(5,2795)
contracambio	(1,10994)
perdona	(4,7443), (2,7393), (1,1041), (2,6482), (4,3402), (2,2954), (2,2205), (4,3393)
perdone	(4,4163), (4,5012), (2,4674), (4,6452), (1,3732), (1,11528), (2,394), (1,15753), (2,2811), (1,10315), (4,8306), (1,6879)
alejan	(2,7790), (2,7792)
embestille	(0,10504)
pasandose	(1,3392), (2,3801), (0,459)
prodigios	(5,1845), (2,3145)
puras	(5,1124), (1,13113), (1,11804), (5,4946)
perdono	(4,4166), (1,8772), (2,3928), (1,18125)
amoldarse	(5,2226)
asegurarlos	(0,7691)
confirmara	(2,3613)
dictadas	(5,855)
mudase	(1,13264), (3,2709), (0,5634), (1,6435), (1,14119), (1,17803)
sancionaba	(5,156), (5,1788)
dechado	(5,4368), (4,338)
saetas	(4,7091), (5,4028)
restauren	(0,4947)
aplasto	(2,7632)
atacarla	(5,7674)
importandole	(5,3766)
sombrero	(1,14560), (1,15787), (1,14188), (1,941), (1,14575), (1,14577), (1,15922), (3,1336), (1,14585), (1,18745), (1,14587), (1,4606), (1,14590), (1,13762), (1,14467), (1,14468), (1,14597), (1,15047), (1,14473), (0,8619), (1,14476), (1,14606), (3,2321), (1,5135), (3,2388), (1,14612), (1,6677), (3,152), (1,14425), (1,14554), (4,1342), (1,5851), (1,14620)
axiomatico	(2,5461)
anticuarios	(2,7432)
aborrecibles	(2,4150), (2,4151)
franklin	(5,8229), (5,1030), (5,601), (5,4446)
populachera	(2,2340)
sevillanas	(4,1566)
vigente	(5,2869), (5,7238), (5,2191), (5,3535), (5,1536)
desarrugar	(5,5593), (5,433)
redimir	(0,3219)
paxes	(0,9549)
centopies	(1,5391)
citados	(5,7445), (5,5542), (3,1610), (5,6716), (5,2466)
cervantes	(1,67), (1,148), (5,6008), (5,8105), (1,118), (5,796), (5,7597), (5,7854), (5,6864), (1,14), (5,4418)
abran	(0,12054), (0,9096)
douglas	(5,2341), (5,2469), (5,2087), (5,3113), (5,1838), (5,3249), (5,691), (5,2101), (5,3125), (5,3126), (5,2999), (5,698), (5,3133), (5,2110), (5,2240), (5,2243), (5,3396), (5,3398), (5,1869), (5,1358), (5,1872), (5,3024), (5,3152), (5,3026), (5,852), (5,7252), (5,3037), (5,2142), (5,8158), (5,1375), (5,2144), (5,610), (5,3048), (5,1897), (5,1388), (5,1902), (5,2161), (5,1395), (5,2677), (5,633), (5,2170), (5,8827), (5,1920), (5,3329), (5,2179), (5,8836), (5,2185), (5,1034), (5,3213), (5,2065), (5,2451), (5,788), (5,2196), (5,1174), (5,791), (5,2202), (5,800), (5,2082), (5,3362), (5,1443)
embian	(0,8207), (0,9170), (0,1963)
sorprendio	(5,5209), (2,3703)
patriotismo	(2,5300), (5,7127), (2,5445), (2,168), (5,432), (5,3744), (5,6896)
mandiles	(2,2747)
caramillo	(4,5674), (1,16535), (4,7771)
discursazo	(2,1708)
bultos	(1,7810)
esmeraldas	(1,8144), (1,10324), (1,733)
dexasen	(0,10740)
abras	(4,3682)
embiar	(0,8991), (0,1728), (0,3072), (0,1825), (0,3105), (0,1827), (0,6887), (0,8327), (0,3560), (0,8329), (0,1642), (0,3114), (0,3116), (0,3756), (0,6893), (0,1842), (0,1812), (0,7892), (0,1114), (0,3098), (0,3706), (0,3708), (0,10684), (0,3070)
vislumbres	(1,9234), (2,361)
pabellon	(4,7667), (4,7673), (1,2905), (1,3449)
sorprendia	(3,243), (2,4074)
emmendaron	(0,6099)
juradas	(3,179)
detenidas	(3,1851), (2,4813)
remita	(3,2527), (3,2352)
bastardos	(1,8493)
retraernos	(0,10548)
inconciliable	(5,3217)
palmadas	(2,820), (2,424), (1,17980)
cerner	(4,7111), (4,4300)
nicolete	(4,7767), (4,7769), (4,7771), (4,7806)
circulares	(2,2751)
efectua	(1,6240)
efectue	(3,659)
militante	(5,2096)
renegando	(0,8273)
traydores	(0,4551)
gallo	(4,6181), (1,11300), (4,2408), (2,6438), (4,2417), (4,1875), (1,16182), (4,1978), (4,4380), (0,6776), (4,8221), (4,7070), (4,2432), (2,6334)
efectuo	(0,6052)
cebollas	(4,5860), (4,8790), (4,5873)
caprichos	(5,7450)
alivio	(1,16833), (1,8132), (1,8789), (1,3335), (5,5981), (1,2970), (1,14315), (1,15516), (2,3039), (5,4162), (2,6159)
arrojarse	(1,8833), (1,15666), (1,8844), (2,3984)
pensaban	(1,6530), (1,6517), (1,7113), (1,2172), (1,3884), (1,7597), (1,14206)
regalada	(1,16680), (5,6047), (1,12846)
algarroba	(3,1017), (3,1020)
escondereis	(0,1682)
sirviente	(2,1540), (2,1577), (2,1583)
comentados	(5,5618)
molletes	(1,16811)
preguntaras	(1,17661)
senoren	(0,2444)
senoreo	(4,6418)
inseguro	(5,5520)
trovadores	(2,4088)
senores	(1,7457), (1,14626), (4,2504), (1,12581), (4,2763), (4,5067), (4,5579), (2,778), (4,4300), (1,15404), (4,2768), (1,14637), (1,2095), (4,8146), (0,4943), (4,5588), (1,18483), (2,6935), (2,793), (1,2619), (2,6942), (4,742), (5,4812), (1,7752), (1,1610), (1,1866), (0,5739), (1,2127), (1,4687), (4,7412), (4,1015), (4,1530), (4,3578), (4,3582), (1,2652), (1,14684), (0,7804), (2,5187), (2,6979), (0,5508), (1,4966), (0,5512), (2,6474), (1,14697), (1,4970), (1,2155), (2,6989), (1,7279), (1,4976), (2,6994), (1,4466), (1,8306), (1,13426), (1,1396), (1,5236), (1,889), (1,8058), (1,10618), (1,4475), (1,14718), (2,6496), (4,2086), (4,2087), (1,10628), (1,1669), (0,9383), (2,5228), (2,5484), (2,109), (1,16269), (2,5231), (1,18319), (1,1680), (2,5237), (1,10649), (2,5501), (1,12445), (2,5249), (2,5505), (4,8259), (2,2693), (1,7588), (4,7753), (4,7247), (2,6541), (1,4526), (1,8622), (2,145), (2,6545), (1,1717), (4,6744), (1,16821), (1,15030), (1,17591), (1,15033), (1,10683), (2,2464), (2,6560), (4,3171), (1,15300), (2,2215), (4,5482), (1,5063), (1,18375), (1,7371), (2,5293), (4,7794), (2,5297), (1,721), (2,2741), (1,15065), (2,187), (1,5338), (0,4858), (2,2753), (1,10976), (2,6851), (1,2531), (4,8582), (1,15588), (2,6599), (0,6917), (1,14310), (1,2796), (1,16620), (4,7568), (2,6863), (2,2512), (1,2547), (0,2578), (4,2711), (5,2169), (1,2550), (1,7671), (2,2777), (3,2746), (4,2717), (2,6876), (1,12540), (2,6366), (4,929), (4,2722), (2,5344), (0,7198), (0,2081), (4,2727), (2,2791), (4,4012), (1,18186), (1,2830), (2,1776), (2,2804), (4,3510), (0,4659), (1,7445), (1,15126), (4,7610), (4,7612), (1,7453), (1,14878), (1,14879)
siguiesen	(1,14980), (0,6952), (1,8877)
cenaba	(1,12967), (1,12974)
regalaba	(1,6128)
cuidando	(2,7591), (5,4075), (3,2431)
brooks	(5,967), (5,905), (5,891), (5,926), (5,942), (5,8049)
senorel	(0,703)
dictaba	(5,4110)
arremangue	(4,5614)
prevaricacion	(3,96)
quizas	(5,2148), (5,7460), (5,2469), (5,6438), (2,6020), (5,745), (2,5830), (2,456), (2,2698), (2,6987), (2,2700), (5,6767), (2,1229), (5,5232), (3,752), (5,2802), (2,2704), (5,7539), (5,7925), (5,632), (3,695), (2,6678), (2,6742), (2,7127), (5,7290), (5,1851), (5,3773), (5,5438), (5,6463), (2,4065), (2,7202), (5,7048), (5,2828), (2,2475), (5,6734), (5,721), (5,6481), (2,3762), (5,4949), (5,5205), (2,6706), (2,5114), (5,5086), (2,3328)
intentar	(1,9649), (1,6934), (1,6169), (5,7549), (0,843)
vientos	(0,4831), (1,8960), (0,5728), (0,451), (1,4390), (5,6365), (0,8441), (2,5166), (1,7310), (1,10990), (0,11021)
causaron	(1,16515), (5,6073), (1,14232)
alzaste	(1,17558)
bastecidos	(0,1718), (0,1064)
soslayo	(1,1644)
estorba	(2,7009), (2,4121)
heroe	(2,610), (5,7397), (5,1496), (5,1289), (5,5737), (5,5354), (2,2793), (5,7453), (5,2799), (5,5743), (2,798), (5,7378)
conjugacion	(5,6162)
perdello	(4,6478)
atacado	(5,485), (5,6088), (2,6155)
numero	(5,1829), (5,6312), (0,13379), (3,2535), (3,1897), (5,3499), (3,2539), (1,15273), (1,17833), (5,6574), (1,17963), (0,205), (3,2928), (3,119), (3,1271), (3,120), (3,1402), (5,6206), (5,1217), (5,1473), (5,7490), (3,644), (5,1350), (5,2631), (1,7235), (5,2120), (5,3784), (5,1741), (5,6478), (3,2832), (5,3539), (5,4564), (3,1811), (5,2773), (3,1044), (1,9044), (0,373), (5,4571), (3,1434), (5,3292), (0,888), (2,4924), (5,7007), (3,1054), (5,7907), (0,2304), (0,4480), (0,8449), (5,3050), (2,4935), (3,2474), (3,1068), (5,6254), (0,779), (5,5107), (5,7283), (1,4337), (0,402), (1,8566), (3,1344), (0,4382), (5,6147), (5,6659), (5,260), (1,7299), (3,326), (5,1418), (5,269), (0,8491), (1,397), (0,688), (0,9137), (5,919), (1,8083), (1,8084), (0,13107), (1,16277), (1,7833), (5,3870), (0,4409), (2,6011), (1,10778), (5,671), (5,4771)
estorbe	(2,370), (2,106)
estrategica	(5,2474)
animalejo	(1,18257)
entibiaba	(2,993)
grabado	(3,2403), (2,5155), (1,3853), (5,4371)
joaquin	(3,2502), (3,1865), (3,2537), (3,2571), (3,2476), (3,2636), (3,2445), (5,7855), (3,2510), (3,2031), (3,2544), (3,2515), (3,2453), (3,2423), (3,2425), (3,2524), (3,2142), (3,2494), (3,2145), (3,2273), (3,2593)
literal	(5,3926), (1,17839)
cenado	(4,2864)
tiburon	(2,2341)
permitted	(0,13967), (1,19264), (2,8340), (3,3270), (4,9192), (5,9163), (1,19223), (4,9147), (2,8299), (0,14011), (3,3311), (5,9122)
soberanos	(5,6596), (3,2902), (3,2775), (5,3481), (5,6570), (2,1645), (2,2381)
occidentale	(4,194)
ribadavia	(1,17414), (1,7758)
pacheco	(0,9060), (0,12420), (0,12422), (1,18487), (5,6636), (0,7448), (1,18570), (5,8559), (1,18558), (1,18495)
rudos	(5,6060), (5,353)
rasgandola	(1,5740)
dexamelo	(4,3691)
estorbo	(4,7095), (2,3319), (1,3659), (5,993)
herna	(0,12473)
farsante	(1,18082), (2,1860), (2,2788), (2,3942)
impuesta	(5,1325), (5,161), (5,5937)
presuntuosos	(1,8430)
farsanta	(1,8422)
inviaredes	(0,4931), (0,4748)
reconocemos	(2,1575)
farsa	(2,7283), (2,7875), (2,3924), (2,3317), (1,8404), (2,2778)
riscos	(3,1764), (1,1636), (3,1720), (1,4398)
entristecieron	(1,6466), (1,15609)
parecieren	(0,1712), (0,1954)
ponsela	(4,3254)
principe	(0,13121), (1,18146), (0,2627), (1,18789), (1,15531), (5,5744), (1,18157), (0,4881), (0,5009), (0,1364), (0,4885), (2,1691), (5,5822), (1,1916), (2,3934), (1,11328), (0,7776), (1,8838), (1,17351), (1,8394), (5,5775), (1,16717), (0,493), (2,1201), (5,6164), (5,7892), (0,4849), (0,2998), (1,8023), (1,10775), (1,15831), (1,89), (3,2205), (0,7802), (1,6814)
impuesto	(2,2039), (5,7578), (5,507), (5,3996), (5,5150)
renegar	(4,3352), (5,6877), (5,350)
revellines	(3,1900)
clasificada	(5,7841)
dadoles	(1,3359)
literarias	(5,4548), (5,6388), (2,5427), (2,6390), (5,4491), (2,6957), (5,4354), (5,7826)
grabada	(2,6004), (2,3165)
desprendian	(5,3477)
vientre	(4,6676), (1,11816), (4,3404), (1,17771), (1,6781)
colmo	(2,2197), (5,5489)
vergonzosas	(0,6400)
infelicidad	(1,17351)
cintillos	(1,15875), (1,16054), (1,16047)
research	(0,13920), (0,13746), (3,3046), (3,3223), (1,18999), (1,19176), (2,8075), (4,9101), (2,8252), (5,8898), (4,8930), (5,9075)
subcedio	(0,6977), (0,6263)
existiesen	(5,7119)
cursaban	(1,14303), (1,16287)
cambridge	(5,7226)
veinticuatros	(1,9697)
sencillez	(2,3079), (2,2862)
siervas	(4,5987), (4,594), (4,4738)
bojaron	(0,8382)
ignorando	(4,229), (2,605)
senoria	(0,2369), (4,5069), (4,5077), (0,2002), (0,2004), (0,2005), (0,2006), (4,3674), (4,5082), (4,3676), (4,5084), (0,9049), (0,2010), (0,2012), (4,3681), (0,2017), (4,5093), (4,4070), (0,2020), (1,7493), (0,7783), (4,7664), (4,4978), (4,7794), (4,4983), (4,4984), (4,8699), (4,7679), (4,4992), (4,3843), (0,7936), (3,426), (4,2828), (3,428), (4,7693), (4,3860), (4,277), (0,8978), (0,9110), (4,5021), (4,287), (4,2720), (4,289), (4,2593), (4,5031), (0,8996), (0,2085), (0,3365), (4,4268), (4,5036), (4,301), (0,2729), (4,5302), (0,7858), (4,5048), (3,987), (4,7100), (3,607), (4,7616)
pliegues	(2,3719), (2,255), (2,256)
trujome	(1,16435)
engolfarse	(0,6721)
designa	(5,1891)
discurramos	(2,7525), (2,512)
senorio	(1,689), (5,4149), (0,2881), (0,1140), (0,1144), (0,2570), (0,2686)
cifuentes	(1,7606)
loquesca	(1,9666)
guarnecian	(5,3467)
nadaban	(2,271)
venuta	(4,1422)
designo	(5,4711)
cabalgaron	(4,7848)
color	(1,10657), (0,6402), (1,1252), (2,262), (2,646), (5,3881), (2,265), (4,6925), (1,1452), (1,1455), (1,4463), (1,9265), (1,10033), (1,11057), (1,5362), (1,15731), (1,18355), (1,13236), (1,11254), (1,6327), (4,7962), (1,15352), (4,5535), (2,5022), (4,8544), (1,5119), (1,4608), (1,13762), (1,4227), (1,10823), (2,4974), (1,5774), (1,13262), (1,143), (1,17554), (1,6677), (5,6426), (1,17878), (1,12375), (2,3643), (2,252), (4,1538)
contestaba	(3,1220), (5,2186), (2,2890)
gustaria	(2,7443), (2,5739)
gangas	(2,2459)
trujole	(1,13710)
perfume	(5,4009)
temblar	(1,9494), (2,4297), (4,6734), (1,4463)
tesorero	(0,5409), (0,9412), (0,9572), (0,1509), (0,390), (0,9287), (0,1512), (0,393), (0,1578), (0,300), (2,1998), (0,1517), (0,1645), (0,1647), (0,1648), (0,1585), (0,1522), (0,275), (0,1524), (0,4252)
desprendida	(5,2762)
bonapartes	(2,7394)
alamillo	(4,6172)
fundidor	(0,13047), (0,13050)
reclutas	(2,4980)
reclutar	(2,6605), (2,6352)
decilles	(0,7092), (0,7108)
thoughts	(5,8692), (5,4792)
galgo	(1,16936), (1,11867)
guarnecida	(2,3641), (1,8841)
regalado	(1,15891), (1,9940), (1,9055)
lxvcomo	(4,8871)
desolando	(5,5790)
senalaron	(0,7215), (0,7219), (1,309), (3,807), (0,10229), (0,8696), (0,10312), (1,6282), (0,6762), (0,6970), (0,10334)
comprensible	(0,13644), (5,2051)
emponzonada	(5,7310)
colon	(3,2164), (3,183), (5,8121), (5,26), (5,6667), (2,5259), (5,6674), (1,7822)
negandose	(2,1461)
pasquines	(2,860)
burdell	(4,1076)
farol	(0,4591), (0,5913)
planteamiento	(5,114), (2,3119)
alegrando	(1,15687), (1,1641)
despachando	(5,874), (0,7480), (3,638)
fuesedes	(4,3827), (1,1205), (0,3160), (0,4856), (4,8142), (4,2321), (4,2353)
heria	(4,423), (5,5552)
llevanlo	(0,9920)
fragorosos	(2,5025)
fairbanks	(0,14015), (4,9195), (0,14014)
mundosi	(5,5300)
guiando	(0,10469)
parejas	(1,16817), (5,5082), (1,10122)
previo	(5,7879), (5,7865), (5,5900), (5,7443)
contestado	(0,608), (2,5325)
temblor	(2,1355), (2,960)
terminar	(5,4644), (5,7125), (5,5465), (5,5754), (5,3563), (5,5489)
descortesia	(1,15170), (4,2781)
veas	(1,5649), (1,17185), (1,10999), (4,2316), (1,4074), (1,1947)
herir	(2,785), (1,7882), (2,2128), (1,8959)
librado	(1,13365), (1,15160), (1,6541), (1,8702), (1,12574)
conmovedoras	(5,364)
estimulado	(3,404)
burdeos	(5,6240), (5,6530)
aliciente	(2,7009)
necesitarse	(3,2480)
ayudaran	(4,1175)
previa	(5,4631), (5,5154)
borre	(1,7129), (2,2699), (1,4733)
jurados	(5,2794), (4,4337)
jurador	(1,16756)
dialogos	(5,4111), (2,2992)
damela	(2,3514)
contorno	(3,1295)
correxidores	(0,5380), (0,5386)
depends	(0,14031), (5,9174), (3,3322), (4,9211), (1,19275), (2,8351)
preciosas	(5,5357), (2,91), (2,7069)
vean	(1,14784), (2,2756), (1,1126), (1,905), (2,1386), (4,7596), (0,5193), (2,780), (1,1134), (0,8301), (1,8754), (4,2518), (4,887), (2,5461), (3,1591), (1,1943), (4,6491), (2,6458), (0,377)
borra	(1,18030)
obsceno	(4,138)
eclesiasticos	(1,7588), (4,8408), (5,3610), (1,7454)
violetas	(2,3690), (2,3722)
acercarse	(2,2681), (5,6876)
damelo	(4,5402), (4,7647), (4,3730)
plegarse	(5,1342)
preguntaria	(1,13413)
tortugas	(0,3874)
asimismo	(0,1599), (0,4801), (1,4515), (1,3494), (0,3653), (1,17832), (1,7465), (1,12842), (0,3658), (4,337), (0,4815), (1,10161), (0,1617), (1,9522), (1,3893), (1,3256), (1,4026), (1,9530), (1,2622), (0,11615), (1,16450), (0,7650), (1,3525), (0,3686), (0,3817), (1,4427), (1,9547), (1,13899), (1,18251), (1,2637), (1,2511), (1,3665), (0,3827), (0,5875), (1,7380), (3,1815), (0,5877), (1,13783), (1,10588), (1,13148), (0,3836), (1,14173), (1,12254), (4,388), (4,392), (1,12646), (5,3184), (0,11659), (1,15597), (4,5649), (1,7278), (1,9966), (1,4464), (0,1304), (4,8220), (0,3993), (1,12666), (0,1690), (0,3740), (0,3741), (4,5793), (1,15614), (1,10111), (1,12415), (4,6179), (0,3744), (1,10625), (4,293), (2,2275), (1,10116), (1,5382), (0,296), (0,3633), (1,6163), (1,15251), (0,1076), (1,15253), (1,9110), (0,1334), (1,3607), (1,15256), (1,18456), (5,285), (0,1592), (0,1082), (0,1341), (1,16927)
llegandoselas	(1,13467)
enfermiza	(2,5849)
determinar	(5,260), (0,1841), (5,6310), (3,2645), (5,2763), (0,5398), (0,7416), (5,768), (0,830), (2,1584)
clases	(2,226), (5,4103), (2,2182), (2,1738), (2,1962), (5,3918), (2,5515), (5,3728), (5,4080), (5,4051), (5,1461), (5,4054), (2,7411), (3,246), (5,3705), (5,5113), (2,6999), (5,4060), (2,7066), (2,5563), (5,4191), (5,3617)
asombro	(1,480), (1,2283), (2,1261), (3,1262), (1,1935), (2,7122), (2,3411), (2,2549), (5,4634), (2,3960), (2,5272), (2,3680), (2,6176)
loquesco	(1,407)
conbenientes	(0,4443)
direct	(5,9095), (0,13940), (3,3243), (1,19196), (4,9121), (2,8272)
tonadicas	(1,9808)
asombra	(1,440), (2,5230)
oficiosidad	(2,903)
asombre	(1,454)
cordones	(2,1559)
embadurnados	(2,4977)
enfermizo	(0,3634), (2,618)
ocupamos	(4,143), (2,2480)
infelice	(1,6931), (4,7098), (1,11868)
redundase	(1,3643), (1,4556)
borro	(5,646), (1,4533)
libraba	(1,7300)
nicapequeno	(0,10026)
confuso	(5,7844), (1,3938), (1,8612), (1,10420), (1,14361), (1,17465), (1,8762), (1,2971), (1,15292), (1,15342)
galas	(1,9504), (2,3842), (1,15857), (1,15876), (1,6967), (1,8375), (1,15688), (1,4425), (1,6237)
radiacion	(2,2299)
guardadas	(1,9625)
aficionadamente	(0,8189)
guazacalco	(0,12671)
patean	(2,5073)
lamparas	(2,1578), (0,3768)
conservacion	(5,1813), (5,3340), (3,1201)
esles	(4,6012)
concedere	(2,5374)
episcopal	(5,6705)
succesivamente	(0,13152)
confrontaciones	(0,2893)
confusa	(5,742), (1,4437), (5,3338), (1,18742), (1,2601), (1,7402), (1,10394), (1,15085)
soliendo	(0,7281)
gustares	(1,3996)
redundara	(4,6022), (1,7565)
gustaren	(1,9184)
mediado	(2,6803), (0,3493), (2,1225), (0,5576)
certain	(3,3266), (1,19218), (1,19219), (4,9143), (2,8294), (4,9144), (2,8295), (5,9117), (5,9118), (0,13962), (0,13963), (3,3265)
operaciones	(3,2454), (0,13044), (5,7675), (3,2592)
defendiese	(0,8850), (5,305)
cobertura	(0,9796)
noticioso	(3,1912)
repugnaban	(5,2605), (2,5295)
parecieron	(1,17106), (3,181), (1,6547), (1,4692), (5,235), (5,4206), (5,5535), (5,5539)
sollozos	(1,8768), (1,14499), (1,13018)
corteses	(1,7587), (1,7667), (1,18374), (2,619), (1,13371), (5,800), (1,8540), (5,5491)
preven	(2,6830)
coles	(4,6867), (4,6868), (2,6475)
recreado	(1,18298)
tuviesemos	(0,3986), (3,1494), (1,15979)
antili	(3,2063)
ululant	(4,8220)
persistiendo	(5,5247)
marked	(2,8193), (4,9043), (0,13889), (5,9016), (3,3191), (0,13862), (1,19144), (3,3164), (2,8220), (4,9070), (1,19117), (5,9043)
cobdiciosos	(4,8547)
injuriado	(5,5793)
citadas	(5,6900), (3,2997), (0,12134), (5,1485), (5,1651)
defendiera	(1,8282)
galan	(1,15841), (4,7209), (1,4968), (1,17992), (4,3692), (4,6668), (1,3050), (4,6415), (1,3117), (1,9969), (1,1075), (1,4980), (1,9140), (4,1336), (1,5877), (1,1142), (4,6393), (1,15800), (1,5882), (1,1275), (1,1437), (1,5758), (1,12159)
anillos	(4,3542), (4,4698), (4,942), (4,7887), (4,7889)
veer	(0,3103)
quisieremos	(1,10060), (1,5983)
veen	(4,2153), (4,8688)
prever	(5,2522), (5,5054), (5,5902), (2,4012)
keep	(3,3364), (3,3333), (4,9222), (4,9255), (1,19317), (1,19286), (2,8393), (2,8362), (0,14073), (0,14042), (5,9216), (5,9185)
colec	(0,13343), (0,12961), (0,11812), (0,11816), (0,13609), (0,2415), (0,11824), (0,13489), (0,11828), (0,13142), (0,9337), (0,13177), (0,9342)
despacharlos	(0,4117)
deseabades	(1,13166)
bakhuyzen	(5,5721), (5,8003)
dejeis	(1,14465), (1,9810), (1,14522), (1,9803), (1,14383)
sutilmente	(1,4789), (1,4953)
cansancio	(2,2945), (1,13013), (1,8664), (2,4045)
lemaire	(3,2290), (3,2287)
10parece	(0,11885)
procurad	(1,9738)
romanescos	(4,2169)
colgo	(1,17714)
neofitos	(2,4980)
asiguro	(0,8518)
descuidos	(5,6644), (1,1445)
recogerla	(2,3514)
dependa	(2,1010)
quexosos	(0,9402)
confirmado	(1,9115), (1,5356), (0,2638), (1,5199)
abrumante	(5,3100), (3,124)
depende	(3,1091), (2,2237), (2,5151)
corsas	(4,3014)
zanjaremos	(2,6949)
entontecido	(5,3986)
confirmada	(5,2809), (5,3101), (0,878)
cuartago	(1,13283), (1,12901), (1,13285), (1,13287), (1,12938), (1,12976), (1,15057), (1,15285), (1,12983), (1,13145), (1,13050), (1,12924), (1,13151)
gutenbergtms	(4,9172), (0,13992)
terminan	(5,4843)
carpintero	(5,1430)
complicar	(5,7686)
heran	(0,9305)
holgose	(1,3210)
dictada	(3,259), (5,4376)
gustaras	(1,3432)
sirviendo	(2,609), (1,1781), (0,13061), (0,3334), (5,1533), (1,2442), (1,6398), (1,7647)
gustaran	(3,2744)
recogerme	(1,1867)
fulano	(1,5168), (1,962), (1,8567)
cortesia	(4,995), (1,15204), (1,14085), (1,15782), (1,14504), (1,14760), (1,5897), (1,13065), (1,14985), (2,2027), (1,6314), (5,719), (1,15184), (1,14865), (1,4466), (1,13107), (0,2838), (1,5532), (1,15295)
procuras	(2,4696), (1,11836)
setecientos	(5,5332), (1,10813)
lucano	(4,5002)
paseandose	(1,576), (4,468), (1,7619)
toldado	(0,10117)
doble	(5,2116), (1,4726), (5,5661), (1,10633), (5,5870), (5,1280), (0,9483)
requenate	(4,6540)
azuda	(1,12167)
encerrarse	(1,9079), (1,17511), (5,5517)
tibias	(2,1601)
incluso	(5,7541), (5,6031), (5,7855), (5,3347)
afuipuridientes	(0,10029)
mamelucos	(4,1313)
chisporroteo	(2,1569)
pomposas	(5,7185)
doblo	(1,13713), (1,4266), (2,3149)
encomendo	(1,5824), (1,12741), (1,6266)
especifico	(0,1579)
magistratura	(5,2189), (5,7267)
pedimos	(2,2267), (2,861)
conchavo	(3,1973)
cortos	(0,6100), (4,8584), (0,8278), (0,3979)
sento	(2,3554), (1,15779), (2,2618), (1,15609), (1,9244)
senti	(1,13104), (1,3714), (1,7538), (4,1883), (1,14744), (1,14715), (4,4079), (1,14734), (4,4514)
confites	(2,6259), (4,6456)
libra	(0,367), (0,8224), (0,2275), (0,2278), (0,2281), (5,3808), (4,6114), (0,8094)
punta	(0,3391), (0,10175), (0,11459), (2,6407), (3,489), (0,11463), (2,650), (0,6344), (0,11464), (0,7881), (0,8393), (0,11465), (0,7242), (0,11466), (0,6860), (0,6861), (0,6862), (0,11470), (0,11473), (1,13237), (0,11478), (1,12216), (0,11481), (4,1886), (0,11483), (0,11487), (0,9826), (0,10218), (0,10989), (0,10990), (0,10992), (2,5172), (0,7926), (0,6263), (2,5180), (0,8571), (0,12799), (1,17760), (0,6273), (0,6792), (0,8585), (0,6417), (0,10897), (0,11537), (0,10899), (1,7927), (0,10907), (3,1730), (1,3328), (1,3330), (0,11425), (4,5414), (0,11426), (0,11427), (0,11428), (0,11429), (4,5674), (0,11431), (0,11433), (0,7214), (0,11438), (0,11439), (0,11441), (1,8211), (0,12600), (0,3514), (0,6973)
efectos	(1,18850), (0,482), (2,453), (3,1191), (3,2184), (5,4235), (1,2153), (1,2613), (3,2871), (1,3957), (1,7029), (0,5301), (5,929), (5,98)
despacha	(4,4803), (0,9491), (0,5662)
libre	(5,1956), (5,551), (1,1956), (5,3881), (5,6315), (5,1197), (4,206), (5,5167), (5,2228), (3,1651), (1,1588), (5,1851), (2,2074), (1,15804), (5,7363), (1,17089), (3,2948), (1,18627), (1,6468), (1,7876), (5,841), (2,4265), (1,6088), (2,6187), (2,1324), (5,6351), (1,4812), (2,6189), (2,4143), (5,3292), (5,5084), (1,5464), (4,4348), (2,4282), (5,3167), (2,7872), (5,7011), (1,1505), (5,2149), (1,1508), (5,3818), (5,1517), (1,13550), (1,10735), (4,663), (5,1273), (4,3608), (5,506), (2,3033), (2,6234), (1,12409), (1,4988), (5,1537), (1,2942), (2,483), (1,7684), (1,7940), (5,393), (3,2888), (5,141), (1,4489), (1,10505), (1,10761), (1,2314), (4,6701), (5,3730), (1,1681), (5,2453), (5,3733), (1,13969), (1,1682), (4,3381), (2,4467), (1,5400), (1,18200), (2,3066), (2,6908), (1,13343), (1,17183)
otogenaria	(4,6598)
despache	(4,8520), (0,9157), (2,5080), (0,8343)
jaqueta	(4,7159), (4,7132), (4,7118), (4,7106)
demarcacion	(0,4991), (0,3202), (0,2756), (0,3460), (0,2757), (0,2441), (0,4617), (0,2446), (0,2894), (0,4753), (0,5587), (0,11924), (0,919), (0,3095), (0,12889), (0,3418), (0,9370), (0,1311), (0,2977), (0,4961), (0,2851), (0,2732), (0,2542), (0,2737), (0,6001), (0,2742), (0,6010), (0,4731), (0,13628), (0,253), (0,2814), (0,5630)
municipales	(3,558)
ataque	(2,914), (5,598), (5,806), (3,1253), (5,2904), (5,573), (5,1133), (5,930), (5,1234), (3,1424)
menosprecio	(5,6680), (5,5450), (5,4076), (1,18248), (1,15692), (1,8815)
hiciesemos	(1,15863), (1,16345), (0,1134)
preciosos	(3,91), (3,2189)
simultaneamente	(5,5374)
rodearonle	(1,4472)
prolongando	(0,13535), (0,10483), (0,10214), (0,10366), (0,10846)
sabia	(1,3618), (4,5064), (1,2601), (4,215), (5,3768), (4,7901), (1,8763), (4,1507), (1,9536), (3,1803), (1,2377), (3,780), (0,8809), (3,782), (0,8047), (0,7280), (4,8702), (1,15454), (1,10335), (4,5892), (1,13411), (1,17509), (1,16494), (4,6938), (1,7034), (2,3165), (1,6271), (4,549), (5,6151), (0,10403), (1,18564), (5,2825), (1,9870), (4,3381), (4,4152), (2,1655), (4,8761), (1,16024), (4,572), (1,18588), (2,3198), (4,2883), (1,10400), (5,2089), (1,3237), (5,2090), (4,6734), (1,7339), (1,13741), (1,18608), (1,18609), (1,6066), (4,344), (1,3512), (1,15288), (1,15800), (1,5819), (2,5024), (0,6879), (5,840), (5,7241), (1,15045), (1,5319), (1,2760), (0,7911), (5,2893), (1,11209), (1,7626), (5,5968), (4,6513), (5,7763), (4,4218), (1,1242), (1,1498), (1,2779), (2,5571), (1,10724), (4,2184), (4,393), (3,1961), (1,9706), (3,1197), (1,17387), (1,12782), (0,7694), (2,5073), (4,660), (1,15603), (1,15605), (4,7838), (5,5504), (1,14845), (1,13313), (4,426), (3,972), (3,973), (4,431), (3,1488), (1,5903), (1,6162), (1,17170), (4,6326), (1,8979), (1,17427), (5,5273), (1,3862), (1,12823), (1,10008), (0,7996), (0,7229), (4,6082)
buscaremos	(4,2040)
caracoas	(0,2515), (0,2470)
segundaron	(1,18455)
seguila	(1,17712)
murmuracion	(1,16848), (1,16738), (1,16467), (1,16901)
sabio	(2,136), (2,1809), (1,17392), (5,4600), (5,6139), (1,17399), (1,17784), (5,7873), (4,7140), (1,17793), (5,7751), (5,8523), (5,7756), (5,4367), (4,239), (1,17424), (2,1843), (1,17362), (3,213), (1,8981), (1,17365), (1,17558), (4,2109), (5,7966), (1,606)
regocijarse	(1,6886)
reforma	(5,5156), (5,4823), (2,4949), (2,416)
acarrearon	(5,3734), (0,8662)
acreditara	(1,158)
engreido	(5,5917), (5,1230)
concedido	(0,13203), (5,2107), (4,189)
alcanzame	(4,1687), (2,1434)
dependian	(5,5751)
prior119	(0,11514)
cochin	(0,2413)
concedida	(0,2892)
solazandose	(1,3081)
teologia	(5,3633)
perfetamente	(0,7200)
retoricas	(1,16201)
rubio	(4,1172), (1,11254)
posponer	(1,6444)
alfardillas	(4,6632)
habas	(4,7692), (4,3791), (4,1954)
habar	(3,1798)
tocando	(0,9920), (1,17363), (1,9956), (5,4604), (0,2906), (3,1760), (2,4032)
tomaste	(4,2851)
libro	(5,4261), (2,1796), (0,2115), (1,12069), (1,12070), (0,1606), (5,6827), (4,207), (0,1611), (2,5646), (4,210), (1,5167), (4,8403), (1,51), (5,7607), (2,1813), (1,11325), (4,226), (1,7490), (5,7627), (0,13161), (5,7377), (0,1647), (5,7892), (0,1648), (0,1649), (0,1650), (2,2360), (5,8411), (5,5341), (3,2844), (5,7902), (1,1116), (1,5981), (5,5091), (5,6115), (0,130), (0,2179), (1,102), (5,5100), (5,5102), (4,8205), (2,4942), (2,1879), (5,4862), (5,5123), (5,7687), (1,132), (0,178), (5,6167), (4,57), (5,4126), (1,16541), (1,928), (5,1061), (0,11712), (2,3204), (0,4293), (0,11717), (1,11954), (3,2935), (1,11957), (0,11732), (1,4790), (5,1087), (5,1091), (0,11743), (5,7749), (1,6083), (1,11974), (1,199), (5,4427), (0,4326), (4,107), (2,6316), (2,431), (5,5203), (3,2965), (5,4697), (5,5724), (2,1215), (0,1533), (0,1535), (0,4351), (5,1125), (5,6501), (0,1537), (3,2982), (1,8164), (1,18148), (5,5231), (4,149), (2,7891), (0,12049), (1,16626), (5,3705), (4,153), (1,18166), (5,6781), (5,1153), (0,2086), (5,5262), (0,4395), (0,44), (2,2798), (1,5901), (0,1585), (5,6551), (1,11284), (2,2041), (5,7580), (1,11291), (2,2304), (1,11295)
arrojarme	(2,1025), (1,4019)
carolina	(5,807), (5,554), (5,842), (5,876), (5,912), (5,944), (5,817), (5,3378), (5,435), (5,691), (5,212), (5,3476), (5,245), (5,3381), (5,182), (5,217), (5,3385), (5,858), (5,828), (5,3453), (5,224), (5,3040), (5,834)
revendedor	(4,4459)
escogiendo	(2,2082)
rubia	(1,839), (3,815)
asturianillo	(1,4817)
egoistas	(2,3191), (2,2655)
despachallo	(4,2222)
egecutarse	(3,2427)
incauta	(1,10474)
senor	(0,5183), (0,9291), (4,5073), (1,1075), (2,3092), (0,9299), (4,3034), (0,3162), (1,11324), (0,3164), (0,9323), (1,1103), (4,3060), (1,5201), (0,3187), (1,11348), (2,1083), (2,5182), (0,1153), (2,1095), (1,13423), (0,9361), (1,1139), (2,1113), (2,7257), (1,9338), (0,9372), (4,5153), (1,15488), (4,3108), (1,15489), (1,13442), (4,5161), (2,5224), (1,5262), (4,3122), (0,9390), (2,7288), (1,15512), (0,5305), (2,3197), (4,7233), (0,5313), (4,7237), (1,13476), (1,7333), (4,5193), (1,17574), (0,3275), (2,1168), (2,7313), (2,1175), (0,3287), (1,15544), (1,11450), (1,11451), (2,1181), (0,5340), (2,7327), (2,1184), (1,11460), (1,11462), (1,15558), (1,1224), (0,13545), (1,13515), (2,7342), (4,5234), (0,9457), (1,15574), (0,9463), (0,3323), (1,11488), (0,13571), (0,13572), (0,13573), (2,5321), (0,3339), (0,9488), (2,1236), (4,5273), (4,5277), (1,15612), (0,3357), (0,9501), (2,1248), (1,7423), (1,7424), (1,11523), (2,1253), (0,3364), (1,7430), (4,5291), (0,5416), (1,15625), (0,3371), (0,3372), (0,9516), (2,5361), (2,7409), (1,1300), (1,15638), (4,5307), (0,11582), (2,1281), (1,15648), (4,5317), (2,5380), (2,5386), (4,3282), (4,5331), (2,7441), (1,9521), (4,3287), (0,1364), (0,1365), (4,3291), (1,15673), (0,1372), (0,3420), (0,11612), (4,3298), (0,1376), (1,5444), (1,5445), (2,1320), (0,9577), (0,3436), (2,1327), (1,9555), (4,5373), (1,7514), (1,1373), (1,15710), (0,11650), (0,9606), (0,11656), (0,3465), (0,5518), (1,15729), (1,5490), (0,5522), (1,15736), (0,5531), (1,15743), (0,1441), (2,3429), (2,7528), (0,5543), (1,3467), (1,7565), (2,1391), (0,11698), (4,3385), (2,1403), (1,7578), (1,15770), (1,1437), (1,7590), (0,5576), (0,11722), (2,1421), (4,3408), (4,3409), (2,5532), (4,3424), (0,3548), (4,7520), (4,3426), (4,5476), (1,5569), (4,3431), (4,5480), (3,1416), (4,3436), (1,3529), (1,3532), (1,15821), (2,1455), (1,3534), (4,5489), (0,3567), (1,13777), (4,3445), (2,7604), (1,17876), (1,3542), (4,3450), (2,7608), (4,5504), (1,3550), (1,1503), (2,1472), (4,3461), (0,3585), (1,7650), (1,3564), (1,13804), (4,5522), (1,13808), (4,3477), (1,3572), (4,3483), (0,3608), (0,5658), (1,3581), (1,5630), (2,7647), (1,5634), (1,3587), (3,1479), (1,1542), (2,1520), (2,5627), (1,1563), (1,3612), (4,3520), (1,7711), (1,15904), (4,1476), (1,13857), (4,1479), (1,15908), (2,5639), (1,15924), (4,1496), (1,13877), (4,5595), (1,13880), (1,17985), (0,7777), (4,1510), (1,3653), (1,13893), (4,7661), (1,13903), (2,1587), (2,3635), (1,9811), (2,1589), (2,5685), (2,3638), (1,15967), (1,3682), (0,1668), (2,3654), (1,3696), (1,15993), (0,7835), (1,3717), (1,16005), (0,7848), (2,7787), (2,3696), (2,7797), (1,16022), (1,3735), (2,7800), (4,5693), (3,1630), (1,3741), (1,13981), (0,5821), (4,3650), (0,5823), (0,5826), (0,5828), (1,13989), (4,3660), (1,9898), (0,5835), (1,1712), (0,3792), (1,16050), (4,3672), (0,1749), (0,5845), (2,7832), (0,1752), (4,3680), (2,7839), (1,16062), (0,1760), (4,3685), (1,16066), (4,5741), (2,3759), (0,5870), (4,5750), (4,3706), (3,1693), (0,5882), (3,1694), (0,5885), (3,1699), (1,5862), (4,7820), (4,5773), (2,3789), (1,16109), (1,18160), (2,3794), (4,7828), (4,3733), (1,3828), (1,5876), (2,3804), (1,3838), (1,9984), (4,7852), (1,9994), (1,9995), (1,14091), (4,7857), (1,3858), (1,14100), (1,7960), (0,12087), (5,5792), (1,16156), (2,3841), (1,16160), (0,5954), (1,3880), (1,16171), (2,7949), (4,3798), (1,18232), (1,5946), (4,3807), (1,16189), (1,10046), (5,7877), (1,8001), (1,10049), (1,16194), (4,3816), (4,5869), (1,10059), (2,1837), (1,3920), (4,5875), (4,3828), (1,3922), (1,8023), (1,10073), (1,8028), (1,8033), (0,10112), (0,6018), (1,10084), (1,5989), (0,6020), (4,3849), (0,10122), (1,8044), (0,10125), (1,8047), (1,18287), (4,3859), (1,10101), (1,14197), (1,18296), (4,5925), (0,1959), (0,1960), (1,10127), (4,3891), (2,6004), (0,8116), (2,1912), (4,5950), (1,1951), (0,1988), (4,3915), (4,1869), (2,1932), (2,3983), (0,12238), (2,1939), (4,3934), (2,1956), (4,3944), (4,3955), (4,1909), (0,4085), (4,3963), (0,4090), (4,3967), (4,3971), (0,4099), (4,3979), (1,10216), (0,2058), (1,2037), (1,10230), (4,3999), (0,2076), (1,10240), (1,6147), (4,4007), (0,2084), (0,2085), (1,8201), (1,10249), (0,12328), (4,4013), (0,2092), (4,4017), (0,12335), (4,1972), (1,2070), (1,12312), (0,4154), (1,12317), (0,12352), (0,2113), (0,4161), (4,4038), (1,12325), (0,2117), (0,10309), (4,4043), (0,12359), (1,12330), (0,12363), (0,2125), (4,4050), (4,4052), (1,4145), (4,8148), (1,12337), (1,4148), (0,4179), (1,4150), (1,16438), (1,6200), (1,16440), (1,10298), (0,2138), (1,10300), (4,4064), (0,10332), (1,16445), (0,2143), (4,6115), (0,10336), (0,10338), (1,10308), (1,18500), (1,4168), (2,6185), (1,12363), (4,8177), (1,10318), (0,8303), (4,6132), (4,4087), (4,8184), (0,2165), (0,8310), (4,4091), (0,4215), (1,14428), (0,2172), (0,10364), (0,6269), (1,12385), (0,2177), (1,14436), (0,10372), (1,14441), (1,18541), (1,112), (0,4240), (0,10384), (1,14452), (5,4089), (1,12406), (0,2200), (1,8314), (1,12412), (4,2080), (1,14463), (0,2207), (1,8322), (0,10401), (0,2214), (1,14473), (1,8333), (4,4145), (0,10414), (1,4242), (1,10389), (0,2234), (1,14499), (4,6215), (1,10406), (0,12488), (1,14505), (1,10411), (4,6223), (1,8368), (4,6230), (1,14518), (1,14521), (0,8413), (2,4258), (1,16580), (4,4203), (1,16598), (1,4314), (0,8450), (0,8454), (1,14567), (0,8455), (1,16619), (0,8459), (1,16620), (0,8460), (4,8342), (1,12532), (0,8468), (1,12538), (1,14589), (4,8355), (1,12544), (1,16646), (4,2221), (2,4332), (1,14605), (4,4274), (4,6325), (4,6328), (1,4374), (1,8474), (1,16679), (4,8396), (1,12586), (0,8524), (0,2390), (1,18745), (1,10563), (2,6443), (1,14667), (1,18771), (2,6456), (1,12631), (4,6400), (2,2367), (4,8451), (2,322), (1,12641), (2,324), (1,12649), (1,18793), (4,274), (0,2446), (1,368), (1,18801), (1,4467), (1,12663), (1,12664), (0,4504), (1,18809), (4,8477), (1,12668), (0,2460), (0,10652), (1,12670), (1,12672), (0,2467), (0,4517), (1,12679), (4,4395), (4,8491), (1,12681), (4,8494), (1,12685), (2,367), (4,6449), (1,12686), (0,4528), (0,8624), (0,10675), (2,376), (4,2365), (3,2397), (0,10683), (4,6464), (4,4419), (4,2379), (4,6475), (1,18858), (2,2446), (0,10701), (0,2511), (0,2513), (1,18866), (0,4562), (4,6486), (1,18873), (1,16826), (2,413), (2,2462), (1,14782), (3,2435), (1,2498), (3,2436), (0,10721), (2,420), (1,6596), (2,6566), (1,12746), (0,2539), (0,2543), (4,4470), (3,406), (4,4471), (1,10709), (1,2519), (0,10743), (4,4476), (4,6527), (0,2558), (4,8579), (0,8706), (0,2565), (0,6662), (0,10758), (4,395), (0,10760), (1,18921), (0,2570), (0,2571), (0,2573), (2,466), (4,2452), (0,10774), (4,4508), (4,8609), (4,4517), (2,2533), (0,10787), (0,2596), (2,4582), (1,2567), (1,12807), (0,2600), (0,2605), (4,4530), (4,8626), (0,2607), (1,4624), (0,10800), (0,2609), (1,12818), (1,4627), (0,10802), (0,2612), (0,8760), (1,14873), (0,2620), (0,4671), (1,14883), (2,517), (0,6725), (0,2630), (4,4556), (0,2634), (2,525), (1,2607), (4,4562), (0,10830), (1,2608), (4,4564), (1,562), (1,14898), (0,2643), (1,14904), (0,2648), (2,2588), (0,2651), (4,4579), (0,2657), (4,486), (1,4675), (1,2629), (0,4708), (0,2664), (0,8808), (1,12873), (4,493), (4,4590), (0,2668), (1,6733), (1,10830), (0,2674), (2,566), (0,2676), (4,506), (0,2678), (1,6745), (4,511), (4,2560), (4,515), (1,14944), (1,612), (0,2691), (1,2662), (2,4679), (1,14950), (0,4744), (4,4621), (0,2700), (4,4625), (1,2671), (4,531), (1,14962), (0,2710), (4,8732), (1,14969), (1,635), (2,604), (0,4764), (1,14973), (0,2718), (2,2657), (0,2720), (1,4738), (2,2660), (4,6697), (0,2727), (1,14985), (0,2729), (3,589), (1,14987), (4,2608), (1,10893), (3,594), (4,2612), (0,2736), (2,629), (0,2739), (1,12948), (4,2621), (1,2715), (0,2749), (4,4675), (4,2629), (1,2722), (1,15011), (0,2755), (0,8902), (4,2636), (0,2761), (1,12972), (1,15022), (0,2766), (0,2768), (0,2770), (4,2651), (0,2775), (1,10936), (0,2778), (4,4703), (0,2780), (0,2781), (4,2658), (2,2721), (0,2783), (1,12994), (4,614), (0,2788), (4,2665), (2,2730), (4,2669), (1,719), (4,2676), (2,2738), (0,4849), (1,723), (0,2803), (4,2680), (0,2804), (0,2807), (2,698), (0,2810), (2,701), (1,2785), (2,707), (3,677), (0,2821), (1,15080), (1,17129), (0,2825), (1,17130), (0,2826), (2,719), (1,4846), (1,17134), (1,751), (4,2707), (1,17136), (0,4881), (2,2774), (2,727), (0,4885), (2,2776), (0,2842), (2,737), (0,2848), (2,740), (1,2819), (1,13059), (1,774), (1,17167), (0,2865), (2,757), (0,6966), (4,2748), (2,2810), (0,9017), (0,2874), (4,2751), (1,15134), (2,770), (1,13089), (0,2883), (0,2885), (1,11047), (2,2825), (1,11049), (1,11053), (0,2895), (2,787), (5,696), (4,2775), (1,11060), (0,9044), (2,2839), (2,792), (1,11063), (2,2841), (4,2780), (1,9017), (0,2905), (2,2845), (2,4893), (1,4924), (1,15164), (1,831), (0,2911), (4,2788), (1,15169), (2,2851), (2,6948), (1,11075), (0,7012), (0,9060), (1,15173), (4,2793), (0,13162), (2,813), (0,2923), (1,6988), (4,2800), (0,9070), (1,15183), (4,2804), (0,2929), (0,11121), (2,2870), (0,2934), (4,2814), (0,2940), (1,15197), (0,7037), (1,17248), (0,2944), (0,7040), (1,15203), (1,868), (0,7043), (4,2824), (1,15206), (1,4968), (2,2891), (4,2830), (0,2954), (1,877), (1,13165), (4,2834), (0,2958), (0,9102), (0,2961), (1,4978), (4,2838), (1,4980), (0,916), (4,2842), (1,4984), (1,13178), (1,891), (1,892), (0,923), (1,15228), (0,2975), (1,9088), (0,2976), (0,2979), (1,901), (1,15237), (0,5029), (2,874), (1,5002), (2,877), (4,2866), (0,9135), (0,5040), (1,15250), (0,947), (4,2871), (4,4923), (1,9112), (0,3003), (2,4989), (1,15261), (0,3008), (1,15265), (1,17313), (1,5026), (4,2886), (0,3010), (0,3011), (1,15268), (1,15271), (0,3015), (1,2986), (4,4948), (3,885), (2,917), (0,3028), (4,2905), (0,3030), (0,983), (1,13241), (0,3033), (0,9180), (0,9181), (4,4965), (2,7076), (1,15299), (4,7016), (0,9188), (5,842), (1,15303), (1,969), (1,17353), (0,3049), (2,7084), (2,946), (1,5075), (1,15315), (2,5046), (1,15317), (4,2946), (0,9214), (1,992), (1,15328), (0,1024), (4,7044), (2,5060), (1,5094), (1,999), (4,2956), (0,3080), (2,5069), (4,5009), (4,5010), (4,5011), (4,5013), (4,5014), (1,17396), (4,5016), (2,7132), (4,7071), (1,1024), (0,9250), (0,1059), (1,15365), (1,5127), (4,2993), (1,11284), (1,5144), (2,1018), (1,1051), (2,3068), (4,3008), (2,1023), (1,15390), (1,15391)
derivado	(1,11485)
tomasse	(4,2222)
arredremos	(2,5472)
torrero	(2,5247)
nabegasen	(0,3490)
volvio	(0,6465), (0,7748), (1,2598), (1,12070), (1,296), (1,10536), (1,7465), (0,12110), (5,950), (1,14387), (1,9012), (1,10550), (1,10552), (1,7741), (1,17471), (2,3106), (0,7013), (0,7269), (1,17222), (1,9287), (1,14664), (1,15434), (1,18766), (1,14672), (1,9043), (1,2644), (1,9044), (2,1846), (1,18521), (1,9306), (1,14682), (2,5948), (1,5724), (0,8061), (1,17761), (1,7269), (1,7272), (1,2157), (5,3058), (0,7055), (5,7668), (1,12912), (1,3955), (1,3961), (1,378), (1,1403), (1,3964), (1,14461), (1,5502), (1,14982), (0,7079), (0,8108), (5,7442), (1,17042), (1,9878), (1,8599), (1,11927), (1,7836), (5,5409), (1,8605), (1,3486), (1,8862), (1,9121), (1,13986), (1,5540), (0,7108), (1,10917), (1,4262), (2,2956), (1,4011), (2,6028), (1,2732), (1,7852), (0,7884), (1,10413), (1,3761), (1,14517), (1,5302), (0,7382), (0,7384), (1,10173), (1,3263), (2,4259), (2,5284), (0,7398), (1,10696), (0,8936), (1,7883), (1,10955), (1,9421), (1,13261), (0,8176), (1,12498), (1,12500), (0,6902), (1,12248), (1,15576), (1,10714), (1,5851), (1,6875), (1,6876), (1,12253), (3,417), (1,6370), (1,11492), (1,2539), (2,4814), (1,6640), (1,5361), (5,4215), (2,3286), (0,7188), (5,1146), (0,8981), (1,3835), (3,705), (1,11264), (3,2243), (1,4867), (3,971), (5,5517), (1,6153), (1,4875), (3,719), (1,7949), (1,3344), (1,2065), (1,4369), (1,13845), (5,922), (1,535), (1,5915), (1,7963), (1,12573), (1,15645), (5,931), (0,10814)
preparara	(2,1627)
senos	(1,14038)
ansaron	(4,2400)
garona	(5,6220), (5,6240)
animas	(1,5185), (2,1892), (0,3444), (2,6073), (0,5274), (1,5182)
animar	(1,18691)
gottingen	(5,5691)
amuestra	(4,479)
comiese	(4,1140), (4,6710), (0,6582)
estilado	(4,4859)
arrancadas	(5,4175)
sabacon	(0,13572), (0,12363)
acabandolas	(1,13978)
jabali	(4,8544)
ensimismada	(2,3121)
convulsivamente	(5,7107)
aplaudidas	(5,6113)
pureza	(2,2801), (1,4096), (2,1748), (5,6455), (5,4040), (5,1629), (2,5502), (1,18797)
physical	(3,3251), (1,19153), (2,8229), (4,9079), (1,19204), (4,9129), (2,8280), (5,9052), (5,9103), (0,13898), (0,13948), (3,3200)
presidios	(5,2731), (3,2986), (2,7023)
amuestro	(4,5653)
apriesa	(1,5793), (1,6994), (1,10020), (1,12597), (1,13333), (1,17735), (1,12907)
negras	(4,7715), (1,15048), (1,16488), (2,267), (1,9355), (2,2671), (1,10126), (0,4494), (0,4496), (1,9523), (1,10043), (1,8446), (5,355)
apriete	(2,4667)
dexastes	(4,2693), (4,3802)
aduar	(1,1570), (1,2132), (1,1800), (1,2504), (1,2201), (1,2361), (1,1850), (1,2140), (1,1853), (1,2413), (1,1982), (1,2254)
aprieto	(0,9839), (3,1259), (1,6638), (4,5234), (4,6514)
comiera	(4,4822), (4,2905), (1,9947)
bellicosa	(0,9258)
aunque	(1,4128), (2,2050), (0,6209), (1,1059), (0,1095), (3,2027), (0,8269), (1,3119), (5,951), (1,5172), (2,4121), (2,4123), (4,5087), (1,16444), (4,2017), (5,963), (4,5090), (0,6238), (0,6242), (1,7236), (1,14404), (1,18502), (2,4143), (4,3060), (1,16468), (0,5239), (1,18520), (5,6110), (5,2021), (1,103), (0,3206), (0,136), (1,11369), (1,13420), (5,7154), (0,6289), (1,16501), (2,5207), (1,4220), (2,3166), (5,3074), (1,6271), (1,10367), (1,10369), (1,12418), (0,7332), (1,13449), (1,138), (4,7213), (0,8361), (1,9354), (1,6284), (3,2127), (1,14477), (0,1198), (1,1170), (1,151), (1,4249), (0,6331), (1,4258), (1,10402), (3,1125), (1,164), (1,3236), (1,3237), (4,5193), (0,7365), (1,14507), (1,4272), (1,18608), (4,4181), (1,1206), (4,8284), (5,7232), (0,7387), (0,220), (0,9440), (4,5224), (0,7397), (1,18630), (0,3303), (4,5227), (0,6378), (0,7403), (1,9424), (1,17616), (1,9428), (4,5240), (0,13556), (2,3255), (4,122), (5,2144), (3,2206), (1,11485), (5,4195), (4,4233), (1,16614), (1,12519), (1,18663), (0,11529), (1,3311), (1,4336), (5,4215), (1,14581), (5,1149), (0,2330), (1,13565), (1,6401), (3,1221), (1,15621), (1,3336), (3,203), (1,9482), (1,13579), (2,2287), (0,10545), (1,15634), (4,5305), (5,156), (1,13592), (5,162), (5,6306), (3,1249), (1,8480), (1,7457), (1,10529), (1,1314), (2,263), (1,3367), (1,18727), (5,4268), (1,17706), (4,6350), (5,5296), (1,17708), (1,302), (3,1265), (1,12591), (0,13649), (0,13650), (1,11572), (0,7513), (4,2272), (2,2337), (1,14656), (3,1286), (1,2372), (5,6344), (4,8423), (5,2249), (1,9542), (5,208), (5,2257), (5,6354), (1,3407), (0,7534), (0,13682), (1,15699), (5,1248), (0,10619), (0,13691), (2,4414), (5,7395), (0,13695), (1,3425), (0,4480), (2,7498), (1,15722), (2,2382), (1,9581), (1,1391), (0,6542), (5,3317), (5,7413), (0,7569), (1,16754), (1,18802), (0,8595), (5,7419), (1,7547), (1,14715), (0,6557), (1,4479), (1,15748), (0,6565), (1,18825), (1,4491), (5,3344), (1,15759), (1,17809), (4,2358), (0,435), (3,2393), (1,17819), (0,443), (4,3391), (4,6464), (0,2495), (1,3490), (5,1320), (2,7557), (1,15781), (1,14758), (5,6444), (5,1325), (0,7625), (1,13739), (1,431), (1,15791), (0,6608), (4,2389), (1,14770), (5,3384), (2,6550), (5,6458), (3,1402), (1,15800), (1,1473), (1,6593), (1,3523), (0,6627), (5,6473), (0,5605), (1,5583), (5,342), (4,4469), (3,1435), (3,414), (3,1439), (4,6529), (5,2403), (0,6657), (1,2532), (1,10727), (1,1517), (5,1395), (4,4498), (0,8718), (0,6672), (1,14834), (4,1433), (1,3574), (0,8726), (1,17911), (2,4571), (0,7709), (1,15870), (2,2529), (1,17920), (4,6564), (1,9730), (1,18947), (1,1542), (1,18950), (1,3591), (0,3622), (1,3593), (0,10793), (5,5526), (1,1558), (4,5562), (1,10777), (1,7706), (1,16925), (1,12830), (0,3646), (4,7618), (0,5695), (1,5666), (5,4519), (2,5639), (5,2477), (0,8778), (1,15919), (0,5711), (2,1554), (4,2517), (1,16946), (4,2518), (0,6739), (4,2520), (0,10837), (3,505), (1,6714), (1,1597), (0,6749), (0,7775), (0,4705), (5,5574), (0,6758), (1,4687), (1,15953), (4,501), (4,2552), (2,1591), (1,13910), (1,2647), (0,8822), (1,4696), (0,12923), (1,18013), (0,3711), (0,6783), (1,14944), (4,2564), (0,7808), (1,4706), (3,549), (4,2566), (1,5740), (1,15980), (0,5774), (1,18031), (1,11889), (1,4722), (2,5715), (0,658), (3,1589), (0,12946), (3,566), (1,15988), (3,571), (1,12922), (0,3742), (1,2689), (0,6819), (1,16004), (1,6791), (1,8839), (1,9866), (1,3725), (1,654), (0,10925), (1,14990), (1,11920), (4,6710), (1,10899), (5,3608), (2,1655), (0,3766), (1,12951), (1,17048), (0,6840), (1,3738), (1,8858), (2,6781), (1,18077), (2,641), (1,12961), (2,646), (0,2757), (1,4775), (0,6854), (1,3753), (1,4779), (5,1589), (1,10929), (1,15025), (1,12979), (5,6712), (0,6869), (1,695), (0,727), (5,5693), (4,5728), (5,4673), (1,8894), (1,10943), (1,18113), (0,8941), (0,3822), (1,7891), (3,1686), (5,7771), (1,13016), (1,17113), (0,4857), (2,1725), (4,7807), (1,10974), (2,3777), (4,3726), (4,7822), (1,18155), (0,8971), (3,2737), (0,3855), (0,786), (0,8978), (5,4728), (0,8980), (4,665), (0,3861), (2,6874), (1,2815), (0,7968), (4,1701), (1,6916), (0,6951), (1,15114), (3,2766), (0,4907), (1,11021), (1,1806), (5,6804), (1,18193), (4,7862), (3,726), (1,10005), (3,2778), (4,6847), (0,3900), (1,18206), (0,4926), (4,709), (5,4774), (5,6824), (4,3784), (0,6982), (5,5804), (1,10024), (1,1836), (1,3885), (0,2893), (1,4910), (0,2897), (4,2780), (5,2754), (5,7874), (1,6976), (5,4807), (0,3941), (5,3787), (1,9031), (3,2826), (0,7015), (1,1866), (0,3946), (1,16203), (3,782), (1,2892), (0,4971), (3,783), (1,2894), (5,4818), (0,8046), (1,1872), (2,818), (0,8048), (2,6964), (1,5972), (3,2840), (1,12128), (5,6885), (1,13154), (5,5863), (1,13156), (1,3945), (1,15210), (1,18286), (0,3984), (1,6002), (0,8082), (0,13202), (5,7928), (4,2840), (1,12149), (3,1848), (1,9078), (5,3839), (0,3994), (1,893), (5,3842), (1,15231), (1,12161), (4,6949), (1,14213), (4,5931), (4,7987), (0,7088), (1,6034), (0,13233), (0,6066), (1,5016), (0,6071), (0,3001), (5,799), (1,18334), (5,803), (4,8007), (1,4005), (5,810), (3,1896), (5,811), (5,1835), (4,4942), (2,6029), (3,1903), (4,849), (0,8142), (1,6064), (0,9167), (0,6096), (1,17329), (1,8118), (1,1975), (0,4054), (1,16311), (1,18362), (5,1857), (0,7132), (1,18366), (0,4064), (2,4003), (1,13250), (2,6053), (0,5092), (1,14277), (2,1962), (1,17353), (2,1963), (4,3950), (4,7026), (5,2900), (5,3925), (1,13267), (3,1943), (0,7157), (0,8183), (0,4089), (3,1950), (1,17375), (0,8192), (0,7169), (1,14307), (1,2020), (1,6116), (5,7016), (1,999), (1,1002), (1,14314), (1,6123), (4,5008), (2,6094), (0,13326), (1,14320), (1,3058), (3,2996), (4,919), (5,4984), (1,6132), (1,11255), (1,10232), (1,18424), (0,10264), (0,6169), (3,964), (1,16387), (0,4131), (5,906), (1,3082), (4,8109), (1,16395), (1,6157), (1,10253), (0,8238), (3,979), (0,2098), (5,5016), (2,6140)
sereis	(0,2095), (1,9345), (0,2193), (0,10757), (4,3851), (1,11384), (4,4093), (0,2122), (4,1823), (4,8098)
belicosa	(3,291), (3,1029), (0,9474), (0,9422)
sabed	(2,163), (1,2694), (1,10710), (1,9847), (1,14439), (1,15915), (4,7120)
volvia	(2,673), (1,16576), (5,4229), (1,7905), (2,3651), (1,7906), (1,8740), (1,16805), (1,16648), (1,2537), (2,4874), (1,17737), (1,17483), (2,2931), (5,2454), (1,12978), (1,2646), (1,16598), (0,8118), (1,9272), (5,5149), (1,8857)
comiere	(4,8532)
socorreme	(1,13039)
taciturno	(2,947), (2,630), (2,1030), (2,332), (2,604), (5,5744), (5,5840)
aprieta	(1,13184), (4,6948), (4,6949), (1,15109), (4,1834), (1,10685)
saben	(1,12448), (0,8960), (3,1124), (1,16866), (1,16870), (3,1899), (5,4013), (2,2126), (2,2127), (2,721), (4,5589), (1,5619), (2,725), (0,790), (4,5723), (2,7129), (3,1340), (4,7262), (0,8218), (1,16958), (1,15935), (4,3044), (3,836), (0,5731), (1,16132), (1,16964), (1,18245), (1,2057), (3,1485), (1,17867), (1,18636), (4,6385), (5,7059), (4,3315), (4,7285), (4,1014), (4,3510), (4,3511), (4,2170), (1,17495), (4,2171), (4,3388), (4,5311), (4,5313)
lezana	(3,978)
conocimiento	(1,4513), (1,7781), (2,1608), (1,8615), (5,7919), (5,3638), (3,1909), (1,9333), (5,4282), (1,7416), (2,602), (2,8026), (0,923), (1,1660), (2,7069), (1,7292), (5,3969), (1,8894), (3,1668), (1,14086), (1,11528), (2,1514), (5,5840), (1,12556), (0,301), (3,2965), (1,15188), (1,16148), (1,4565), (3,2008), (2,7223), (1,6039), (2,1019), (0,572)
mayorales	(1,11592), (1,10809)
conducente	(3,2632), (3,265)
about	(0,14079), (3,3300), (0,14082), (0,13891), (3,3304), (1,19239), (3,3370), (2,8329), (4,9163), (1,19306), (3,3373), (2,8333), (0,14028), (2,8399), (5,9138), (2,8402), (5,9205), (3,3319), (1,19253), (4,9177), (3,3193), (4,9243), (1,19257), (2,8348), (4,9182), (1,19323), (5,9152), (2,8222), (1,19326), (5,9156), (0,13983), (5,9222), (5,9225), (1,19272), (1,19146), (4,9262), (4,9072), (4,9265), (0,13997), (5,9171), (0,14062), (5,9045), (3,3286), (4,9208), (0,14004), (3,3353), (2,8315), (2,8382)
matones	(1,9637)
subcedido	(0,905)
herbert	(5,4262)
veracidad	(5,6647), (5,3833), (5,7118), (0,13453)
azuza	(2,4671)
quitaos	(4,1836), (4,1182), (4,7440), (4,1137)
insertos	(0,13401), (0,13018), (5,6176)
pagamiento	(4,5688)
avino	(1,3852)
fundir	(3,356), (0,3249), (3,1112), (0,590)
oprimiendo	(5,2597), (2,7445)
aguilaret	(4,1059), (4,1062)
reclamaciones	(5,5786)
revelareis	(0,2123)
quedoles	(4,569)
aleman	(5,4327), (5,6139), (5,6603), (5,7789), (5,4113), (5,5714)
cubana	(5,4600), (5,6888), (5,4298), (5,5099), (5,5294), (5,4016), (5,4801), (5,5091)
received	(0,13951), (1,19298), (4,9224), (5,9197), (4,9234), (3,3250), (3,3251), (3,3254), (2,8279), (2,8280), (2,8283), (0,14044), (1,19203), (1,19204), (3,3335), (4,9128), (4,9129), (0,14054), (1,19207), (4,9132), (5,9102), (2,8364), (5,9103), (5,9106), (3,3345), (2,8374), (1,19288), (0,13947), (0,13948), (5,9187)
romperse	(0,643), (5,147)
cargonos	(0,10249)
booth	(5,7548), (5,7501), (5,8045), (5,7534)
pareciesen	(1,5457), (1,15229), (3,176)
millet	(5,8495), (5,5185)
destruyen	(1,18212), (1,17205), (1,7738), (5,1760)
pregunten	(1,5043)
alcarabea	(4,430)
avios	(3,452)
preguntes	(2,1422)
fascinar	(3,215)
portador	(2,1214), (2,2046)
animal	(1,10305), (1,16545), (2,3556), (1,16739), (2,5381), (1,9604), (2,7672), (1,16247), (4,5822), (2,4302), (2,7711)
cubano	(5,4452), (5,6980), (5,6918), (5,4776), (5,4011), (5,4815), (5,5136), (5,6961), (5,6932), (5,2582), (5,3606), (5,4183), (5,8346), (5,7163), (5,3710), (5,7198), (5,4799), (5,7202)
preso4	(2,5259)
patax	(0,8257), (0,9543), (0,6348), (0,6351), (0,6352), (0,3409), (0,6481), (0,4437), (0,5973), (0,5975), (0,9559), (0,4441), (0,7513), (0,8283), (0,9564), (0,6505), (0,8176), (0,7411), (0,7415), (0,8184), (0,7417), (0,8186), (0,12027), (0,8445), (0,7422), (0,13438), (0,8192), (0,6145), (0,6147), (0,10126), (0,8208), (0,8210), (0,6174), (0,9630), (0,6175), (0,3233), (0,9634), (0,4260), (0,4261), (0,7461), (0,6057), (0,6058), (0,6060), (0,6063), (0,6066), (0,6454), (0,8246), (0,6072), (0,7483), (0,3516), (0,8252)
patay	(0,5865)
187789	(5,706)
vigor	(5,5924), (5,6436), (5,2087), (5,2471), (5,2599), (5,1192), (5,2985), (5,1133), (5,947), (5,6388), (5,4789), (5,1404), (5,637), (5,7360), (5,2050), (5,196), (5,1925), (5,4359), (5,715), (5,5841), (5,2130), (5,2261), (5,3606), (5,344), (5,5657), (2,4986), (5,736), (5,6307)
patan	(0,12784), (0,7607), (0,7628)
volved	(2,5249), (2,5265), (1,14353), (1,1442), (2,5251), (1,17427), (1,14486), (2,5290), (1,14523), (1,13981)
medidas	(2,2194), (5,1271), (1,5587), (5,984), (3,2518), (5,4588), (3,176), (2,5711), (1,11678)
triguillos	(1,2143)
saberlos	(1,5006)
majadero	(1,16881), (4,6518), (2,742), (4,1838), (2,3408), (2,7872)
patas	(4,8181)
moviendo	(2,3297), (2,3426), (5,2840), (1,16646), (2,4648)
quitame	(1,16370), (4,6904)
entenderle	(1,2901)
lumbrera	(1,2689)
luisiana	(5,2375), (5,2505), (5,2553), (5,3659), (5,2365), (5,446), (5,3456)
episodios	(5,2980), (5,6660), (5,1130), (5,6318), (5,1071), (2,46), (5,5371), (5,5949), (5,97), (2,63), (5,6562), (5,3363), (1,18143)
volver	(1,14368), (1,8866), (1,10019), (1,15013), (1,10534), (4,587), (1,3371), (5,7088), (1,17837), (1,5808), (5,3767), (2,2073), (1,4793), (5,3646), (1,13755), (1,1725), (1,16061), (2,6943), (2,7583), (1,12606), (1,1728), (1,3906), (1,17991), (0,6503), (5,4174), (1,7882), (1,9418), (3,1678), (5,5201), (1,7249), (1,7768), (0,5241), (0,762), (2,6973), (0,7164), (1,9441), (1,4067), (1,15075), (0,7940), (3,424), (1,8806), (1,9830), (1,10855), (1,13292), (1,14188), (1,3309), (5,4593), (1,12910), (1,10991), (5,5108), (1,7664), (1,5361), (1,7665), (1,11505), (2,1875), (0,6417), (1,8693), (1,3961), (1,16762), (2,1885), (1,9340), (3,2239), (5,5377), (1,9853), (1,14079), (0,10143), (1,7557), (2,5223), (0,6949), (0,9126), (5,6029), (5,7057), (1,13965), (1,12814), (1,2447), (1,12815), (2,4721), (5,6292), (3,1748), (1,10771), (1,12181), (1,7702), (1,9622), (5,2588), (2,4985), (1,4376), (1,18072), (1,8601), (1,14362), (1,16414)
regresarla	(3,2554)
consigan	(3,2603), (2,7099)
jugaban	(5,1494), (1,581), (1,8379), (1,12187), (1,717)
destruyda	(0,10322)
jauregui	(3,2451), (3,2500), (1,133), (3,1626), (3,2573), (3,1697)
desmintio	(2,6669)
setenta	(5,2309), (0,3232), (1,17697), (5,3400), (0,3657), (0,3890), (0,13300), (0,277), (0,4021), (0,11733), (0,407), (0,13528), (5,6558), (3,1025), (5,5347)
siendolo	(3,1825)
francorum	(4,2473)
tunantes	(2,6905), (2,123), (2,299), (2,5100)
anticipacion	(3,2884), (3,2459), (3,2830)
swamp	(3,3346), (4,9235), (1,19299), (2,8375), (0,14055), (5,9198)
siendole	(1,10582), (1,6969)
excentrica	(5,7495)
opes	(1,8098)
discordias	(5,6054)
mancebos	(1,11173), (1,11381), (1,5144), (1,18312), (0,3721), (1,10906), (1,11340), (1,11727)
quitase	(1,7028), (1,9652), (1,13268), (1,18548), (4,472), (1,16775), (5,784), (1,3500), (1,7181), (1,7214)
cubaid	(5,3685)
siendoos	(0,4610)
pusiesen	(5,4629), (4,8436), (1,14979), (1,6535), (1,3192), (4,6779), (0,6119), (1,13864), (1,10953), (1,17275), (0,6172)
ocupanse	(1,17878)
montiela	(1,17843), (1,17508), (1,17560), (1,17530)
terriblemente	(5,5623), (5,313), (5,6033)
lenguas	(2,6338), (1,1378), (1,15845), (1,8486), (1,8550), (5,7790), (4,4686), (1,12267), (1,14699), (1,14253), (1,433), (1,10865), (5,3642), (5,3964), (1,16376), (0,345), (5,3711), (1,14716), (1,8573), (1,196), (1,4103), (0,5286), (1,3016), (2,4526), (0,8044), (0,8940), (0,10418), (1,8405), (0,5177), (1,15579), (1,2077), (0,11901), (1,17694), (1,95)
ignorandolos	(1,16874)
arguyeron	(5,1598)
menosprecie	(1,12091)
punal	(2,6931), (2,6934), (2,5591), (2,3368), (5,7515), (2,3534), (1,12237), (2,4560)
incluir	(5,422), (5,7767), (5,1688), (5,6943)
mentire	(4,1595)
funden	(3,1112), (3,1114)
valenton	(1,5716)
cuartas	(3,1121)
mentira	(2,2725), (4,5832), (1,1353), (1,17802), (1,11057), (1,2706), (2,3347), (4,6901), (1,18805), (3,829), (1,5691), (1,15995), (5,3840), (1,15997), (1,18557), (2,8000)
formidable	(5,5829), (5,2950), (5,487), (5,7271), (2,3813), (3,1288), (5,4682), (5,1229), (5,3470), (2,5357), (5,2642), (5,1109), (5,246), (2,1751), (5,1339), (5,5790), (2,6879)
mondo	(1,11638)
sugeria	(5,4933), (5,1073), (5,2658)
teologos	(3,854)
exploradores	(3,2675), (3,2647), (5,619), (5,1296)
deducia	(5,187), (5,1612)
universitarios	(5,6133), (5,3951), (5,6735), (5,5040)
gozosos	(1,1851)
aguardiente	(2,2817), (2,6295), (3,2329), (2,2749), (2,5342)
compadezco	(2,7138)
floja	(0,8095), (1,17669)
llegose	(1,547), (1,3621), (1,10541), (1,1522), (1,1973), (1,10549), (1,10874), (1,2748), (1,13116), (1,17468), (1,18876), (1,12157), (1,14142), (1,15294), (1,8961), (1,3650), (1,17538), (1,7364), (1,2374), (1,3655), (1,5127), (1,8456), (1,14347), (1,4876), (1,15373), (1,9359), (1,1878), (1,13526), (1,18397), (1,3934), (1,9950)
millas	(4,6200), (5,1803), (1,15111), (1,15096), (5,3149), (1,3293)
millar	(0,1896), (0,4584), (1,8121)
asegurarian	(0,7772)
araucano	(5,7992), (5,6178)
deducir	(5,7716), (5,6088), (5,494)
dijeles	(1,12423), (1,7546)
monda	(2,257)
sobriedad	(2,996)
execracion	(2,6854), (5,1856), (2,6845)
colectiva	(5,1607)
aristogitoncillo	(2,1867)
avila	(1,6587)
cabalgaduras	(1,4692), (1,11317), (1,4730), (1,12589), (1,13293)
chupadas	(1,17733)
pollinos	(1,2374)
leccion	(1,4834), (2,821), (2,438), (5,4123), (5,4157), (1,188), (2,7533)
pertenescer	(0,1501)
bufonas	(2,2790)
esclavona	(4,7685)
quitare	(2,7779), (4,6905), (1,13161), (4,3710), (1,13595), (1,9789)
quitara	(1,6021), (1,8309), (1,12085), (2,7115), (2,7117), (4,3792), (4,2369), (4,1858)
retar	(5,2125), (1,11694)
avalancha	(5,3297)
retocadas	(5,7794)
premian	(2,811), (1,2989), (1,2991)
desesperados	(3,1269), (0,7540), (1,9383), (1,8716), (1,13644)
imilguir	(3,2089)
sherman	(5,8686), (5,7555)
ternura	(5,4773), (5,5014), (2,4265), (2,7917)
dorando	(1,1642)
opio	(3,221)
money	(2,8225), (1,19202), (3,3205), (4,9127), (0,13894), (2,8234), (5,9101), (1,19149), (3,3249), (4,9075), (0,13903), (5,9048), (2,8278), (1,19158), (4,9084), (3,3196), (0,13946), (5,9057)
arabigo	(1,3493)
godicas	(4,6156)
incluia	(5,1607), (5,3962), (0,567)
arabiga	(1,3465), (4,8417)
cochas	(4,7604), (4,3791)
cubalo	(0,12636), (0,2925)
subcediesen	(0,8526)
senal	(1,13216), (1,13344), (1,9507), (0,2115), (3,2790), (1,12581), (0,8901), (0,8774), (0,8776), (4,6605), (0,8780), (1,2608), (5,3382), (1,7474), (1,2997), (4,8154), (1,17463), (4,6363), (1,698), (1,16442), (1,13756), (3,1794), (4,6755), (0,6751), (2,5286), (4,5098), (4,1003), (1,6857), (4,1005), (1,1103), (2,2736), (1,1104), (0,6127), (2,7473), (0,6130), (0,9074), (1,17877), (4,761), (0,9077), (1,18262), (1,984), (1,5849), (0,6904), (1,9945), (5,4447), (1,4446), (1,7391), (0,10750), (1,13282), (1,12645), (0,2181), (1,871), (4,2058), (0,2951), (1,878), (1,10094), (2,2640), (0,5519), (4,8467), (1,10993), (1,9332), (1,3957), (4,6044), (4,6045), (1,4986), (1,10107), (1,9341), (1,17405), (1,5763), (3,1480), (0,5925), (1,16263), (0,2087), (1,3976), (0,7335), (1,12556), (4,1204), (0,5940), (0,437), (4,1721), (0,9909), (1,12694), (0,5942), (1,16281), (1,2588), (0,8635), (1,10012), (1,18590)
realizar	(2,6468), (2,1686), (5,1275), (5,5499), (5,397), (5,3438), (0,554), (5,7487), (2,7534), (5,2290), (0,542)
chupa	(3,151)
tocamos	(1,17809), (2,1228)
senas	(0,9791), (1,165), (2,2319), (3,1525), (0,9043), (0,6743), (1,10297), (0,11480), (3,1536), (0,7390), (3,770), (4,8803), (0,7519), (1,2369), (0,7264), (1,12737), (3,772), (1,4932), (0,6500), (0,10084), (0,11365), (0,6758), (1,4040), (4,6124), (0,3946), (0,3950), (0,7534), (1,8911), (0,10094), (0,6767), (3,2324), (4,6133), (1,15442), (1,979), (0,6642), (0,6771), (1,1244), (1,13151), (1,7264), (3,804), (3,1575), (4,6536), (0,6795), (1,1526), (4,667), (1,6649), (0,6424), (0,7963), (0,6940), (4,674), (0,6048), (0,7200), (0,5026), (3,2246), (0,6563), (0,9635), (0,4390), (0,6182), (0,7206), (4,8748), (1,15241), (1,3723), (1,2828), (0,6187), (0,11566), (0,5937), (5,538), (1,4886), (0,6326), (0,9910), (0,6583), (1,12696), (0,9913), (4,4542), (0,6330)
falconetes	(1,4434)
nonproprietary	(2,8193), (4,9043), (5,9016), (0,13862), (3,3164), (1,19117)
arteaga	(3,2524)
provehedor	(0,4523), (0,4269)
alfalfa	(1,5920)
emplazandolos	(5,1497)
cortan	(1,1624)
mantenedor	(5,1839)
cortar	(1,12272), (1,2594), (1,4786), (4,5784), (2,5420), (1,4654), (1,4718)
pataxe	(0,3632)
cortas	(1,5138), (1,11242)
cuartel	(2,1176), (5,5105), (5,3042)
escapar	(5,6825), (1,6502), (5,2939), (1,18171), (2,7262), (0,13262)
abortado	(5,2369)
barbacoa	(0,6710)
desvelaba	(1,9575)
abono	(1,6274), (1,13587), (1,5572), (1,10861)
cuartea	(1,12213)
parroco	(3,1091)
tumbado	(0,5483)
negros	(2,641), (0,4287), (5,3758), (5,560), (0,10445), (0,12749), (0,5710), (5,1972), (4,5973), (1,18354), (4,8536), (0,855), (0,1239), (0,2263), (1,16697), (5,4801), (0,13662), (2,6690), (0,7905), (0,1250), (5,1607), (1,3779), (4,6376), (5,3658), (1,16966), (1,9671), (0,366), (5,3795), (5,2774), (0,7671), (4,1668), (1,9697), (5,3822), (1,17003), (2,4558), (0,4494), (5,244), (0,4496), (5,259), (5,3462), (5,136), (5,4873), (5,2830), (5,2831), (5,2961), (5,1810), (2,627), (5,3862), (2,628), (5,1564), (5,1694), (5,288), (5,3618), (0,8381), (0,10430)
preparaba	(0,13279), (5,1640), (5,7406), (0,682), (2,4268), (5,6929)
abortada	(5,3680)
negron	(3,2146)
lviiicomo	(4,8842)
mermaria	(5,5771)
eleccion	(2,7043), (5,494), (5,2159), (0,4810), (2,142), (5,6769), (5,7218), (1,11568), (5,5877), (5,7157), (5,2168), (5,1338), (5,3387), (5,1212), (5,835), (5,3395), (5,6788), (5,6792), (5,3273), (5,1547), (5,1036), (5,1871), (5,1361), (5,473), (5,1497)
cansarlos	(4,8066)
abalance	(1,1625)
jaqueca	(2,914)
quejen	(1,11591)
abastecieron	(3,1268)
lingua	(1,17013)
senalasen	(1,8898)
asambleas	(5,1877), (5,3064), (5,1241), (5,3228), (5,3070), (5,2192), (5,1890)
tomasen	(1,17217), (1,4294), (1,14887), (4,3467), (0,7146), (0,7115), (0,7148), (0,10702), (1,16784), (0,8210), (0,6356), (1,4214), (5,3515), (0,7447), (0,4122)
insufrible	(1,18704), (1,6541)
mancebia	(4,6690)
innovado	(0,653)
llegandonos	(0,6238)
londres	(5,5893), (1,6119), (1,7118), (1,7473), (1,6642), (5,7830), (1,6772), (5,5690), (1,7255), (1,7319), (1,7479), (1,6104), (1,6136), (5,6205), (1,6553), (1,7193), (1,6298), (1,7483), (1,7515), (5,6177), (1,6653), (1,6622)
patio	(1,3937), (1,5154), (2,8004), (2,7559), (1,5095), (2,6152), (1,8616), (1,8618), (1,10602), (1,17771), (2,7757), (1,9518), (1,5108), (1,5815), (2,7705), (1,17400), (1,5499), (1,5116), (1,11262), (1,16770), (1,12803), (2,7589), (2,7718), (1,5382), (2,7081), (2,6058), (1,9609), (1,17739), (2,7789), (1,17232), (1,11027), (1,11028), (1,17750), (2,7546), (1,7513), (1,5087), (1,11295)
circunscribiendo	(5,1463)
encorvaba	(2,4102)
arregles	(2,5760)
federal	(5,294), (5,3430), (3,3309), (5,1520), (5,1265), (3,3312), (2,8338), (5,3254), (2,8341), (5,190), (1,19262), (4,9188), (1,19265), (4,9192), (5,9161), (5,266), (5,9164), (5,141), (5,335), (5,3472), (5,149), (5,217), (5,1882), (5,220), (0,14009), (5,865), (0,14012)
senda	(5,3476), (2,290), (2,2706), (1,13139), (5,249), (0,10533), (5,2396), (2,5450), (0,10360), (1,16537), (2,509), (1,11599)
include	(3,3172), (1,19125), (2,8201), (4,9051), (5,9024), (0,13870)
hondable	(0,9827), (0,4633), (0,10841)
deudas	(4,5139), (4,4901), (2,3038), (4,7744), (4,7746)
trigos	(3,949), (0,4119)
entenderse	(0,6976), (3,2436), (3,2999), (5,5545), (3,829)
artesana	(4,7947)
desvelada	(0,8677)
trinquete	(1,3344), (1,5666), (0,9585), (0,9633), (0,7512)
hominis	(1,8490)
preparada	(5,3288), (1,10133), (0,635)
monja	(1,11472), (1,818), (1,11476), (1,10725), (1,7350), (1,7259), (1,11468), (1,7262), (1,11470), (1,7263)
esclavosa	(0,9229)
preparado	(5,6102), (2,7076), (2,5446), (5,715), (5,5195), (3,1706), (5,2876), (5,1934), (5,1488), (5,6912)
realizan	(5,2035)
emparedaron	(1,9920)
retes	(0,12415), (0,409)
dispersion	(5,4699)
reten	(1,5222)
defender	(4,5828), (1,14884), (2,7048), (5,687), (1,16431), (0,8851), (2,2199), (3,2939), (0,8668), (0,3101), (5,1859), (4,3684), (5,3461), (2,868), (1,9161), (1,14222), (1,14418), (3,853), (1,13779), (5,6808), (1,8282), (3,2654), (5,2082), (0,2685), (1,2015)
dirigirse	(2,1874), (5,780), (5,7820), (2,7434)
picaba	(1,17208), (1,2253)
ortuno	(0,4303), (0,12316)
traspasaba	(1,13530)
aviar	(4,5549)
constituyendose	(2,2139)
llamamiento	(5,3767), (5,1465), (5,510)
tomandome	(1,15943)
avian	(0,724)
impolitica	(5,299)
impeliendo	(1,9406)
corten	(1,4722), (1,12230), (0,2248)
dilatacion	(0,8335), (4,8519)
esgrimir	(5,4986)
gaitero	(4,5627)
httppglaforgdonate	(4,9240)
habre	(4,6115), (1,17938), (1,8630), (1,2729), (1,3434), (1,18090), (1,14701), (1,18734)
cortes	(2,2881), (2,2371), (2,6979), (5,1450), (2,4359), (2,4936), (0,13129), (2,1740), (2,143), (1,7286), (4,477), (5,2558), (2,4317), (2,7006), (5,2564), (2,866), (2,7016), (2,6445), (1,15246), (1,7823), (2,5425), (2,2483), (1,18194), (1,275), (2,5430), (2,3767), (5,2587), (4,1724), (2,6716), (3,94), (2,6717), (2,2495), (2,5247)
desvelado	(1,16146)
pudieramos	(1,2889)
habra	(1,11301), (1,4648), (5,815), (2,6413), (1,15533), (1,18733), (1,9775), (2,7955), (4,5720), (2,7830), (0,10838), (1,12474), (4,3934), (3,1538), (0,9823), (0,5601), (1,6594), (0,4834), (3,2310), (3,2694), (5,4936), (1,6596), (0,5349), (1,6342), (0,10854), (1,5448), (0,9831), (2,564), (1,13907), (3,662), (4,2424), (4,4986), (4,1403), (0,11639), (1,1113), (2,2876), (0,3834), (3,927), (1,15198), (1,5983), (2,4931), (2,6724), (2,325), (4,3080), (4,7177), (2,7495), (1,2923), (1,14061), (0,10895), (3,309), (0,2578), (1,16115), (1,4725), (2,471), (0,10901), (1,11383), (4,8475), (1,16123), (1,12668), (1,4477), (1,12542), (0,3870), (4,3235), (1,16129), (0,9379), (4,4779), (1,15755), (1,12684), (2,7279), (1,18319), (2,1266), (2,7538), (0,3889), (4,1719), (1,1940), (2,6901), (3,728), (0,3765), (1,7446), (1,2968), (0,3000), (0,10298), (4,8127), (0,10427)
procedencia	(5,6518), (5,7623), (0,199), (0,647), (5,7634)
tomandolo	(1,17828), (2,8014)
adheridas	(5,1725)
virgenes	(5,3268), (4,6023), (0,102)
cuadrangular	(2,1975)
entenderlo	(1,16251)
argento	(4,5402)
forzase	(1,8865), (1,7875)
aporto	(0,8377), (0,2733)
esgrimia	(1,14755)
tomandole	(2,7986), (3,2728), (2,1481), (1,12825), (2,5595), (1,5419), (2,1582), (1,15485)
obsequioso	(5,1450)
preguntan	(4,1623), (4,8679)
vacaciones	(4,5935)
arrancados	(1,9305)
preguntas	(1,8608), (1,8353), (2,1670), (1,4838), (2,1672), (5,7661), (4,4110), (1,12975), (5,2167), (5,3832), (2,5720), (2,1690), (1,15737), (1,12795), (1,17403), (2,221), (2,1630), (1,6272), (2,2915), (1,8067), (1,1991), (2,5035), (2,4908), (2,2993), (1,12432), (2,6197), (3,1368), (1,2647), (5,3803), (2,5115), (4,8701), (4,2882)
mudaba	(5,6583), (1,3259)
preguntar	(2,4259), (1,14626), (1,17571), (1,2573), (2,4911), (1,3664), (1,5042), (1,11026), (1,10964), (2,1430), (2,4216), (1,10491), (1,12571), (1,17628), (1,17629), (1,15006), (3,1345), (1,7263)
disfrutado	(5,1778), (5,2146)
sugieren	(5,5260)
masonicas	(2,2053), (2,2742), (2,4521), (2,1643)
existio	(5,7590), (2,5326)
aullan	(2,4729)
facultativo	(5,3755)
llegome	(1,17471)
resciviendo	(0,4747)
acerbisimos	(4,7042)
brockhaus	(1,74), (1,18958)
filantropicos	(2,2115), (2,1718), (2,2182)
tremulo	(2,7848)
tomandola	(1,12816), (1,8131), (1,10663), (1,8856), (1,9880), (1,10185), (1,9244)
traspasado	(2,2886), (1,3509), (1,11208)
avido	(0,735), (5,4650)
ocultarlas	(3,552)
importarnos	(2,6553)
existia	(5,2180), (5,7412), (0,13327), (0,12896), (5,5222), (2,2948), (5,584), (5,125), (5,1534), (5,3102), (4,110), (5,1199)
valentia	(1,17264), (1,5716), (1,6564), (5,809), (1,4552), (1,17209)
tremula	(2,5386)
valentin	(4,6567)
harmodio	(2,780)
pateticas	(5,6987)
suaves	(3,2655)
avida	(5,5203)
imparcialidad	(5,2918), (5,2651), (5,6796), (5,5441), (5,6770), (5,6882)
tetuan	(5,3773), (1,10810), (5,4531)
punetazo	(2,6592)
catechaella	(0,10030)
distantes	(3,215), (3,813)
mudado	(4,2534), (1,12874), (1,10924), (0,2349), (1,1455)
regresaron	(0,13393), (0,13350)
picado	(2,880)
presas	(0,8063), (0,8096), (1,16436), (1,18886), (1,17592), (1,3197), (1,1822), (1,3231)
prolongamos	(0,10352)
esgrima	(1,2193), (1,5096)
sucediendo	(5,2280), (5,3208), (0,2777)
existir	(3,1634), (5,312), (2,7813), (0,757), (5,1039), (5,4803)
moderase	(1,2761)
hallavan	(0,10771)
diomela	(2,1249), (1,18233)
vozes	(0,7263), (0,6337), (0,7271), (0,6377), (0,7083), (0,7532), (0,10542), (0,6580), (0,6325), (0,7189), (0,6329), (0,6459), (0,10492)
