caracteres	(5,5546), (5,4864), (5,6192)
envidiosa	(1,11990)
sonaremos	(4,6231)
enfrenar	(4,346)
hispanoamericano	(5,5561), (5,7873)
capitularon	(5,3468)
liviano	(0,9919), (4,4814)
barcelona	(1,13318), (5,6667), (4,939), (2,5291), (1,13322), (5,6671), (1,13324), (1,13580), (1,8942), (1,9139), (1,13715), (5,6584), (1,13396), (1,13301), (4,3739), (1,13308), (1,13725)
liviana	(1,12064), (4,4868), (1,17389)
bazan	(5,8569), (5,6782)
incluirlo	(5,1975)
because	(5,9143), (0,13988), (3,3291), (1,19244), (4,9168), (2,8320)
vicepresidente	(5,7525), (5,183), (5,2441), (5,7485), (5,208), (5,3459)
influjo	(0,657), (2,2036), (5,3995)
iniguez	(0,13184), (0,13253), (0,13178), (0,12318)
vengarme	(1,18107)
aborto	(2,5545), (5,1872)
influir	(0,462)
abajo	(1,4962), (3,1128), (1,14886), (1,1255), (3,362), (1,12968), (3,1131), (2,1482), (3,2093), (1,5100), (2,1998), (1,5232), (2,6101), (3,2618), (1,10042), (4,7586), (1,5957), (0,7404), (1,5966), (1,10319), (2,6065), (5,4503), (1,12374), (5,606), (1,5918)
ternate	(0,2594), (0,2452), (0,12854), (0,2535), (0,2506)
arrendamiento	(0,13052)
demostrais	(4,6571)
mayor	(1,544), (1,8736), (2,7682), (0,10817), (0,13379), (3,1512), (5,6570), (0,3654), (0,1607), (1,5672), (1,17963), (0,10827), (4,6614), (2,1045), (4,6616), (5,7097), (5,4026), (0,13398), (3,2557), (5,7615), (1,13372), (1,3133), (4,6624), (1,3134), (1,4158), (2,3111), (5,7626), (1,8775), (1,5197), (5,3027), (3,2579), (5,5589), (2,7737), (0,7802), (3,542), (1,8796), (0,10875), (5,1506), (5,4073), (0,9860), (1,3176), (5,4079), (2,2637), (3,2606), (0,10892), (1,4206), (0,142), (0,3732), (1,13941), (1,18037), (1,18038), (2,88), (0,6808), (0,13465), (0,10394), (0,7324), (0,4257), (0,1188), (2,5736), (0,6822), (0,6823), (1,18056), (0,8873), (1,16011), (5,2064), (0,4267), (0,11435), (0,6828), (0,4781), (3,2641), (3,2134), (5,4122), (0,4795), (5,6688), (0,4285), (0,7869), (3,609), (1,8863), (1,5285), (1,18085), (1,11945), (1,14506), (2,1683), (4,2133), (1,14514), (5,7736), (1,17076), (1,14520), (0,218), (0,7899), (1,4801), (5,1094), (5,4167), (5,2120), (1,14532), (1,18628), (3,137), (3,649), (0,2790), (5,7244), (5,592), (0,11499), (3,1686), (1,5844), (5,4697), (1,5334), (2,1721), (5,2141), (5,7262), (4,126), (1,16606), (1,17642), (1,18155), (0,779), (3,1198), (1,6380), (0,6925), (5,7284), (0,276), (5,2169), (1,12535), (1,3326), (1,6910), (1,4357), (2,6374), (3,1225), (0,13608), (0,13614), (1,5392), (4,5812), (1,2323), (0,13107), (4,5819), (0,5947), (0,316), (2,6911), (5,7842), (0,12093), (1,6943), (1,5920), (0,3393), (5,5798), (0,9538), (1,18214), (1,2344), (0,5960), (0,9544), (0,12104), (0,3403), (1,5932), (1,17708), (1,18220), (1,2350), (0,5455), (0,5968), (0,12113), (0,5970), (0,11602), (2,277), (0,4437), (0,7510), (0,7511), (1,16184), (3,1275), (0,12120), (5,3774), (0,11609), (1,6460), (1,7485), (2,4896), (0,11614), (0,9567), (0,12127), (0,9568), (0,9059), (0,868), (5,4297), (0,13669), (0,9062), (5,1228), (0,11627), (1,15692), (3,1295), (0,9582), (1,14159), (2,2867), (0,6006), (5,5340), (5,4829), (4,3838), (0,9083), (2,2880), (4,7941), (0,9089), (3,2853), (0,13698), (0,7044), (2,4935), (2,7495), (0,5510), (0,7047), (0,7048), (0,4489), (0,11658), (4,788), (1,13681), (0,2961), (1,12146), (0,11667), (1,16244), (0,1949), (2,2912), (1,12160), (0,9632), (5,262), (0,7074), (2,1894), (1,4999), (1,7047), (1,10631), (0,6567), (0,1960), (1,16777), (4,814), (5,783), (0,6572), (5,6929), (5,6936), (0,7091), (0,10675), (2,6006), (1,14741), (1,2967), (5,5915), (1,410), (0,441), (3,2912), (3,1377), (3,867), (1,7594), (1,7085), (2,5520), (1,945), (4,3413), (5,6456), (1,6581), (3,1407), (0,2524), (4,1379), (1,16833), (5,1862), (1,4034), (2,6563), (5,839), (0,6627), (0,1510), (4,2413), (1,8139), (1,10187), (4,2927), (5,4433), (4,6514), (5,4950), (1,5590), (1,6614), (2,1981), (5,5475), (1,12257), (2,1987), (1,16354), (1,15849), (5,1905), (1,12274), (1,3059), (1,2037), (3,2490), (5,7548), (1,13816), (1,1530), (0,8731), (5,897), (0,8736), (3,1480), (0,1574), (0,13351), (2,6641), (1,4630), (5,6042), (4,8121), (5,5019), (1,17946)
hirieron	(0,8863), (0,6657), (0,7537), (0,6994), (1,16084), (0,6486), (0,7497), (0,7548)
topandolas	(0,6284)
aborta	(1,500)
explican	(3,1427), (3,1898), (3,1297)
hincadas	(0,10398)
digoles	(1,396)
flaca	(1,17734), (1,17753), (2,6955), (1,13021)
chocar	(2,167), (2,2332)
dudeis	(1,2608), (1,13461), (2,5275)
pequenas	(0,6848), (0,6850), (0,10562), (0,9860), (1,1958), (0,6853), (3,361), (1,5095), (3,1130), (0,10887), (0,6858), (5,4080), (0,6733), (0,6861), (2,3602), (2,4374), (3,3005), (0,10013), (5,1220), (3,1294), (5,1296), (0,10284), (0,10157), (0,10221), (3,1938), (0,5744), (0,10099), (0,7543), (0,10935), (5,2529), (0,5694), (0,10878)
risas	(2,178), (2,5459), (2,180), (2,5350), (2,3500), (2,175), (2,4416)
sinogas	(4,2153), (4,8688)
discordancia	(0,200)
aherrojaron	(1,2459)
explicar	(3,1401), (3,2138), (3,1484), (5,4401), (0,222), (2,528)
pertenencia	(2,1601), (1,6004)
amores	(2,7426), (2,3395), (1,6954), (1,16490), (2,462), (1,12847), (1,11507), (1,13683), (1,372), (2,4887), (4,412), (4,3807), (4,5347), (1,15745), (1,13954), (4,5158), (1,15748), (1,6919), (4,1835), (1,10698), (1,15819), (1,13516), (1,2127), (2,3248), (4,1843), (1,6930), (1,14230), (1,13657), (2,3131), (4,4991), (1,3103)
gramos	(2,1631)
empenar	(1,15126), (4,4698), (3,2432)
docena	(5,7910), (1,11397), (1,5259), (1,18444), (2,878), (5,594), (4,5969), (0,10605), (0,4495), (2,5585), (1,5233), (1,564), (4,5594), (1,1465), (0,8026), (1,11933), (2,4991)
gueyte104	(0,9787)
pesco	(1,17184), (2,2386), (1,17098)
vengaron	(1,4338), (3,1277)
alabados	(1,13106)
lombrices	(4,5782), (4,2105), (4,4816)
originalmente	(5,1948)
prohibition	(2,8369), (0,14049), (5,9192), (3,3340), (4,9229), (1,19293)
envolviendo	(0,1893)
hurtan	(1,16356), (0,2346), (4,2129)
aguarda	(2,4657), (1,1505), (2,2537), (1,10216)
brillaba	(5,1407), (2,7343), (2,3568)
empenan	(2,857)
exploraron	(3,76)
recebidas	(1,14148), (1,7278)
granjearian	(1,3064)
volvi	(1,17472), (1,16421), (1,16422), (1,16838), (1,3272), (2,1071), (1,17043), (1,12724), (1,4021), (1,16022), (1,17112), (1,9338), (1,16827), (1,17118)
anfray	(0,3546)
capote	(0,7248)
envidioso	(1,6816), (2,3095)
sanastes	(4,3775)
senoriaalmaguer	(0,1976)
suspiros	(1,8768), (2,2563), (1,13474), (1,13059), (1,14499), (1,14694), (2,4558), (1,4205), (1,13070), (1,3279), (1,13167), (1,13137), (1,14065), (1,13042), (1,3382), (1,14103), (1,13018), (1,3036), (2,4574), (1,13117), (1,8959)
polvito	(1,372)
cartita	(2,461)
hispanoamericana	(5,6906), (5,5327)
reinar	(1,14504)
subele	(4,834)
talentos	(5,6999)
silva	(5,6452), (3,1683), (5,6304), (3,1535), (3,1951), (5,6065)
republic	(5,5705), (5,8635)
bravos	(1,5152), (2,4931), (1,14180), (1,5541), (1,17227), (2,1107), (1,18514), (3,1045), (1,5368), (1,5274), (2,5468), (1,17243), (1,5118)
enhorabuena	(2,6675), (1,596), (1,1445), (1,14581), (4,4060), (1,1999)
mostreme	(1,16452)
amado	(2,4658), (1,10690), (4,5174), (4,5176), (2,4025), (2,4428), (0,1310)
retroceda	(5,6350)
acometerlos	(0,5227)
reydevoto	(0,3149)
acomodandole	(1,7667)
daquellos	(4,836)
hurtar	(0,10499), (1,262), (1,1862), (1,2439), (1,17895), (1,1865), (4,3212), (1,267), (1,1745), (4,7988), (1,17906), (1,1814), (0,6453), (1,4986), (1,4923), (1,4988), (1,9342)
rigurosamente	(5,4357), (5,4567), (3,551)
dixese	(4,6725), (4,6079)
altere	(4,257)
labrador	(1,7621), (1,8009), (1,17897), (1,2346), (1,8012), (1,17900), (1,17903), (1,17905), (1,17906), (1,17908), (1,17914), (1,7645), (1,17917)
casta	(4,3431), (5,7720), (1,1189), (1,17973), (1,16438), (5,812), (1,13385), (1,447)
altera	(5,7755), (0,13197)
comun1	(1,7974)
gastaron	(0,11730), (0,7541), (4,6924), (4,6269)
enganarlos	(3,549)
ymbierno	(0,3490), (0,3498)
casto	(1,18691)
acomodandome	(1,14752), (1,13577)
parezco	(4,5110), (1,14666), (1,10235), (4,415)
altero	(2,7503)
muslo	(4,7027), (1,17040), (0,10267)
venieron	(4,944)
egipciacas	(4,6156)
matado	(5,6730), (0,10747)
fillolo	(4,7223), (4,7218)
vengarse	(1,3143), (2,4393), (1,16745)
desinteresado	(1,14435), (5,5022), (5,4435)
pabellones	(1,2973)
perdonara	(4,3798), (2,7465), (4,2781)
perverso	(2,5891), (1,17644)
principiando	(3,627), (2,2244)
desinteresada	(5,870), (5,4668)
alcabala	(1,17913), (1,4810), (1,4989), (0,1326)
damos	(0,9281), (0,1237), (4,154), (4,1535), (2,1597), (4,7279), (1,2381)
refiero123a	(0,11713)
repare	(1,17792)
angustias	(5,5884), (5,7455)
gastarse	(0,3832)
perdistes	(4,4209)
repara	(2,5281)
iniciar	(5,5174), (5,218), (5,1246), (5,3041), (2,559)
costoso	(0,3522), (1,9749), (4,2959)
explicitas	(3,179), (5,3384)
alpargates	(1,10821), (1,4604), (1,8349)
apareciendo	(0,13138), (2,4410), (2,5005), (5,1090)
hurten	(0,4921), (1,16366)
abentajaba	(0,6598)
cosecha	(5,6822), (1,8498), (0,7011), (3,1017), (1,17400), (1,16349), (5,5602)
franqueados	(3,267)
septiembredos	(0,2435), (0,11918)
inicial	(5,5735), (0,13319), (2,221), (5,3377), (5,4737)
perdonase	(2,3985), (1,12520), (1,2843), (1,7019), (1,7099)
costosa	(0,5060)
reparo	(3,531), (3,2468), (0,9873), (2,3109), (0,5251), (0,2949), (1,9814), (0,13541), (3,1929), (3,2942), (0,5244), (0,6733)
enlazados	(1,3605), (1,10541)
residuo	(0,13043)
carrastollendas	(4,8005)
sepulcro	(5,7001), (1,3702), (2,5610), (5,2815)
ruindades	(0,6673)
potestad	(1,17692)
risco	(3,1989)
disfrazar	(3,207)
1542de	(0,2159)
gigante	(1,1489), (5,7285), (1,18441), (1,18426), (5,610), (1,10270)
sufren	(2,7924)
3000	(3,451)
demostraba	(4,5514), (2,4010)
resultante	(5,2892)
jayanes	(1,17232)
lxvi	(4,8226)
potestas	(1,8489)
pagar	(1,5283), (1,13606), (0,7110), (4,5198), (0,1355), (0,8142), (4,1107), (1,6705), (4,6871), (1,565), (2,1047), (1,6710), (4,3932), (4,1377), (4,3810), (4,5735), (4,3945), (4,5354), (4,6254), (1,5325), (0,1393), (1,17106), (4,6518), (1,9812), (1,8664), (2,193), (0,1279), (1,5986), (0,7938), (0,2691), (2,2758), (0,7173), (0,1161), (4,3981), (5,3694), (0,8076), (4,5393), (0,1166), (1,5873), (0,10385), (4,2454), (2,2901), (4,4760), (1,17910), (4,2975), (1,17917), (1,894), (0,1181), (4,4258), (4,5026), (0,1184), (1,898), (4,2984), (2,7017), (4,5677), (0,2604), (0,5168), (4,2743), (4,1464), (0,2485), (0,1080), (1,1561), (4,2240), (4,4288)
hallolos	(1,9826), (1,9423)
viendola	(1,371), (1,6179), (1,11141), (1,9638), (1,10520), (1,14796), (4,704)
nascitur	(5,3412)
pagan	(2,5074), (4,1370), (4,1565)
excluyesen	(5,6269)
pagas	(2,3777), (0,4403), (1,7708), (0,11709), (0,12045), (0,11822)
bajandole	(0,7872)
colericos	(1,8431)
protestase	(3,197)
desalojar	(5,5464)
desmientan	(1,13157)
viendolo	(0,7378), (5,4024), (0,8951), (1,12286)
urna	(2,5142)
mostreis	(4,2071), (4,1274), (1,15517), (1,6399)
maldiciendo	(1,17446), (1,11279)
enterrada	(1,14038), (0,5927), (1,1549)
parando	(1,3784)
viendole	(2,7474), (1,10849), (1,11571), (1,8394), (1,1452), (1,3788), (1,943)
viendome	(1,16584), (4,944)
estancamiento	(2,507)
aprovechamiento	(0,7439), (0,1824), (0,5077), (0,793), (0,5097), (1,9770), (0,4764), (0,8509), (0,1886), (0,4574), (0,6606)
hispano	(2,689)
enterrado	(2,6026)
esclarecer	(3,2314)
amaba	(2,6961), (2,4178), (2,3236), (1,10581), (1,6424), (5,7058)
asombrada	(2,5845), (1,18246), (1,9503)
concluidas	(2,1705), (2,2429)
residir	(0,5247), (0,9427)
cuanta	(2,4884), (4,8454), (2,2725), (1,3973), (1,1207), (4,4683), (3,2845), (1,3771), (1,3899), (1,4699), (4,4610), (1,10623)
energica	(5,7252), (5,485), (5,5575), (5,1528), (5,5402), (5,2507), (2,6936), (5,1965), (5,3789), (5,1009)
residio	(5,6620)
demostrado	(2,6942)
demostrada	(0,878)
navego	(0,5638)
vestia	(1,12432), (2,2674), (2,6100), (5,1801), (5,3614), (2,7084), (2,2030)
representations	(4,8996), (5,8966), (0,13812), (3,3114), (1,19067), (2,8143)
acomodandose	(3,2835), (1,9389)
resucito	(2,1322), (1,2877)
asombrado	(2,5229)
interesado	(2,2820), (5,7117)
monipodio	(1,5154), (1,5668), (1,5927), (1,5163), (1,5935), (1,5942), (1,5431), (1,5177), (1,5948), (1,5694), (1,5957), (1,5961), (1,5968), (1,5201), (1,5208), (1,5720), (1,5976), (1,5724), (1,5217), (1,17250), (1,5733), (1,5990), (1,17254), (1,5481), (1,5993), (1,5229), (1,5741), (1,4978), (1,5490), (1,5494), (1,5239), (1,4984), (1,6010), (1,5245), (1,5249), (1,5765), (1,5510), (1,6025), (1,5258), (1,5262), (1,5777), (1,5269), (1,6038), (1,5277), (1,6046), (1,5793), (1,5027), (1,5541), (1,5798), (1,6054), (1,6060), (1,5297), (1,6067), (1,5300), (1,5812), (1,5813), (1,5302), (1,5816), (1,5817), (1,5562), (1,5818), (1,5308), (1,5823), (1,6081), (1,5570), (1,5315), (1,5320), (1,6092), (1,5583), (1,5330), (1,5075), (1,5594), (1,5852), (1,5344), (1,5600), (1,5601), (1,5094), (1,5361), (1,5875), (1,5625), (1,5627), (1,5885), (1,5630), (1,5634), (1,5381), (1,5637), (1,5127), (1,5896), (1,5897), (1,5386), (1,5900), (1,5901), (1,5142), (1,5912), (1,5145), (1,5148), (1,5404), (1,5150)
volberse	(0,8274)
deshechas	(4,3792)
cuanto	(1,1059), (1,4138), (5,431), (1,13362), (4,988), (0,10840), (1,4154), (5,448), (2,4125), (2,1055), (1,16447), (4,7140), (1,1093), (1,16969), (1,14922), (1,15947), (4,4079), (1,13390), (2,3633), (4,8182), (3,2584), (0,11893), (3,1562), (1,17498), (5,993), (4,3078), (5,4072), (4,6663), (1,15467), (3,1070), (1,3181), (1,2161), (1,3189), (1,14965), (4,3609), (1,15997), (1,14975), (0,671), (4,7715), (1,18560), (4,6180), (2,4708), (4,5672), (4,556), (4,5676), (1,10889), (1,18571), (1,18573), (3,2128), (4,4658), (4,5683), (4,6707), (1,18577), (1,16533), (3,2648), (1,12438), (4,6202), (4,574), (3,2141), (1,4763), (1,16028), (5,3107), (1,4255), (4,4679), (1,13479), (5,2606), (4,3663), (5,5684), (1,18617), (4,4192), (1,11458), (1,11970), (5,2119), (1,17604), (4,6760), (1,17605), (1,1735), (5,7248), (1,6350), (4,626), (4,2674), (2,5810), (1,6361), (2,3771), (5,7264), (4,7299), (4,4740), (1,14564), (5,2153), (5,6249), (5,7273), (1,10469), (4,5257), (4,7308), (4,653), (1,6378), (1,14058), (5,5235), (1,18671), (1,14064), (4,660), (4,7828), (1,5876), (4,7831), (1,9974), (1,763), (5,7807), (4,7329), (1,4351), (4,6819), (5,4229), (1,18690), (1,14599), (2,2281), (2,4333), (4,5297), (1,13583), (5,4246), (1,12053), (2,1279), (5,7843), (4,5827), (4,5830), (3,1254), (4,5834), (1,18728), (1,12075), (1,1325), (1,4909), (4,721), (0,337), (1,1331), (5,185), (4,7897), (2,1304), (1,13624), (1,3897), (1,13113), (1,1339), (1,4924), (1,12604), (3,1279), (1,12605), (2,6434), (3,1796), (5,4806), (5,712), (1,14661), (2,1320), (1,10059), (1,1368), (3,2842), (1,13657), (5,3294), (3,2846), (4,4351), (4,257), (1,3425), (1,5985), (5,2279), (1,1382), (1,17254), (1,13671), (4,779), (1,13673), (1,18793), (4,6926), (1,7534), (1,17263), (3,2357), (4,6422), (2,5462), (3,1848), (3,2362), (2,2906), (2,2908), (1,2939), (4,4384), (1,10621), (3,2371), (1,2945), (1,4486), (3,841), (4,1836), (1,10636), (2,2414), (1,4496), (4,4409), (4,3386), (5,6942), (1,1949), (4,1857), (4,5953), (4,835), (3,2914), (1,4515), (1,16806), (1,3496), (5,5422), (1,16301), (2,5520), (1,14771), (1,7608), (1,14265), (4,8546), (1,5057), (4,3429), (3,2437), (4,7021), (4,6512), (1,1998), (4,1397), (1,16850), (1,3542), (1,16854), (4,7546), (5,348), (3,2459), (3,2971), (5,2911), (4,8575), (5,1890), (1,9183), (4,6024), (4,3465), (5,3947), (1,6130), (1,11251), (1,18932), (4,922), (5,6011), (2,3033), (3,1981), (1,14843), (3,2495), (4,1441), (4,5543), (5,5000), (2,1511), (4,2985), (4,1963), (1,17931), (5,3985), (1,528), (2,6132), (1,10260), (3,474)
ynquietud	(0,9229)
revoloteado	(2,4892)
encierran	(1,16386), (5,5627), (1,10671)
vestir	(1,2947), (4,2889), (4,4842), (1,13709), (4,3601), (4,8753), (1,17102), (4,5080), (4,5082), (4,5596), (4,7868), (0,7290), (4,4735), (1,15966)
adoperare	(4,194)
lantia29	(0,2287)
penando	(4,7127), (2,4889)
busto	(2,3996), (2,5182)
negociacion	(1,18758), (2,4456), (5,2652)
mostrele	(1,15874)
referirse	(0,12953), (0,13372), (0,13500), (0,13628)
simpatizadores	(5,7487)
rapprochementsi	(5,6694)
balijas	(1,4780)
patenas	(1,2406)
storey	(5,5959), (5,8700)
comodas	(2,3189)
vestianse	(1,17087)
enterraba	(1,7934)
energico	(5,952), (5,1049), (2,2714), (5,431), (5,1183), (5,1407), (2,6669), (5,5282), (5,739)
facemos	(0,1281)
naos95	(0,9242)
pagole	(1,13711)
reumatismo	(2,6156)
residia	(5,5111), (5,7191), (5,3792), (5,593), (5,2193)
capitularia	(0,967)
stored	(5,9078), (0,13923), (3,3226), (1,19179), (4,9104), (2,8255)
logia	(2,2443), (2,1548), (2,2316), (2,2094), (2,1775), (2,1967), (2,1808), (2,1649), (2,1975), (2,6680), (2,1660), (2,2399), (2,3263)
amada	(1,6880), (1,6850), (1,2243), (1,3507), (5,2600), (1,4406), (2,4168), (1,1752), (4,556), (2,3483), (1,13996), (4,5650)
letargo	(5,4464)
intenso	(1,11010), (5,7395)
acumularlos	(5,1139)
originales	(0,193), (5,4298), (5,4060), (5,4989), (5,6477), (5,6637), (5,5726), (5,4769), (5,5171), (5,5859)
versado	(1,18449), (5,7753), (1,4698), (5,3633)
internos	(5,4045)
subete	(4,3734)
rimano	(4,2480)
trahigan	(0,5282), (0,5220)
modificaron	(2,4967), (5,7554)
potroso	(4,4162)
intensa	(5,4601), (5,4649), (5,4256), (1,9263)
pages	(3,3348), (4,9237), (1,19301), (2,8377), (0,14057), (5,9200)
descubriendo	(0,5615), (1,1923), (0,4002), (0,3955), (1,7524), (1,1653), (1,2552), (1,5416), (1,18840), (2,5467), (1,7530), (0,8686)
encomendadme	(1,5463)
versada	(2,5315), (1,18623)
hemanada	(0,5438)
enumera	(5,5440), (5,755)
incurrir	(5,744), (0,5542), (0,4551), (2,3226), (0,2014)
abrianse	(2,4980)
barredera	(1,370)
anticuadas	(5,3718)
osaba	(2,2914), (1,6177), (1,8547), (1,17027), (1,278), (4,745), (0,8517), (0,7033), (4,6513), (1,10191)
moysen	(1,17960)
regar	(4,7953)
tolerar	(2,2151), (2,4935)
perdoname	(4,3971), (4,4743), (4,6808), (4,829), (1,18122), (4,5903)
complacencia	(1,13104), (1,6153), (5,5550), (2,3901)
demolio	(5,5923)
gavilan	(1,17411), (1,17427), (1,17418), (1,16412), (1,17311), (1,17407)
almorzaron	(1,13287)
pleonasmo	(5,6283)
flamenca	(1,7207), (1,10823)
desordenada	(5,3337)
sedicioso	(5,2296)
limpialla	(4,2337)
sufras	(1,7997)
versaba	(5,2132)
fregonas	(1,11755)
guazamalletas	(4,8270)
flamenco	(3,908)
advertirles	(5,2920)
recuero	(4,1835), (1,18444)
respectiva	(5,466)
entregaredes	(1,12470)
habianse	(2,5642), (1,4797)
casos	(0,319), (2,4002), (3,260), (5,1582), (1,14667), (1,13644), (1,8782), (0,752), (1,14771), (0,628), (0,4884), (1,5557), (0,374), (5,1051), (1,18520), (0,1624), (1,3737), (5,1886), (3,2845), (1,3100), (0,2653), (3,225)
pesos	(0,11776), (0,11777), (0,8198), (0,11782), (0,11783), (5,3694), (0,12041), (0,5067), (0,8142), (0,5071), (0,5072), (0,11735), (5,2430), (0,10329), (0,11737), (0,11739), (5,2497), (3,451), (1,9414), (0,9126), (5,2509), (0,8104), (0,8107), (0,11755), (0,11757), (0,5102), (0,11758), (0,5104), (5,406), (0,5107), (5,3674), (0,5109), (5,2651), (5,3677), (0,5112), (0,11705), (0,11770), (0,11771), (0,11772), (2,5823), (0,11773)
creaciones	(5,1070), (5,7185)
investigador	(5,5022), (5,4272)
navarrisca	(1,18352)
quarto	(0,9728), (0,9731), (0,6086), (0,6087), (0,9803), (0,11468), (0,11663), (0,13519), (0,7312), (0,10000), (0,10192), (0,6290), (0,11476), (0,10901), (0,8922), (0,11035), (0,11675), (0,13531), (0,11231), (0,10085), (0,11301), (0,10344), (0,7337), (0,9706), (0,9709), (0,11117), (0,11373), (0,9646), (0,9712), (0,10164), (0,10167), (0,9725)
atrancaronse	(1,18375)
disfrutar	(2,3107), (3,2953)
intento	(1,2404), (1,2215), (1,3367), (1,6441), (3,876), (5,6767), (1,17005), (1,177), (0,7638), (0,1751), (1,7032), (0,8215), (2,4443), (1,7355), (0,10458), (0,9374), (5,7686), (3,648), (1,12999), (3,1227), (1,4234), (1,4303), (1,14290), (1,10259), (0,10292), (1,17942), (0,760), (0,5305), (1,6171), (1,7835), (0,8314)
disfrutan	(3,2759)
arrinconado	(1,4657)
encomendados	(0,1198), (0,3342)
ilusorias	(2,4968)
dioles	(0,7456), (1,7218), (0,7425), (0,7906), (1,4213), (0,8164), (1,9511)
intenta	(3,2904), (3,1297)
quarta	(0,11330), (0,11076), (0,11335), (0,10056), (0,10057), (0,11337), (0,11083), (0,10061), (0,11343), (0,11088), (0,11344), (0,11104), (0,10850), (0,11106), (0,11372), (0,4717), (0,9841), (0,11379), (0,9591), (0,11129), (0,9850), (0,11387), (0,11135), (0,11391), (0,11392), (0,11393), (0,11399), (0,11144), (0,10889), (0,6027), (0,9612), (0,6287), (0,9615), (0,11152), (0,11154), (0,11413), (0,6038), (0,11158), (0,9627), (0,11166), (0,11422), (0,9889), (0,11169), (0,11425), (0,11173), (0,11429), (0,9894), (0,6055), (0,9903), (0,10164), (0,11446), (0,10938), (0,10944), (0,11201), (0,10948), (0,10956), (0,9678), (0,13520), (0,11218), (0,11474), (0,11475), (0,10965), (0,11222), (0,10971), (0,13531), (0,9695), (0,10975), (0,10214), (0,11240), (0,11497), (0,10991), (0,11505), (0,6130), (0,11506), (0,9717), (0,10998), (0,11254), (0,9724), (0,11263), (0,11011), (0,11526), (0,9737), (0,9744), (0,5908), (0,11028), (0,11541), (0,11287), (0,10520), (0,3865), (0,10521), (0,11546), (0,11547), (0,9756), (0,10525), (0,11044), (0,11047), (0,11303), (0,10282), (0,3886), (0,11321), (0,3901), (0,11070)
poquito	(4,7651), (1,2593), (1,11523), (1,5221), (0,8616), (2,395), (1,10172), (4,1794)
taimadas	(4,2976), (1,10670)
intente	(5,5635)
moverme	(1,3542)
dividirlos	(1,2701)
imploro	(1,18421)
proveeremos	(4,505)
desempachar	(4,6470)
voleo	(1,12236)
ribazo	(1,16454)
prosaica	(2,4958)
polidas	(0,6195), (0,6411), (0,6701)
tontedad	(1,18247)
engrandecida	(5,2539)
humildad	(2,1107), (1,6423), (0,9526), (1,969), (1,6314), (0,9513), (1,11818), (1,16634), (0,986), (0,9499), (1,16796), (2,1792)
ladino	(3,1956), (0,9994), (3,1904)
alevosias	(2,7919)
danar	(5,4310), (0,2618), (0,3995)
hurtos	(1,1809), (4,2182), (2,5349), (1,17877), (1,17895), (1,17880), (1,17241), (1,17865), (1,6076), (1,17869), (1,2542), (1,17918)
soleis	(4,4926), (4,4914)
derramado	(0,10704), (1,3035), (2,4559), (1,10815)
reinos	(1,7202), (1,17650), (3,2982), (0,5076), (0,2055), (0,3288), (3,2844), (1,523)
derramada	(1,9365), (5,2527)
greguescos	(1,16965), (1,10284)
nigromancia	(2,4017)
sentillo	(1,9990), (1,13133), (1,18111)
benemerito	(5,6136)
ladina	(1,10450), (1,10251)
holanda	(5,5705), (5,5721), (1,15879), (1,10767)
almozar	(4,1904)
aguela	(4,4902), (4,2120), (4,426), (4,415), (4,416), (4,417)
perro	(2,833), (2,6081), (2,4292), (1,17061), (1,17318), (2,4296), (4,6475), (4,2576), (1,17392), (2,4307), (1,16437), (1,17399), (2,4313), (1,16440), (1,17464), (1,17784), (2,858), (1,17785), (1,16443), (1,16446), (1,17342), (1,17793), (2,1443), (0,7969), (1,16644), (1,9606), (1,16263), (1,17417), (2,4332), (4,6512), (1,16270), (3,1297), (3,2323), (1,17361), (1,17362), (1,16275), (4,3959), (1,10069), (1,17365), (1,17558), (2,4600), (1,17500), (4,3969)
colindres	(1,17153), (1,17124), (1,17097), (1,17162), (1,17115), (1,17180), (1,17134), (1,17183)
ayan	(0,2644)
naufragios	(1,17651), (2,3879), (2,4343), (3,185), (3,833)
silla	(2,2945), (1,1443), (1,15779), (1,18595), (1,1765), (1,12903), (4,6159), (1,17388), (1,18548), (2,5463), (2,5975), (2,6103), (1,15352), (0,11363), (5,780), (2,4075), (2,7276), (1,6795), (1,15180), (4,2288), (1,6799), (1,15632), (1,7505), (1,17105), (4,3254), (4,2041), (1,16214), (1,13851), (1,15646), (2,6848)
abordo	(0,10017), (0,10225), (0,9992), (0,10379), (0,9980), (0,10413), (0,10382)
aguelo	(4,4547), (4,3835), (4,1340), (4,5743)
perra	(1,17043), (2,3399), (1,11735)
anexionistas	(5,2450), (5,99)
impaciencia	(5,3445), (2,6418), (2,4324), (5,2729), (2,5766), (2,3735), (4,8332), (2,3324), (2,2463), (2,3856)
juiciosa	(3,2452)
garbin	(1,11258)
juicioso	(3,210), (5,1100), (5,4386)
estimo	(1,4067), (1,6709), (1,13941), (1,1015), (1,12090), (1,4107), (4,5104), (1,4077), (1,6367)
persuasiones	(1,13189), (1,3207), (1,7031), (0,8087), (1,10493), (1,10669), (1,12831)
contradecian	(0,8266)
pequenos	(3,1445), (1,12966), (0,7176), (2,1805), (1,17836), (0,5968), (2,2901), (1,6457), (3,1084), (0,8601), (3,1474), (0,10016), (0,4257), (5,3467), (3,266), (3,334), (0,6958), (0,8242), (0,10674), (1,4823), (1,16663), (5,3932), (5,3999), (0,10235), (0,6204)
descomedida	(1,18856), (1,18858)
gavilla	(2,6860)
voleu	(4,1068)
dando	(0,11839), (1,16673), (1,3619), (2,4363), (2,6926), (1,13364), (1,313), (1,9273), (1,10553), (0,10592), (2,5668), (4,3048), (1,5189), (1,6473), (3,1036), (4,8431), (1,3408), (1,1107), (0,2930), (0,4466), (2,1334), (3,2584), (4,8441), (1,4443), (0,13435), (1,1118), (0,6013), (1,10592), (0,11391), (3,1574), (1,8806), (1,2151), (2,5194), (1,12908), (1,15724), (1,12911), (1,14192), (2,6487), (2,3674), (0,665), (5,6143), (1,4989), (0,11170), (0,4771), (0,12965), (1,2450), (0,3250), (1,4246), (1,7830), (1,9878), (0,9398), (1,13978), (0,190), (1,13473), (1,6306), (0,6337), (1,12964), (1,7594), (2,2706), (0,3286), (2,922), (2,7331), (0,3812), (1,18376), (1,12746), (1,11213), (5,7507), (0,9198), (0,10478), (0,9456), (0,13298), (1,7381), (2,2999), (2,5564), (3,2718), (0,8700), (2,6592), (1,7904), (1,16865), (1,12770), (1,9445), (1,5871), (1,2289), (1,10481), (0,11281), (1,13042), (2,6366), (0,13084), (1,13054), (2,2273), (0,6176), (0,12064), (5,5512), (1,1800), (1,17672), (1,2314), (5,2958), (2,1773), (0,10542), (5,3476), (4,8885), (0,4659), (2,6389), (1,1047), (1,12573)
entablen	(0,3978)
persa	(2,153), (2,361), (2,937)
desentranaba	(1,16575)
sometiendome	(0,793)
uuesnoroeste	(0,11539)
desconcertada	(2,1340)
domingos	(5,3945), (1,16526)
descontarlo	(1,1212)
estilo	(2,5251), (5,1128), (5,5864), (1,2279), (5,7915), (5,5869), (5,4527), (5,6322), (5,4404), (2,1748), (5,6970), (5,7739), (5,7228), (1,9400), (1,18489), (2,6687), (5,7170), (5,4356), (5,7684), (5,6470), (5,6790), (5,4359), (5,5639), (5,6343), (2,5542), (2,6694), (1,16586), (3,2709), (1,12887), (5,4765), (5,3235), (5,5283)
gentiles	(1,14594), (0,8995), (0,9060), (0,6823), (0,7783), (0,1768), (0,8586), (4,655), (0,13579), (0,13581), (4,563), (0,8975), (4,5268), (1,8404), (0,9271), (4,8764), (1,14298), (4,2529), (0,9566)
ordinaria	(2,1954), (1,18724), (5,3258), (5,3979), (1,8904), (5,7341), (2,1950)
tixeras	(0,10114), (0,8024)
ahondar	(5,521), (1,13143)
guatemala	(0,273), (0,13281), (0,12979), (0,12996), (5,6474), (0,13205), (0,12669), (0,238), (0,990), (5,3667)
estima	(2,2593), (4,3660), (4,5069), (1,18827), (0,877), (4,5557), (2,3321), (1,1017), (0,4729), (0,4666), (4,5055), (4,4961), (1,14046)
tapolos	(1,4015)
fundareis	(0,2101)
privados	(5,5355)
ordinario	(1,18625), (2,2020), (1,9987), (0,7619), (1,12966), (0,4169), (1,4684), (1,12076), (1,2992), (1,3443), (1,13301), (1,17398), (1,88), (1,8570)
aguero	(4,2195)
estime	(1,8135), (1,14055), (1,18762)
posesion	(4,5507), (0,448), (5,933), (0,2882), (0,2627), (1,9255), (5,2604), (0,12039), (1,13672), (0,6536), (0,6538), (1,13549), (0,6157), (0,9038), (5,1782), (1,1011), (0,4819), (0,6931), (0,852), (5,7801), (0,9052), (0,9053), (5,3779), (1,6719), (0,11940), (1,7431), (1,13129), (0,13353), (0,13229), (1,15632), (0,2608), (0,9073), (5,279), (0,9075), (5,5274), (0,9077), (5,2718), (0,12986), (0,1019), (5,1889)
guisan	(0,6709)
tartamuda	(1,7884)
clabos	(0,6407), (0,6439), (0,6455), (0,6408), (0,6427)
regreso	(0,673), (3,1926), (0,870), (0,13258), (0,843), (0,13675), (2,3886), (0,13260), (0,879), (2,982), (0,503), (0,313), (0,13434), (0,13403)
evolucion	(5,2373), (5,4264)
parescido	(0,4834), (0,3364), (0,5292), (0,5437), (0,990)
sacalla	(4,6922)
sometiendose	(5,5367)
procedido	(5,7156), (0,4577), (5,7814)
sentaronse	(2,4419), (1,12194), (1,11160)
sacalle	(4,2259)
alcahuetas	(4,5989), (1,8019), (4,2972)
guisar	(4,2163), (0,2287), (0,2266), (4,399), (0,10236), (4,418)
irritado	(2,6770), (2,6254)
mallete	(2,1541)
consecucion	(1,9924), (3,2439), (1,6685)
reportarian	(5,2580)
estila	(5,3048)
pensara	(0,2900), (4,5720), (1,1305), (1,16735)
hispani	(4,198), (4,8220)
sacandolos	(0,3462), (1,11498)
nearly	(3,3092), (0,13745), (3,3045), (1,19045), (1,18998), (2,8121), (2,8074), (5,8944), (4,8928), (4,8976), (5,8897), (0,13790)
ayer	(4,451), (2,3585), (2,514), (2,5826), (4,775), (4,6088), (1,17829), (4,2121), (5,2538), (2,5450), (1,6826), (1,17069), (4,7505), (2,4560), (4,723), (1,5939), (4,7834), (5,960), (1,1790), (2,5471), (2,737), (4,6055), (4,3824), (2,5230), (0,8492), (4,4785), (1,13582), (2,7152), (2,5682), (2,7539), (4,2294), (4,6584), (2,3583), (1,7326)
anunciaron	(5,5715)
ayes	(1,13042), (2,1440)
hispana	(2,5250)
moverse	(2,1475), (2,3987), (1,3126), (1,6310), (1,14183), (2,7643), (5,880), (1,2316), (2,8014)
abaxa	(0,10672), (4,476), (4,8175)
pensare	(1,5691), (1,5707)
escitia	(1,13605)
danan	(1,180), (1,13625)
enmienda	(1,9089), (1,15829), (1,11591), (1,6040), (0,201), (0,1369), (1,18111)
sacallo	(4,327)
abaxo	(4,837), (4,3461), (0,10753), (0,9925), (4,522), (0,9926), (0,9927), (4,4175), (0,9807), (4,3732), (0,10192), (4,7576), (4,475), (4,476), (4,2204), (4,285), (0,10585), (4,5023), (4,677), (4,807), (4,7335), (4,7847), (4,2729), (4,494), (4,3310), (4,3313), (4,692), (4,1272), (4,2168), (4,5561), (4,637), (4,7806), (4,2623), (4,8000)
enmiende	(4,8496)
navegacion68	(0,5771)
tratamientos	(0,2753), (0,5289)
poblazion	(0,7012)
mandaremos	(0,1215), (0,1439), (0,1264), (0,1144), (0,1432), (0,1145), (0,1226), (0,1341)
vestes	(4,7184)
lacayos	(1,11757)
desempenaban	(2,3203)
josef	(3,173), (3,2305)
maravillosos	(4,1161), (5,6669)
origenes	(5,759)
alimentados	(5,7344)
moverte	(1,8787), (1,3116)
pensase	(0,6821), (1,5689), (1,6957), (0,6317), (1,6927)
aviles	(0,11968), (0,3475), (0,12390), (0,3480)
josep	(4,25), (4,8909), (0,28), (0,13725)
volar	(4,8483), (4,6887), (1,280), (1,18008), (5,6222), (2,4572), (1,5003), (1,1741), (5,4913)
acabaramos	(4,6128)
estuvimos	(2,4549), (1,2103), (0,10038), (0,9223), (0,10296), (1,15978), (0,10138), (0,9995), (0,10091), (1,4029), (0,9998)
aprovecharlos	(5,3015)
defendian	(5,248), (4,7592)
parescian	(0,6450), (0,7891), (0,6340), (0,7673), (0,6907)
acendradas	(3,3007)
erecto	(5,2852)
musas	(5,6231), (1,18053)
beninidad	(0,8805)
archihospital	(4,6039)
alargue	(1,5074)
aserto	(3,2183), (3,2155), (3,2171)
dexativa	(4,3804)
destruyese	(1,17647)
aparejeis	(4,2207)
arracife	(0,10987)
quitandole	(1,8993), (1,9299)
vuelvo	(2,5313), (2,4035), (2,4835), (1,18178), (2,2724), (1,17028), (1,16741), (1,12652), (2,6367)
conociesen	(4,206)
vollo	(4,7653)
necesariamente	(2,1745), (0,753), (5,4010), (5,1982), (5,2865), (0,8940), (3,2912), (2,6831)
naciendo	(1,17884)
vuelve	(1,16835), (1,9703), (2,393), (1,10376), (0,174), (1,15567), (2,4020), (1,4884), (2,5685), (1,5716), (1,2776), (2,4537), (0,9495), (1,16537), (1,17660), (1,17662), (1,8127)
deshechos	(4,8546)
obvios	(4,40), (5,42), (0,42)
amara	(4,8609)
vuelva	(1,18801), (2,4403), (2,7364), (1,8915), (0,12082), (0,5331), (1,12473), (2,1869), (2,2638), (1,2894), (0,9342), (1,10991)
patente	(5,135), (1,3366)
consequential	(5,9095), (0,13940), (3,3243), (1,19196), (4,9121), (2,8272)
ambicion	(1,1632), (5,5540), (5,613), (2,1765), (5,4808), (1,133), (3,106), (2,1066), (5,3021), (5,2062), (1,16715), (5,2258), (5,2164), (1,16721), (2,1876), (2,1749), (2,4533), (1,16724), (2,1814), (5,282), (2,1816), (2,2555), (5,5662)
interesara	(2,554)
aristogiton	(2,3777), (2,4418), (2,780), (2,2124), (2,4428), (2,4556), (2,2382), (2,2446), (2,2195), (2,404), (2,2330), (2,1822), (2,2462), (2,2526), (2,1956), (2,2084), (2,2152), (2,1963), (2,2095), (2,2290), (2,2166), (2,1791), (2,3839), (2,4479), (2,2368)
carecera	(2,1290)
chascarrillos	(2,5426), (5,7352)
pinuer	(3,1906), (3,2146), (3,1619), (3,1663), (3,1632), (3,1185), (3,1873)
convencete	(2,1813)
soltaria	(0,6584)
quitandome	(1,3282)
dezia	(0,732)
dijeremos	(1,5690)
antemural	(3,1303)
manifestaba	(1,13252), (5,4224)
perdonava	(0,10748)
instancias	(5,2411), (4,204), (5,7309), (3,2816)
delegado	(0,753), (5,3482)
ruinoso	(5,503), (5,2272)
posadas	(1,17270), (1,6031)
atrasada	(5,6804)
abate	(4,8246)
soltares	(4,7144)
prometieronle	(1,9552)
suscitaban	(5,3907)
produciendo	(2,4343)
vuelto	(1,2209), (1,8931), (5,3817), (0,8518), (1,10985), (0,3338), (5,4208), (1,8625), (1,13233), (5,2998), (2,5781), (1,16180), (2,3607), (5,2748), (5,3837), (1,16185), (1,17849), (3,2621), (0,8283), (0,7965), (1,2624), (0,10655), (1,5571), (1,14021), (1,4486), (1,12872), (0,8424), (1,15883), (1,2574), (1,10702), (4,6261), (0,8113), (1,15446), (1,11929), (0,7609), (1,3165)
concluidos	(5,6181)
cuando	(1,1058), (4,7111), (1,1064), (5,940), (1,13355), (4,7126), (1,15413), (5,956), (2,1052), (2,7197), (1,3133), (4,3047), (1,5188), (1,9285), (2,1063), (4,3050), (1,17481), (1,17482), (1,9292), (2,3118), (1,3150), (4,7154), (1,9298), (5,7129), (1,9302), (1,11350), (5,3037), (1,11353), (4,5120), (1,9318), (1,11368), (5,7153), (1,9329), (0,5269), (1,1146), (1,7290), (1,9338), (2,5214), (1,1150), (5,7174), (1,17542), (1,1160), (5,3084), (5,7180), (0,13480), (1,17546), (1,7312), (5,5141), (1,7314), (5,7190), (1,7316), (1,7317), (0,11446), (1,17559), (1,3227), (1,3229), (1,1188), (1,5286), (1,15526), (5,7220), (2,3220), (1,17588), (1,17590), (1,3257), (5,3136), (1,9404), (5,7234), (0,5343), (5,7237), (1,15553), (2,5284), (1,9412), (1,3272), (4,5228), (1,17610), (1,9425), (4,7285), (1,7378), (2,3253), (0,11508), (1,13531), (1,17628), (1,13534), (1,1247), (1,1252), (1,15589), (5,5227), (1,9449), (2,5323), (2,5325), (4,7311), (4,7313), (1,17649), (5,7287), (4,5271), (5,7288), (0,5397), (2,3315), (5,1176), (1,9493), (1,5402), (1,15644), (4,3273), (4,3278), (1,13612), (1,15664), (5,5315), (4,3305), (2,7468), (4,7407), (4,5360), (1,15702), (1,3422), (1,5480), (1,7531), (4,5393), (2,3410), (1,1394), (5,5369), (1,13686), (1,1404), (1,7549), (1,17789), (3,1347), (1,1416), (2,3433), (5,5389), (4,5422), (1,11663), (4,3380), (4,3381), (1,13716), (5,1307), (5,7456), (1,17823), (1,17829), (1,17832), (1,5547), (1,13743), (1,5558), (4,7515), (1,3516), (4,3427), (1,3520), (2,5542), (2,1447), (3,1416), (4,5481), (1,17862), (1,9671), (1,5583), (1,5585), (5,7510), (4,7542), (5,1369), (1,1495), (1,15832), (1,15836), (1,3551), (1,15840), (1,17889), (1,13798), (4,3466), (1,9703), (4,3469), (2,1487), (5,1398), (5,1411), (4,1443), (1,9731), (4,5544), (1,11783), (4,7597), (0,7723), (4,5553), (4,1459), (1,9746), (4,1464), (5,3483), (2,3577), (4,1468), (4,5568), (4,5569), (1,13854), (4,7623), (3,1513), (4,5579), (1,5672), (1,17960), (2,5642), (5,7597), (2,7696), (4,5591), (1,11830), (1,17980), (1,1597), (2,5663), (4,3554), (1,15935), (1,15940), (2,7721), (1,17993), (5,1487), (1,17998), (1,5712), (4,7668), (5,7641), (1,1622), (1,9815), (2,7737), (3,1566), (5,3555), (1,5727), (1,9824), (4,3594), (2,7756), (1,1644), (1,1645), (1,9838), (1,15986), (4,5660), (1,3706), (1,11899), (4,5665), (4,5669), (4,1575), (2,5736), (4,1579), (2,5740), (1,18060), (4,1584), (2,1647), (5,1556), (2,7805), (1,9884), (1,9888), (1,1698), (4,3661), (5,3633), (1,1714), (1,3763), (1,1723), (1,3773), (5,5698), (1,14015), (1,18113), (2,3751), (1,9928), (1,3791), (1,16080), (1,11987), (1,1749), (1,7895), (0,9978), (1,3806), (1,7906), (5,1640), (1,9960), (4,5778), (5,5748), (4,5780), (1,14065), (5,1662), (1,7930), (4,5791), (1,18172), (1,16125), (4,5793), (4,5794), (1,7936), (2,1776), (5,5784), (2,3831), (5,1692), (1,16153), (2,7931), (1,3871), (5,1700), (1,14113), (1,3876), (5,3755), (5,7853), (4,7885), (4,5838), (4,1744), (1,3886), (5,5810), (1,14126), (4,7890), (1,14130), (1,16181), (2,3865), (1,3903), (1,3912), (2,3883), (2,3886), (1,3917), (1,16205), (1,18253), (1,18259), (2,1846), (1,16216), (4,3837), (4,7933), (5,1759), (0,8058), (4,3839), (1,3936), (1,3941), (1,10085), (1,10086), (5,5867), (4,3851), (4,7952), (1,1903), (1,1906), (1,3955), (1,3956), (4,1818), (1,8060), (5,5891), (2,8036), (4,5927), (1,16262), (4,7979), (2,3954), (1,3986), (1,1941), (5,1818), (1,16278), (2,6016), (5,1833), (5,3885), (4,3920), (4,5969), (5,3891), (1,12207), (4,5971), (1,10161), (1,8115), (1,12211), (1,6068), (1,6070), (4,8025), (1,16312), (1,6073), (2,6047), (1,16334), (4,8051), (5,5973), (4,6010), (4,6011), (5,5983), (5,1890), (4,6018), (1,10210), (4,1927), (1,8164), (1,12260), (1,8166), (1,12263), (1,8175), (2,6098), (2,6102), (4,6042), (1,6143), (1,18432), (2,4066), (1,16385), (4,6056), (2,4072), (1,6151), (1,12297), (1,8208), (1,12305), (1,12308), (1,12309), (4,6073), (1,14358), (2,4089), (1,2082), (1,10276), (4,4043), (4,6091), (1,8233), (1,18475), (1,10287), (1,18479), (4,6099), (1,16433), (4,2009), (5,4027), (5,4028), (4,6109), (4,6110), (4,6116), (1,12354), (2,6182), (1,4171), (2,2093), (4,4080), (1,8269), (4,8179), (4,6135), (1,4183), (1,18525), (1,16479), (4,4099), (1,6242), (4,8199), (4,6155), (4,8212), (4,2079), (5,6145), (5,6146), (2,2145), (5,4104), (1,14469), (5,2060), (2,4208), (1,10385), (1,155), (1,2204), (5,2082), (1,18594), (4,2123), (3,2155), (4,6221), (3,112), (5,4149), (3,116), (1,12466), (0,2259), (1,4278), (5,4156), (3,2171), (1,12473), (1,16573), (4,6245), (1,12484), (4,6249), (3,2185), (2,169), (5,2125), (4,4204), (1,18636), (2,174), (1,4301), (4,6257), (1,16594), (3,2197), (1,10452), (1,12500), (4,6268), (1,12507), (2,6337), (1,6370), (4,4230), (4,2184), (4,4237), (1,8429), (4,8337), (1,2290), (4,150), (1,4341), (2,6359), (5,6267), (1,2297), (1,12539), (1,16642), (4,166), (1,16645), (1,16646), (2,233), (2,4331), (2,2288), (5,6291), (1,12559), (4,2227), (1,10516), (1,4375), (1,12567), (3,2266), (1,12569), (1,16674), (1,16678), (1,12583), (3,235), (1,18738), (1,307), (1,10547), (1,16693), (1,310), (5,2234), (2,4376), (5,4284), (4,8413), (5,191), (1,4415), (1,4416), (1,4417), (1,4423), (5,6347), (1,18761), (0,363), (1,4431), (2,6448), (1,4438), (5,2270), (1,10587), (4,8447), (4,4353), (4,4357), (1,14690), (4,4360), (3,2344), (1,2407), (1,16744), (1,4457), (5,6383), (2,4430), (1,6512), (4,277), (4,278), (2,4437), (1,12660), (4,4378), (4,4384), (4,4385), (1,395), (2,6509), (1,8590), (1,400), (4,6455), (2,4479), (1,8606), (2,4480), (1,8607), (1,10655), (4,327), (2,4485), (1,8612), (1,12709), (1,18853), (1,16807), (4,2379), (5,2349), (5,6447), (1,16811), (1,12719), (5,310), (1,8626), (1,16820), (4,2393), (2,6553), (1,6586), (1,16830), (5,323), (2,416), (1,16833), (2,423), (1,12749), (4,4466), (4,4467), (5,2389), (1,10705), (4,4476), (1,16860), (1,16864), (1,16865), (1,10723), (3,425), (4,395), (5,4465), (1,10734), (1,16879), (1,6643), (2,6627), (4,424), (1,10757), (1,2571), (5,2448), (1,12812), (4,2480), (3,2512), (5,6552), (1,8726), (1,538), (2,2555), (4,447), (1,12832), (4,452), (1,2593), (1,2596), (4,2507), (5,4524), (4,6604), (1,558), (4,2515), (4,2516), (4,4566), (4,476), (1,6718), (5,6599), (3,519), (2,4652), (1,12875), (1,2638), (1,16978), (2,4665), (4,2556), (1,12889), (1,10842), (1,12890), (3,542), (4,8705), (1,609), (1,6754), (1,16995), (4,521), (1,10855), (5,2540), (1,14955), (5,4599), (1,8819), (1,17011), (4,6682), (0,12953), (3,574), (1,17021), (1,12929), (4,6693), (1,17027), (5,6667), (1,12939), (3,2638), (1,12941), (4,4657), (1,14994), (2,6774), (2,2679), (1,8854), (1,10911), (1,4768), (1,17058), (1,6822), (4,586), (4,4684), (1,17066), (4,6734), (5,562), (1,8883), (5,2616), (3,2678), (1,10933), (1,4790), (4,6747), (2,671), (5,4676), (1,10944), (1,17089), (5,4684), (1,17100), (1,13008), (1,13010), (1,2771), (1,15062), (1,727), (4,2682), (1,17112), (3,669), (2,2750), (2,6851), (5,2664), (1,4836), (1,8933), (4,4745), (1,17128), (2,716), (2,4814), (3,2739), (1,8948), (1,4861), (1,768), (1,4865), (1,4869), (2,4844), (5,658), (1,8974), (1,11028), (2,4864), (1,8991), (1,15138), (2,4874), (5,4781), (1,814), (5,6842), (1,17206), (5,2749), (1,9019), (2,4895), (2,2849), (3,2821), (4,743), (2,4906), (1,13130), (1,15178), (1,4941), (2,6960), (2,6961), (1,9041), (1,9043), (1,17236), (1,7003), (5,2784), (1,13152), (1,17249), (5,2794), (0,7045), (2,6991), (1,9070), (1,15220), (1,15228), (4,4900), (2,868), (5,2826), (2,2920), (1,2951), (5,6926), (3,2893), (1,7052), (5,6929), (1,9102), (2,2929), (2,2930), (5,2837), (4,4918), (4,2871), (1,15252), (5,2844), (1,15256), (5,4900), (1,15264), (1,13220), (1,11177), (4,4944), (1,13231), (1,13234), (1,15284), (1,15285), (2,2973), (1,9148), (1,17343), (5,4932), (2,930), (4,869), (2,2982), (2,7081), (5,6990), (1,7115), (4,880), (4,882), (2,2992), (1,3026), (1,17363), (1,5079), (4,892), (5,7006), (4,895), (3,928), (2,3007), (2,3008), (2,964), (4,7049), (5,875), (5,7022), (5,7023), (4,7058), (0,11278), (1,7152), (1,5108), (1,7157), (1,15349), (5,893), (5,7038), (1,11260), (1,17404), (1,17405), (1,11263), (2,3041), (1,3075), (4,935), (1,11269), (4,2988), (4,7086), (5,922), (1,17430), (1,7191), (4,3005), (5,7071), (5,2976)
enojamos	(2,2762)
usas	(1,16764)
desacierto	(2,6503), (2,2233)
alfombra	(2,3555), (2,3724), (2,3501)
acortando	(1,10686)
nasas	(0,7876)
amarras	(0,4916), (0,2381)
entorno	(2,7208)
vuelta	(0,10560), (4,7370), (1,7719), (4,5835), (0,5959), (0,4680), (0,4682), (0,11084), (0,4941), (0,4948), (0,11092), (0,11093), (0,10839), (0,11095), (1,2105), (0,6234), (0,11613), (0,10846), (0,10848), (0,10850), (0,10853), (0,10343), (1,11598), (1,17742), (0,10606), (0,3952), (0,7024), (5,3799), (0,4468), (0,10356), (1,17750), (0,3447), (0,9847), (0,10871), (1,9306), (0,9850), (1,10843), (0,10874), (0,3196), (0,9596), (2,324), (0,10886), (0,3975), (0,10887), (0,11657), (2,3148), (0,10891), (0,11147), (0,10898), (4,1817), (0,9878), (0,11158), (1,9592), (1,3705), (0,11160), (5,1534), (3,573), (1,11387), (0,10906), (0,11162), (0,10908), (0,9886), (0,10148), (0,934), (1,18567), (0,4780), (0,11440), (3,2132), (0,10929), (0,1714), (1,11411), (0,4020), (0,11188), (5,6683), (0,10934), (0,11190), (0,10935), (0,1720), (3,1885), (0,4026), (0,5307), (0,10939), (0,11195), (0,11456), (0,5313), (2,7556), (0,9922), (0,5315), (0,9923), (0,9157), (0,5320), (0,6600), (0,11209), (1,18346), (0,11210), (0,8653), (0,11469), (0,6862), (0,3792), (0,11217), (0,11218), (0,3283), (0,5332), (0,5588), (1,4022), (0,5336), (1,10937), (0,11482), (0,9435), (4,4193), (0,4830), (1,10944), (1,12482), (0,7907), (0,4839), (0,744), (0,5610), (4,6256), (0,11244), (1,13009), (1,13265), (0,11249), (0,4594), (0,7926), (0,7415), (0,760), (0,11512), (0,5626), (0,8187), (0,7420), (1,15326), (0,3331), (1,15333), (1,15337), (0,4621), (0,6927), (0,8720), (0,3859), (0,9492), (1,13301), (0,11541), (4,7578), (1,1528), (0,6169), (0,4892), (2,6111), (0,9758), (5,4228), (0,11039), (0,11040), (0,7457), (0,9761), (0,11298), (3,1992), (4,683), (0,5418), (0,1067), (4,2479), (2,1775), (0,10286), (1,7440), (0,11567), (4,3766), (0,11572), (0,5430), (0,4156), (0,12092), (5,5794), (0,6205)
enterrase	(1,7509)
fortificar	(3,2292)
formalizar	(3,2456)
amato	(4,7157)
usar	(1,1186), (1,8866), (0,1347), (0,196), (3,551), (0,8068), (1,12135), (1,11565), (4,5650), (5,4211), (0,1744), (1,4082), (1,13170), (1,16755), (1,11510), (5,636), (0,2327), (1,11513), (5,2050), (1,18242), (5,7879), (1,17668), (1,7754), (1,8912), (0,1969), (1,4819), (1,4821), (1,9430), (1,8602), (0,1530), (5,6880), (5,6817)
avivaban	(1,12080)
rrescebirnos	(0,9250)
almalafas	(4,1386), (4,1388)
usan	(3,356), (3,1511), (4,1161), (3,1897), (3,1322), (1,9320), (3,1327), (4,7184), (3,1905), (4,2515), (3,1077), (4,1944), (3,2039), (0,5076), (3,1336), (3,954), (0,7511), (0,8600), (3,1340), (3,2112), (2,2080), (2,5025), (3,330), (3,528), (0,6959), (5,5077), (3,1108), (3,1110), (0,7989), (1,4697), (3,1309), (3,1501), (1,3100), (0,6395), (3,863), (1,10845), (3,1312)
propiedades	(5,2870), (0,11986), (0,3603), (1,18648)
154320	(0,2435), (0,11918)
museo	(5,5696), (5,6146)
cedula	(0,1474), (1,13539), (1,13667), (0,3336), (1,11499), (1,13676), (0,1806), (1,9586), (1,7539), (0,1044), (1,7543), (1,17273), (1,17274), (0,666), (1,13947), (1,13564), (1,13952), (1,7555), (0,996), (0,1320), (3,655), (0,1006), (1,13585), (1,13522), (1,13906), (1,13523), (0,1011), (0,2227), (0,1013), (1,13657), (0,1466), (1,7195), (1,7581), (1,7582)
delegaba	(5,4619)
equivaldria	(5,1860), (2,1860)
horrores	(5,116), (5,437), (5,4870), (5,207), (5,1106)
pesas	(0,5070)
volberia	(0,6817)
escanciar	(1,5479)
solapadas	(2,4383)
used	(5,8933), (4,8965), (2,8196), (2,8070), (3,3081), (0,13865), (2,8110), (0,13742), (1,19120), (1,18994), (4,9046), (0,13779), (5,9019), (5,8893), (4,8925), (1,19034), (3,3167), (3,3041)
pesan	(2,3038)
aguardo	(1,12608), (0,6180), (5,3515), (5,7739), (0,8486), (0,9449), (2,7951), (0,8493), (1,12527)
pesar	(5,5412), (2,6274), (1,13990), (2,2568), (5,6445), (1,7850), (5,7856), (0,5068), (1,13999), (2,3218), (1,16177), (2,3092), (5,4023), (1,16051), (5,3512), (5,6074), (5,7871), (5,5440), (5,4417), (5,2626), (5,3650), (5,2627), (5,580), (5,2888), (1,13125), (1,8134), (2,683), (5,846), (5,3025), (5,4309), (5,5461), (5,7000), (5,2394), (5,6874), (5,731), (2,1593), (5,7389), (1,4570), (5,1376), (3,160), (2,2111), (2,2239), (5,6626), (2,4416), (5,2148), (5,5092), (5,6118), (5,1127), (5,4200), (2,4424), (2,974), (1,2159), (1,11760), (5,1654), (1,8690), (5,3578), (5,6778), (5,1147), (5,5115), (2,987), (1,7418), (5,255), (4,159), (2,606), (1,9983), (5,7044), (5,1416), (5,2313), (5,6025), (5,3852), (1,10513), (2,2036), (0,2099), (2,7030), (2,4344), (2,7032), (3,2907), (2,2044), (1,14107), (5,6690)
palillos	(1,18029)
aguarde	(1,5831), (2,1482), (2,336)
grandissimo	(0,7591), (0,7592)
granuja	(2,1907), (2,2845)
humildes	(1,10880), (1,16432), (1,17825), (1,359), (0,8886), (1,14380), (1,17548)
buldas	(4,4660)
visible	(2,7587), (3,534), (2,2058)
recebidos	(4,8456), (1,5910), (1,12845)
pesca	(3,2328), (1,10791), (3,1293)
vainas	(1,13745), (1,17253), (1,17223)
himno	(5,6231), (2,5606), (2,5622), (5,2812), (5,6956), (5,6988), (2,826), (2,827), (5,833), (5,7009), (2,847)
podremos	(1,10308), (1,16873), (1,16237)
trechos	(0,8491)
encubierto	(2,2786), (1,5172), (1,6342), (1,7498), (1,9293), (5,5058)
alemana	(4,4101)
capachos	(2,5577)
egipto	(1,11012), (5,8747), (1,17960), (5,6558), (5,4752), (2,1902)
heredamos	(1,16742)
desatendida	(5,2397)
nasce	(4,2714)
prometieronme	(4,7838)
juzgaban	(5,4714), (5,3538)
fuisteis	(1,357), (1,781)
amano	(2,5464)
solene	(1,10241), (0,8729)
comenzaron	(0,6463), (1,12834), (0,7874), (4,7049), (0,7879), (1,9259), (1,5107), (1,6835), (0,6483), (1,17781), (0,6103), (0,6425), (1,8959), (0,6367), (1,6211), (3,2246), (0,6949), (1,7946), (0,9001), (0,7724), (0,6511), (0,6515), (0,6516), (1,16092), (1,9950), (1,10334)
desentranado	(3,1224)
musgo	(3,1513)
nicosia	(1,2899), (1,4291), (1,3444), (1,4276), (1,4372), (1,2917), (1,2886), (1,3655), (1,3002), (1,4379), (1,2974), (1,4270)
pensais	(0,1727), (1,15072), (1,15200), (4,6885), (4,1224), (4,5833), (4,1035), (1,1512), (0,4776), (4,4370), (4,1811), (4,2325), (4,8085), (4,6872), (4,5241), (1,5526), (4,4890), (4,1469), (4,3613), (4,4222), (1,6747), (4,3903), (1,11133), (4,7073)
flaco	(1,11393), (2,5412), (1,11301), (5,6125), (0,13128), (2,175), (1,5038), (2,178), (1,14994), (2,948), (2,4885), (1,5982), (2,160), (2,6720)
melibea	(4,5055)
mutacion	(1,7797), (1,11389)
sosegadose	(1,9028)
infunde	(1,497), (1,15457), (2,2292), (5,2232)
contamino	(2,6960)
edictos	(5,3757)
inmediacion	(3,1425)
soltaran	(2,3937), (2,1453)
jerusalen	(2,1537), (4,8089)
viages	(3,37), (3,23), (3,2282), (3,11), (3,2560), (3,1), (3,3025)
catad	(4,4689)
predileccion	(5,4346), (5,4338)
comodos	(3,2578), (3,2597)
encubierta	(5,2934), (1,10852), (1,9001)
ynconbinientes	(0,3130)
sentencio	(1,18942)
pedimento	(0,2144), (0,8432), (0,1334), (0,2152), (0,2057), (1,5932)
despoblacion	(4,6189)
proveerles	(1,14291)
provincia	(1,8352), (0,1217), (1,2979), (0,1221), (5,4778), (0,1350), (3,2921), (3,1004), (0,1227), (0,1101), (3,2933), (0,3538), (2,5268), (0,11859), (0,1244), (0,991), (3,646), (0,1384), (0,1129), (3,2958), (0,5867), (0,1261), (3,2960), (3,2961), (3,918), (3,2200), (0,7670), (3,2852), (5,6502), (0,1283), (3,2471), (0,12676), (3,681), (3,2862), (0,11787), (3,944), (5,5620), (3,2611), (3,1846), (3,2488), (0,13205), (3,956), (0,1051), (3,959), (3,2496), (0,7454), (0,1056), (3,2629), (0,12709), (0,12837), (0,1062), (0,3238), (3,2508), (0,4267), (0,1326), (5,7190), (0,12598), (3,2783), (0,1085), (0,1214), (0,12606)
bebeos	(4,3745)
dudas	(2,7745), (2,6178), (5,6885), (5,5384), (3,232), (3,207), (1,9165), (5,4056), (2,3546), (3,2429), (3,574), (5,4546), (0,13149), (3,737)
persuadido	(5,5846), (5,2381), (5,1231), (1,12829)
dudar	(3,181), (1,5556), (1,7337), (5,7118), (1,7578), (4,191)
defendida	(5,4431), (5,192)
prestigio	(5,5477), (5,1416), (5,5770), (5,2092), (5,429), (5,7087), (2,6704), (5,981), (5,2069), (5,3253), (5,5814), (5,344), (5,5912), (0,692), (5,4186), (5,4636), (5,3998), (5,995)
testifica	(3,1906)
sobrinos	(1,4448), (1,4582), (1,4345)
defendido	(0,2849), (5,7047), (1,4262), (5,5966), (1,14476), (1,14448), (5,215), (5,3479), (5,3000), (3,1881), (0,2902), (0,507), (0,2844), (1,14461), (3,2048)
pacto	(2,1873), (0,2463), (5,3558), (5,3480), (5,4488), (0,2485), (3,2792), (5,188), (5,626), (5,3426), (2,1872)
bazinicas	(0,8095)
navegasen	(3,3006)
tragedia	(1,4064), (5,1020), (1,8889), (5,7168), (1,17294), (5,5795)
opresora	(5,3583)
ayudados	(1,17970), (3,2293), (1,4348)
flaqueara	(5,2853)
buhardillas	(2,7528), (2,7486), (2,7536)
rondar	(1,17307)
segurs	(4,1108)
escogiesedes	(0,1136)
seguro	(4,8003), (4,5962), (1,15403), (0,7755), (1,3118), (0,5197), (2,1296), (1,1970), (4,7126), (1,10804), (2,1303), (0,2519), (2,7066), (0,2524), (0,6622), (5,5320), (5,6090), (0,7782), (5,4302), (1,16330), (5,4047), (1,4813), (5,3027), (1,3535), (5,4948), (3,2963), (1,2130), (1,18003), (1,5844), (1,16856), (0,7037), (5,1636), (1,4705), (2,5699), (5,6246), (0,7041), (1,1764), (2,4556), (0,9484), (0,7825), (3,2357), (3,2613), (2,6234), (2,731), (0,7833), (1,10618), (5,4479), (3,2368), (5,7171), (2,5473), (5,7562), (1,13958), (4,8239), (1,10639), (1,3346), (0,6833), (2,1268), (5,2075), (1,12056), (5,6814), (0,3642), (1,13087)
ligeras	(5,4314), (0,6999), (2,7583), (0,6413)
deplorable	(2,3970), (5,1585)
rondon	(1,14059)
comitiva	(3,403), (5,6614), (2,1448)
engrandecimiento	(5,3348), (5,1400), (5,122), (5,7566), (5,145), (5,4257)
aferrados	(5,2702)
segura	(2,4004), (0,4131), (2,4486), (5,4075), (1,14603), (1,12364), (3,2959), (1,590), (5,3283), (1,17970), (0,2610), (2,2421), (5,7611), (1,11799), (1,10170), (1,3421), (1,7935)
embocamos	(0,10151)
insultos	(5,853), (2,2483), (2,2164), (1,11752), (2,4362), (5,6061), (2,283), (5,894), (2,4348), (5,7311), (1,7100), (3,2944)
usadas	(4,2902), (5,488), (1,10475), (1,5230)
quitando	(1,7042), (1,7075), (1,12499), (1,9764), (1,10645)
feas	(2,6002)
cantaban	(1,1750), (1,16518), (2,3162), (1,3018), (1,16523), (4,6608)
aludida41	(5,3210)
nordeste116	(0,11071)
patria	(5,2599), (1,5155), (5,4009), (1,13093), (5,938), (1,5159), (2,5644), (5,7088), (1,13489), (5,6070), (1,5171), (1,4406), (5,6842), (1,4409), (5,3646), (5,6337), (4,8803), (1,6594), (4,6125), (1,9418), (5,5967), (5,4816), (5,5072), (1,15692), (5,3537), (5,5202), (1,7630), (1,12110), (2,304), (2,1074), (3,405), (2,1204), (5,7003), (5,220), (5,221), (5,6622), (5,351), (2,573), (4,8457), (1,9447), (5,5741), (4,141), (2,4043), (4,8590), (1,8939), (5,4464), (5,5875), (5,1399), (1,2931), (5,2296), (4,664), (2,5591), (1,7671), (5,5885), (4,4897), (5,3587), (1,6015), (1,14079), (4,552), (1,3718), (1,4486), (5,5131), (5,3340), (1,7178), (2,748), (5,2063), (5,7183), (5,6292), (4,694), (4,312), (5,5145), (5,7065), (1,13717), (5,3354), (5,4634), (5,2588), (5,4256), (4,6208), (4,8385), (5,1955), (5,6051)
oliendo	(1,5665), (4,4629)
quedasen	(1,7441), (0,8326), (1,4249), (0,6601), (5,2655), (0,4010), (3,2942), (1,6109)
patrio	(2,5154), (2,965), (5,4382)
dejandolos	(1,13342)
indescriptible	(2,2271)
tutela	(1,964), (2,3109), (1,102)
profetizo	(0,13126)
desvergonzados	(0,6447), (1,8647)
solazar	(1,3070)
afluia	(2,7763)
nombregaspar	(0,2792)
estremecimiento	(5,2853)
evangelios	(0,5520), (0,2179), (5,4122), (0,2087), (0,4523), (0,4542)
vituperios	(1,161), (1,2462)
divinidad	(2,2929), (5,4950), (5,4937), (1,8133), (5,4963)
manifestara	(3,2398)
tejiera	(1,15839)
distintos	(3,264), (2,3720), (2,4376), (0,761), (2,4159)
brotaran	(5,4921)
inmoral	(5,299)
febo	(4,6158)
generosos	(1,18528), (1,6611), (5,7000), (1,2936), (2,3034), (1,11132), (5,1714)
piedras	(0,9279), (0,1408), (0,6528), (1,13795), (0,1414), (1,8039), (1,10280), (1,13800), (2,7690), (0,13514), (3,1391), (1,18164), (0,6484), (4,6041), (0,6485), (1,14391), (4,3355), (0,1372), (0,1119), (0,9311), (0,6432), (0,9953), (0,9954), (1,389), (2,679), (0,6950), (0,9960), (0,1385), (1,7946), (0,6954), (0,4781), (0,1391), (0,10351), (0,1396), (0,9076), (2,3000), (4,6778), (0,9976), (0,6393), (0,10682), (3,1120), (3,1313), (2,4224)
prohijalla	(1,12529)
recua	(2,6386)
descargar	(0,3681), (4,6518), (4,7398), (2,7701), (4,5869), (1,6779), (4,7522)
descargas	(5,4702), (3,1502)
varios	(5,3621), (5,1449), (5,7599), (0,1485), (3,497), (3,1393), (5,3379), (1,17712), (5,2873), (5,6073), (2,3991), (5,6330), (2,7704), (5,4029), (5,6592), (5,4034), (2,3873), (0,11871), (2,7331), (2,4644), (5,5832), (3,1419), (5,4685), (5,7757), (2,7339), (2,432), (0,13044), (2,5303), (2,6073), (5,6108), (2,6074), (0,13176), (3,2076), (2,6079), (2,704), (2,6722), (5,1896), (1,4070), (3,681), (1,3687), (5,7659), (3,1710), (5,754), (5,4978), (5,6642), (5,6907), (2,7898), (3,1341), (2,2012), (0,12059), (3,1346), (1,4483), (2,5604), (3,712), (1,10630), (3,1483), (5,6541), (2,7660), (3,1492), (5,4247), (0,180), (3,855), (3,1751), (1,12568), (1,3737), (0,9147), (5,6561), (5,6178), (0,318), (5,3235)
manifestase	(2,2897)
aranos	(1,8710)
ponderaron	(1,12983)
recto	(1,8310)
fees	(3,3138), (4,9156), (1,19233), (3,3333), (4,9222), (3,3239), (2,8167), (5,9132), (2,8362), (2,8268), (0,13836), (3,3280), (0,13936), (1,19091), (2,8309), (4,9017), (1,19286), (1,19192), (4,9117), (5,8990), (0,13977), (0,14042), (5,9185), (5,9091)
entrados	(0,3893), (4,7888)
llegandole	(1,12373)
ripio	(1,15103)
correspondieron	(1,7236)
segund	(4,6276), (0,2145), (0,2209), (0,11731), (0,3352), (0,2186)
candeleros	(1,9237), (1,15880)
constituia	(0,673), (5,287)
informante	(5,2324), (5,2574)
conocieron	(1,6657), (1,17793), (3,772), (1,7748), (1,6791), (2,2059), (2,652), (1,6477), (5,5941), (1,5365), (1,7414), (4,5568), (1,4317)
momentos	(2,897), (5,2148), (5,6052), (5,1192), (5,4139), (5,7598), (1,10795), (5,1840), (5,4593), (1,15981), (5,6901), (1,5619), (5,7480), (2,6171), (5,3521), (2,1377), (1,18177), (5,5324), (2,7594), (1,8142), (5,343), (2,2678), (2,2806), (5,2649), (1,7257), (5,7006), (1,8410), (1,13787), (5,4259), (5,7459)
pronunciando	(2,1584)
truxere	(4,8304), (4,7521)
imaginaciones	(1,9408), (1,9458), (1,2902), (1,11097), (1,1451), (1,1966)
reclamacion	(5,2507)
llegandola	(1,2483)
solida	(5,6264), (2,2422), (5,4767), (5,7488)
estiercol	(2,4957)
artillanca	(3,2006), (3,1600)
nortesur	(0,11269)
trazaba	(5,2593), (5,1107)
llegandome	(1,6980), (1,12715)
schouten	(3,2287)
harina	(4,918), (4,1609)
solido	(5,4356), (5,1257), (5,5321), (2,6710)
acabadas	(1,17681), (0,10184), (4,2928)
servia	(1,14368), (1,3937), (4,869), (1,8418), (1,17410), (1,6147), (1,8419), (1,16580), (2,7624), (1,16650), (3,1968), (1,5102), (1,2069), (5,3003), (1,16667), (1,2076), (2,254)
fede	(4,7156)
soldado	(0,5184), (1,7715), (1,2471), (0,7878), (1,15788), (0,7500), (0,7756), (0,2262), (0,2275), (3,1671), (1,16326), (3,1674), (1,15819), (3,1679), (1,8653), (0,365), (5,6995), (3,1682), (0,5231), (0,368), (0,6513), (5,7002), (0,9974), (0,6523), (1,9436), (0,7548), (0,2305), (1,1508), (0,2307), (0,6533), (1,4839), (0,3335), (2,8009), (1,15720), (1,4841), (0,1929), (0,6921), (0,2315), (1,13804), (1,6767), (1,4848), (1,15858), (0,10130), (1,4857), (1,4864), (0,10913), (1,4867), (1,2436), (1,7684), (1,2444), (1,2448), (1,1042), (0,2226), (1,148), (3,1368), (0,4406), (3,1371), (1,7706), (3,95)
tiberis	(4,8471)
truxese	(4,3535), (0,3646)
tiberio	(4,6789), (2,108), (4,6785)
circunstanciada	(0,5952), (0,11985), (0,12097), (0,3602), (0,12085), (0,2424), (0,9531), (0,13437), (3,1633), (0,12958)
patrem	(1,8425)
servil	(2,657), (5,664), (5,156), (2,937), (5,1538), (2,7119)
mansalva	(1,17260), (5,4306)
ducum	(1,8095)
servir	(0,5823), (4,4680), (4,7113), (0,5190), (4,4683), (4,5579), (4,5708), (1,17833), (1,4778), (0,3274), (0,4173), (4,8785), (4,5586), (2,6544), (1,12848), (1,18225), (0,5842), (0,1751), (4,6747), (1,11580), (4,2274), (0,2910), (1,11199), (4,5092), (4,5476), (1,16833), (4,5094), (1,7625), (2,1068), (0,5099), (1,8908), (1,6094), (0,5869), (4,2546), (0,4078), (1,10063), (1,12111), (0,5871), (4,2548), (5,2774), (4,3704), (4,3960), (0,4086), (4,7803), (1,15960), (0,5880), (1,4700), (1,10077), (0,3326), (4,3715), (4,3717), (1,7650), (1,14439), (1,16616), (1,16620), (1,111), (0,9486), (1,16623), (0,9359), (0,5392), (1,6387), (1,5236), (5,3705), (0,9495), (1,889), (0,4504), (1,4858), (1,15484), (4,2720), (5,1154), (4,2722), (0,1695), (1,16642), (4,6950), (3,2887), (5,5513), (1,18949), (4,6572), (4,8493), (5,2063), (1,17932), (1,1679), (1,13973), (4,3257), (1,5016), (0,5304), (4,576), (1,5021), (4,4673), (3,609), (4,3650), (0,9406)
crecidas	(3,2199)
servis	(4,2556), (4,3952)
iturzaeta	(2,271)
lanzadas	(0,10407), (1,4750)
pidiere	(0,4403), (3,2585), (1,15031), (1,15097), (0,5339)
inquietaba	(2,4341)
amohinabanle	(1,8468)
reunense	(5,1215)
vindicacion	(5,1509), (5,2314)
apreciacion	(2,2348), (5,6770)
llevabades	(1,2117)
corvetas	(1,17358)
encubriendole	(1,15065)
espuelas	(1,14178), (1,1413), (0,8999), (5,7535), (1,12638)
galicia	(1,15648), (0,3808), (1,14134), (2,5290), (0,12760), (2,5454)
pidiera	(1,1990), (1,15303)
carcoas39	(0,2451)
hareisme	(0,1812)
afligidos	(1,2901), (1,8716)
asperamente	(5,3783), (0,8278), (1,10887)
solicitando	(1,18599), (5,1853)
tentar	(1,10441), (1,4780)
conseguia	(5,2394), (3,427)
isabela	(1,6944), (1,7456), (1,6434), (1,6179), (1,7459), (1,6182), (1,6439), (1,7463), (1,7210), (1,6955), (1,6447), (1,6703), (1,7215), (1,7217), (1,6194), (1,7220), (1,6709), (1,7481), (1,7226), (1,7227), (1,6718), (1,6975), (1,6976), (1,7233), (1,6210), (1,6979), (1,7235), (1,6981), (1,6729), (1,7242), (1,6219), (1,7244), (1,6221), (1,6989), (1,6222), (1,6735), (1,7249), (1,6229), (1,6743), (1,7257), (1,7260), (1,6749), (1,7268), (1,7269), (1,7272), (1,7018), (1,7276), (1,7279), (1,6256), (1,7025), (1,7029), (1,6774), (1,7030), (1,6775), (1,7288), (1,6266), (1,6269), (1,6784), (1,7042), (1,6787), (1,6789), (1,6278), (1,6791), (1,7047), (1,7048), (1,7307), (1,7052), (1,7309), (1,6287), (1,7058), (1,7314), (1,7570), (1,6291), (1,7069), (1,6306), (1,7074), (1,7587), (1,6308), (1,7589), (1,7080), (1,7337), (1,6314), (1,6826), (1,7595), (1,6831), (1,7600), (1,6833), (1,7089), (1,6835), (1,6324), (1,6327), (1,7352), (1,6842), (1,7100), (1,6845), (1,6334), (1,6847), (1,7103), (1,7359), (1,6853), (1,7109), (1,6854), (1,7110), (1,7366), (1,7367), (1,6856), (1,7368), (1,6857), (1,7113), (1,6349), (1,7117), (1,7373), (1,6862), (1,7376), (1,7121), (1,6354), (1,6866), (1,7122), (1,7125), (1,7382), (1,7130), (1,6875), (1,6364), (1,6620), (1,7392), (1,6370), (1,6883), (1,7396), (1,6117), (1,7399), (1,7144), (1,6378), (1,7147), (1,6893), (1,7405), (1,6383), (1,6128), (1,7408), (1,6897), (1,7154), (1,7410), (1,7415), (1,6904), (1,7418), (1,7164), (1,6911), (1,6401), (1,6915), (1,6148), (1,6916), (1,6918), (1,6151), (1,6407), (1,6921), (1,7177), (1,6155), (1,6411), (1,6667), (1,6923), (1,7181), (1,6158), (1,6670), (1,6926), (1,7438), (1,7184), (1,6420), (1,7188), (1,6166), (1,6423), (1,6937), (1,6171), (1,7196), (1,6430), (1,7454)
pidiese	(1,14725), (1,9576), (1,4138), (1,12876), (1,7709), (1,6926)
constituir	(5,6600), (0,133)
republicano25	(5,2158)
despabilan	(1,708)
competir	(1,3649), (1,200), (1,5565)
sellada	(1,3836), (1,17020), (0,5996)
speeches	(5,3177), (5,8415)
calabocero	(2,6160)
encuentros	(5,2166), (1,11618), (4,3739), (2,959), (1,4495)
entablar	(2,2914)
publicidad	(1,11216), (2,7383)
acabose	(4,218), (4,235), (4,8300), (1,13436)
conseguir	(1,14720), (2,2211), (1,1769), (3,1741), (0,4619), (1,1710), (2,1297), (1,13170), (2,3028), (1,11155), (5,1150), (0,4473), (0,794), (2,6301), (3,2655)
infinitos	(2,4161), (1,7234), (1,16674), (0,13446), (1,14839), (1,13914), (1,2572), (1,11484), (5,4819)
orange	(5,5755), (5,5775), (5,5744), (5,8272), (5,5826)
sellado	(0,5445), (0,1783), (1,2985), (0,5450), (0,5484), (0,1902), (0,5358)
llamarlos	(3,1910), (1,15590)
competidores	(5,3399), (5,3240), (1,3613)
parlar	(4,2526)
recebieron	(1,10881), (1,15315), (1,8884), (1,4442), (1,14282), (1,15706), (1,7243), (1,7244), (1,10829)
lodge	(5,202), (5,8430)
masculino	(4,4716)
acalladas	(0,461)
desocupados	(2,7574)
centellas	(1,14390)
descendiendo	(3,2860), (0,1277)
diabolicos	(2,7509)
arredraron	(5,5269), (5,631)
signoen	(0,2153), (0,2059)
impresores	(0,84), (5,7625), (4,220), (4,207)
sustantivos	(1,18153)
granted	(2,8337), (4,9187), (5,9160), (0,14008), (3,3308), (1,19261)
fusilaron	(5,3885)
character	(0,21), (4,18)
lanzada	(0,10132), (5,6826), (1,10583), (1,17624), (0,10586), (0,7500)
reducidos	(3,2786), (3,371), (5,3561), (5,2781), (3,335), (5,1699)
fallo10	(2,6807)
feje	(4,1149)
descifrador	(5,6022), (5,6195)
harian	(0,6498), (0,7298), (1,9987), (0,8227), (1,10116), (1,15462), (3,1545), (1,4267), (0,10730), (1,2412), (5,3380), (4,8341), (2,4981), (0,6643), (0,8121), (0,6748), (0,1885), (3,1920), (1,9983)
necesitados	(2,5633), (0,9392), (1,8723)
suspirar	(1,4803), (1,6132), (1,13015), (1,13199)
suspiras	(2,4574)
corcho	(1,5425), (1,5479), (1,5096), (1,5417)
concertose	(1,9525)
embaxada	(0,9298), (4,3240), (0,9292)
clotaldo	(1,7330), (1,6115), (1,6244), (1,6246), (1,6119), (1,7464), (1,6122), (1,6124), (1,7214), (1,7278), (1,6127), (1,7280), (1,6133), (1,6774), (1,6966), (1,6263), (1,7229), (1,6339), (1,6341), (1,7176), (1,6345), (1,7182), (1,7185), (1,6355), (1,6358), (1,6103), (1,6300), (1,6302), (1,6430)
villavicencio	(1,14096)
queriendose	(0,6803), (1,13813), (1,18315), (0,6571)
exhalacion	(1,6309)
pasages	(3,2094), (3,2334), (3,2702)
empenos	(2,3007), (1,18190)
hembra	(1,11509), (1,15991), (4,2847), (1,17743)
prisioneros	(0,164), (5,5135), (5,2787)
codiciosos	(1,4261), (1,9438)
vitoria	(1,6544), (4,5897), (0,5029), (0,4983), (0,4984), (2,987), (0,5033)
venezolano	(5,6012), (5,6051)
corcel	(1,17387)
amancilleis	(4,4368)
convencido	(5,4324), (5,869), (5,2694), (2,452), (5,1960), (5,3626), (5,4267), (2,1707), (5,5492), (2,7927), (5,669), (2,1150), (5,1409), (5,4385)
convencida	(5,7702), (1,10028)
deversele	(0,1767)
actitud	(2,2322), (0,834), (5,2713), (2,8038), (2,5912), (2,1100)
audibilia	(4,6053)
provehido	(0,4480), (0,4686)
educar	(5,3917), (5,4637)
habanero	(5,4755)
lanzaba	(1,5320), (5,322)
opulentas	(3,138), (5,3666)
trasluciendo	(1,968)
prescribia	(0,642)
alimentaba	(5,220), (5,1904), (5,4273)
ladroncillo	(1,4956)
borrascosas	(5,6609)
navegaron	(3,1731), (1,6449), (5,4994)
quisole	(1,15548)
mallorquinos	(4,7529)
reprobaron	(1,17242)
numerosas	(5,2472), (5,5896), (5,6472), (5,7224), (5,4730), (5,3821), (5,7568), (2,4718), (5,7937)
desenganos	(5,6957), (5,7293), (5,5346)
trazada	(2,4817)
sobrinas	(2,3179)
angleria	(5,6597), (5,6744), (5,8860), (5,6670), (5,6495), (5,6544)
neucupangui	(3,2079)
gastaren	(0,2283)
llegandose	(1,10145), (1,610), (1,6754), (1,14498), (1,5123), (0,9858), (1,4964), (1,9678), (0,10157), (1,15727), (1,9680), (1,3059), (1,10227), (1,1460), (1,17526), (1,15289), (1,2907), (1,6460)
terciando	(1,15731), (0,8565), (0,10805)
golondrina	(4,8046)
trazado	(5,629), (2,6084), (5,1931), (2,6072), (5,755), (2,7728)
bastardean	(2,3221)
oyose	(2,233), (2,6734)
suavidad	(1,16785), (1,7748), (3,2650), (1,10026), (2,7084), (3,2846), (1,3023)
tirarian	(0,6442)
permaneceria	(0,8883)
arreglarse	(2,6964)
acometile	(1,3131)
levantose	(1,14960), (1,15521), (2,7331), (2,3909), (2,827), (1,17711)
castigara	(1,3552), (2,6887), (4,8610)
ynvernar	(0,8408)
rompais	(4,5559), (4,2584)
saldrian	(3,1236)
vitores	(5,2084), (2,424)
cientos	(5,1064), (5,3148), (1,8584), (5,3149)
acometila	(1,6689)
paces	(0,4895), (0,10239), (4,5511), (4,6219), (4,4556), (0,4872), (1,5673), (4,4909), (4,4911), (0,9291), (3,2735), (0,4882), (0,4883), (0,5396), (3,1018), (0,9468)
supresion	(5,404), (5,4138), (5,2060), (5,334), (5,3794), (5,4099)
california	(0,12127), (0,13345), (0,12610), (5,330), (5,620), (5,400), (0,11537), (5,1305), (5,1308), (0,11479), (0,11609), (5,415), (5,3202)
matase	(1,12179), (4,6096)
avanzando	(2,1759)
turullote	(4,2126)
oyote	(1,16240)
filibustero	(5,6918)
escribirse	(0,207)
hacemos	(0,1187), (0,1124), (2,4710), (2,4712), (0,1287), (1,1646), (2,2161), (0,1168), (0,3985), (2,6485), (4,1176), (0,1173), (1,1622), (0,2454), (2,6617), (2,2555)
llorentes	(1,16527)
tolerancia	(2,2245), (2,4373), (5,7816), (5,4512), (5,7810)
rasero	(4,4504), (5,7154)
paresciendo	(0,6622)
aprestar	(0,11983), (0,3601)
filibustera	(5,6839)
individualidad	(3,1795)
garucar	(4,1569)
rociandole	(1,12910)
chicoleos	(2,7393)
morderme	(1,16994), (1,16984), (2,7466), (1,18255)
apaleando	(1,12273)
perdoneme	(4,4532), (1,991)
impasibilidad	(5,2542)
romeaje	(4,3069)
difinitiva	(0,2035)
internet	(0,31), (0,13728), (2,22), (1,21), (4,28), (5,29), (4,8912)
locke	(5,4810), (5,5067), (5,4268), (5,8428), (5,3983), (5,5008), (5,6743), (5,4793), (5,4990), (5,4959), (5,4256), (5,4800), (5,5089), (5,4834), (5,4994)
navega	(0,6723), (0,3687)
residen	(0,7679), (0,9282), (0,9171), (3,2762), (3,2778), (0,5143), (3,2876), (0,7692), (0,3614)
reprochando	(4,4679), (4,7119)
hijos	(1,17958), (1,11815), (1,17959), (4,6605), (5,2736), (1,8492), (5,6833), (5,2482), (5,4019), (1,10800), (1,2866), (5,6840), (1,14645), (5,4026), (1,16700), (0,4707), (1,8006), (4,234), (1,16712), (2,2348), (1,16716), (1,16717), (0,3443), (1,5461), (1,12886), (1,1112), (5,2526), (4,6145), (2,4931), (1,5218), (3,2601), (1,13415), (1,13418), (3,1582), (1,9069), (1,16751), (4,788), (0,7058), (5,4601), (1,14197), (0,7830), (2,4697), (1,10872), (1,10876), (1,10880), (1,16769), (1,5252), (1,17540), (1,14214), (5,4620), (1,14216), (0,6827), (1,9362), (5,2839), (1,12435), (0,5811), (1,9364), (4,5689), (1,9630), (4,7747), (2,5506), (4,7750), (4,839), (5,5166), (3,2669), (2,3215), (4,599), (4,604), (3,1916), (1,10938), (4,3425), (0,2014), (4,611), (4,615), (1,10953), (2,2475), (1,17613), (4,3451), (5,4445), (1,9182), (1,9184), (2,715), (1,17642), (1,4587), (4,1167), (4,1169), (5,4722), (5,4211), (5,3956), (2,2771), (0,9237), (0,2583), (0,2589), (1,9474), (5,4231), (4,1191), (0,4389), (5,7819), (1,9223), (4,1198), (4,948), (1,6932), (5,3230), (1,8731), (2,1533)
factible	(3,875), (3,2507), (3,830)
feos	(2,6052)
demonche	(2,5063)
podran	(4,101), (0,1729), (5,7114), (3,2953), (0,4839), (1,170), (0,3466), (1,6094), (1,2927), (1,12720), (1,3377), (0,3699), (0,4951), (0,3709)
asesto	(5,877)
intimidad	(5,4024)
minucioso	(5,4835)
podras	(1,3872), (2,3397), (4,7176), (1,6982), (1,167), (1,8817), (1,17649), (4,6805), (4,7127), (1,4085), (4,7160), (1,12603), (2,3486)
morderla	(1,17043), (1,17737)
virreyc	(0,11840)
concepcion	(0,12223), (5,3879), (0,12882), (3,2665), (0,13575), (3,2717), (3,2382), (3,2704), (3,913)
aranda	(5,7990), (5,5242)
minado	(5,5070)
queriendolo	(0,8209), (1,14356), (0,5019)
patron	(4,5155), (4,5188), (1,7682), (0,1602), (0,293), (1,7206), (1,7212), (4,2128), (1,17357), (0,1613), (5,2013), (1,3417), (1,7225), (0,1593), (4,4066), (4,5026)
apacibles	(1,7777)
minuciosa	(5,4764), (5,5279), (5,7839)
recently	(1,17), (3,17)
dejandoles	(2,5519)
queriendole	(1,12771)
estimaban	(4,293), (1,17832)
consonantes	(1,3784), (5,6412), (1,3786)
estorbarselo	(1,14067)
mareados	(1,8227)
queriendola	(4,1869), (1,6411)
registro	(1,6576), (0,1584), (5,3621), (1,4785), (1,6577), (0,9280), (0,2051), (0,1908), (1,6054), (0,2056), (0,1899)
patricios	(2,4720)
ciudadanas	(5,3517)
olivares	(3,1158), (3,378), (1,14174), (1,5535)
registre	(0,1907)
importantisimo	(2,5377), (2,5530), (3,2428), (2,5531), (2,5405), (2,5375)
sacamos	(4,1227)
minada	(5,2102)
importantisima	(2,91)
guiarlas	(1,9925)
registra	(2,7484)
empeno12	(0,580)
locos	(4,7142), (2,6601), (1,9002), (2,4972), (2,4109), (2,6287), (4,7441), (2,6288), (4,4953), (1,8598), (4,4283), (2,5210), (2,5562), (4,2109), (2,1821), (1,4157)
llamarlas	(5,6938), (1,17566)
reverencien	(0,1766)
pretendientes	(2,4934), (1,8645), (1,18492)
contrayentes	(1,5056), (1,9319)
plumistas	(2,5517)
unibersidad	(0,3494)
vistete	(2,5776)
pagando	(0,3812), (1,3055)
tropezando	(1,15666), (1,6854)
anarquia	(5,5606), (2,453), (5,7082), (2,4394), (2,5565), (5,6033), (2,2767)
notifico	(0,6363)
riose	(1,4864)
superficialidad	(5,7883), (5,3741), (5,7744)
sociedad	(5,1316), (2,3142), (2,5638), (2,6727), (2,6537), (2,522), (5,6381), (2,2764), (5,3695), (5,3696), (2,530), (5,3701), (2,4754), (2,2771), (2,2772), (2,6548), (3,2870), (2,6423), (2,5208), (5,4671), (5,4801), (2,7008), (5,3783), (2,1829), (5,3784), (5,4746), (2,1704), (5,3789), (2,2155), (2,495), (2,5039), (2,2484), (2,1717), (2,1784), (2,4792), (2,1913), (2,573), (2,2240)
caracterizados	(0,321), (2,6074), (0,13225)
meditacion	(5,7207), (3,2310), (5,2043), (2,3997)
salvamos	(2,1031), (2,1037)
salvatico	(4,7521)
abluciones	(2,1678)
minaba	(5,7095)
variar	(5,4359), (3,2361), (4,5675)
acarreaban	(5,926)
varias	(0,9536), (5,6954), (3,1194), (0,12103), (5,5681), (2,6159), (5,6195), (5,3125), (1,435), (5,3513), (3,1272), (2,2394), (2,3994), (2,6106), (1,17337), (4,159), (2,7581), (2,1630), (2,3038), (5,4737), (2,7391), (3,1474), (2,3553), (2,1250), (5,1413), (5,6021), (3,261), (5,6409), (2,7719), (2,1960), (2,3049), (2,5035), (2,7851), (3,1549), (2,5036), (5,4624), (5,6672), (0,13611), (5,1297), (3,1360), (0,12973), (5,147), (3,2129), (2,1207), (3,665), (2,2618), (3,737)
encomendadas	(0,2976)
dixere	(4,612), (0,2336), (0,2241), (4,3734), (4,8535), (4,477), (4,2479), (4,6464)
reconosciese	(0,7370), (0,7902)
internal	(2,8337), (4,9187), (5,9160), (0,14008), (3,3308), (1,19261)
parezca	(1,15264), (0,1856), (3,2566), (5,6569), (1,168), (5,816), (1,16908), (1,655), (5,2803), (3,2646), (0,660), (1,16501), (1,6714), (2,3166), (0,3388), (3,3008), (1,5886)
concupiscencia	(2,1752)
servieran	(0,4080)
dixera	(4,7174), (4,7516), (4,5808)
yerran	(5,4334)
154029	(0,11836)
aficionarse	(0,6408), (1,7691)
almoxarifazgo	(0,1285), (0,1271), (0,1241), (0,1290), (0,1131)
avidamente	(5,5670)
achacar	(2,6815)
conviene	(0,962), (0,1730), (0,9410), (3,614), (1,5284), (0,9284), (2,6919), (0,4169), (0,3788), (0,13644), (1,17967), (0,13135), (0,4560), (0,1879), (0,4568), (0,5336), (2,2332), (0,1628), (0,991), (3,2946), (2,2338), (1,5953), (2,7203), (0,13025), (0,5607), (1,1993), (4,365), (0,1641), (1,18001), (2,1332), (0,3187), (1,16980), (1,3413), (1,1622), (1,2006), (1,9175), (0,4471), (2,2490), (2,2491), (3,2846), (4,7935), (0,3836), (1,14045), (2,5439), (2,6464), (1,11103), (1,15201), (1,5349), (1,12391), (0,3079), (0,2184), (0,3976), (0,522), (0,4362), (0,2187), (1,15216), (3,2868), (1,14073), (1,18683), (2,2527), (0,9117), (1,12163), (0,3364), (1,4869), (1,7430), (0,4776), (0,1705), (0,4139), (0,13227), (1,5006), (0,2350), (1,1680), (2,3060), (1,17811), (0,563), (1,9748), (1,17180), (0,4156), (0,1854), (0,4670)
importantisimos	(0,13298)
xjohn	(5,8842)
retirabase	(1,13788)
combate	(5,3364), (5,3990), (5,2125), (5,7005), (5,1487), (5,2815), (5,5855), (5,1665), (5,4833), (5,562), (5,1907)
astrologo	(4,8261)
navidadjuramento	(0,2159)
cobramos	(1,17683)
combato	(2,296)
detras	(1,16929), (5,3111), (0,8585), (1,16426), (1,15660), (1,13998), (5,4853), (2,5140), (5,6141), (2,3677), (1,16828), (1,3005), (5,3266), (1,18367), (1,5188), (4,3177), (5,2189), (1,8010), (4,1582), (1,16590), (1,16145), (5,3351), (5,3929), (5,3290), (0,7029), (1,11222), (5,1820), (1,16984), (2,1594), (1,16666), (0,8571), (2,382), (1,5534)
olios	(4,6814)
pacificamente	(5,2356), (0,9078), (2,1084), (0,2826), (5,1761)
traspuesto	(1,13344)
escribiria	(1,7199)
newyork	(5,3194), (5,1485), (5,1949), (5,3390)
rufianes	(1,8211), (1,17251), (4,7432), (1,17349), (1,16374), (4,8843), (4,6701), (1,17211), (1,17323), (1,17371)
alucina	(5,6082)
dejandolas	(1,99), (2,2647)
tajadas	(1,5472), (4,4604), (1,16367)
reveldes	(0,4597)
decirlos	(1,3819)
arzepielago	(0,2882), (0,2947), (0,2887), (0,2857), (0,2538), (0,2828), (0,2445), (0,2802), (0,2611), (0,2933), (0,2680), (0,2845), (0,2942)
distancia	(3,2149), (5,7783), (3,2347), (3,1072), (3,1715), (5,5115), (2,6168), (3,1466), (3,2106), (5,7229), (3,1473), (3,1538), (3,1095), (3,1673), (1,7367), (1,3977), (0,13611), (0,13678), (3,467), (0,13425), (3,1942), (3,2390), (0,8440), (3,543), (3,481)
matare	(4,2313), (2,5162)
religiosos	(0,4673), (0,6595), (0,3269), (0,1354), (1,2092), (0,4684), (0,4685), (0,8782), (0,1743), (0,5455), (4,8407), (1,2103), (0,4953), (0,5859), (0,1765), (0,358), (0,7407), (0,6258), (0,6005), (0,5878), (0,1400), (4,8573), (3,2333), (0,6908), (0,8316), (0,6013), (0,8575), (0,6017), (0,1411), (0,6661), (0,646), (0,6792), (0,6537), (0,5258), (0,398), (0,5265), (0,6801), (0,8083), (0,13075), (0,4757), (0,4502), (0,5270), (0,6935), (0,3352), (0,4760), (1,8569), (0,9499), (0,5276), (0,5406), (5,2821), (0,6824), (0,4012), (0,7344), (0,1076), (0,4148), (1,8215), (0,7224), (0,13369), (5,3615), (0,5821), (4,8258)
distribuyan	(0,4466)
matara	(4,3769), (4,7532)
consentiese	(0,2639)
subvencionar	(2,7046)
leandro	(2,3194)
organos	(4,469), (2,4148), (1,9747), (5,4555)
cachivaches	(2,1622)
constituye	(2,3090), (5,6456)
fogosos	(2,2289)
casimiro	(3,1953)
paramos	(1,18061)
bayoque	(4,2101), (4,5669), (4,5670), (4,5483)
tomaban	(0,6991), (0,6086), (0,8214), (2,172), (0,8218)
embocando	(0,10152)
lxiv	(4,55), (4,8072)
acometida	(5,1365), (5,894)
constituyo	(1,14952)
idiotismos	(2,5426)
dixele	(4,7885), (4,3535), (4,6080)
comenzaste	(1,18620)
generaldimosle	(0,9293)
permaneceran	(5,1725)
cesares	(3,740), (3,485), (3,998), (3,360), (3,490), (3,748), (3,493), (3,366), (3,623), (3,499), (3,1907), (3,1784), (3,251), (3,508), (3,125), (3,510), (3,512), (3,1), (3,513), (3,902), (3,137), (3,11), (3,909), (3,527), (3,913), (3,915), (3,533), (3,23), (3,920), (3,281), (3,537), (3,1691), (3,2075), (3,540), (3,930), (3,2211), (3,422), (3,935), (3,2087), (3,41), (3,427), (3,556), (3,941), (3,1837), (3,2221), (3,174), (3,946), (3,566), (3,696), (3,1080), (3,190), (3,575), (3,320), (3,961), (3,963), (3,70), (3,75), (3,331), (3,1100), (3,973), (3,1102), (3,591), (3,1105), (3,3025), (3,1107), (3,2259), (3,469), (3,981), (3,1118), (3,351)
crecidos	(5,1989), (3,2998), (1,140), (1,8447)
tragasantos	(4,815)
urbe	(4,8308), (4,4993)
requisito	(5,2354)
valencey	(2,7377), (2,7394)
infinitas	(1,4577), (1,98), (5,1001), (1,6149), (5,1226), (1,13800), (1,7785), (1,9131), (1,6543), (1,13136), (1,18096), (1,13361), (1,7090), (1,1653), (5,955), (5,2875), (1,14839), (1,14840), (1,6201), (1,12826), (1,3963), (1,6588), (1,7133)
oliva	(4,234), (4,8859), (4,7982), (0,12411), (4,5840), (0,9548), (4,7921)
claveles	(1,10997)
lxii	(4,7918)
encuentran	(5,5956), (5,6181), (5,6535), (0,13669), (5,6736), (2,7918), (2,4722), (2,5810), (1,1684), (3,1083), (3,2331), (5,6845), (5,7842)
prensado	(1,15921)
disfrazarla	(5,3075)
pescaban	(0,8919)
enxabonado	(4,2935)
paniaguados	(5,5060), (1,18401)
valeroso	(1,6592), (1,6662), (1,9366), (1,17416), (2,3934), (1,14398), (1,15535)
olivo	(1,14178), (1,14170)
lessing	(5,8407), (5,4366), (5,4386)
peregrina	(1,12432), (1,12480), (1,12418), (1,12434), (1,12439), (1,12440), (5,6078), (1,13532), (1,12413), (1,12557), (1,12463)
celosita	(1,811)
dirigieronse	(2,7680)
golondrinas	(4,8050)
peregrino	(1,2276), (1,2278), (1,14207)
respetaron	(5,4048)
monedas	(2,2430), (2,2510), (4,5184)
repolido	(1,5665), (1,6050), (1,5637), (1,5989), (1,5800), (1,5705), (1,5674), (1,5549), (1,5645), (1,5680), (1,5525), (1,5686), (1,5814), (1,6071), (1,5656), (1,5723), (1,5788), (1,5630)
rrios	(0,3499)
arreglarle	(2,3028), (3,2607)
encuentras	(2,3529)
valerosa	(1,14724), (2,5965), (2,6352)
cesarea	(0,12624), (0,1027), (0,12916), (0,775), (0,904), (0,445), (0,12622)
acometido	(5,5100), (5,7152)
dimelo	(4,3368)
querella	(4,8551), (1,2843), (1,11503)
llevabalo	(5,5587)
turaran	(4,2118)
recio	(0,6463), (0,11279), (0,6961), (1,6454), (0,1914), (1,4011), (4,7983), (3,2239), (1,3133), (1,13054)
achuluesto	(0,10032)
atrabiliario	(2,5412)
juniomejicocarta	(0,4189)
atizas	(1,687)
escribirle	(1,5581)
matrimoniales	(1,3477), (1,2395)
rabanillo	(4,4482)
entradas	(0,7903), (3,1891), (1,13217), (0,10722), (3,2542), (0,2892), (1,5168), (0,2898), (1,5619), (3,1910), (3,2937), (3,1886), (1,10268)
querello	(4,8512)
llevabala	(1,3261), (2,6031)
numerosos	(5,4100), (5,6664), (5,6282), (5,4045), (5,4846), (2,7435), (5,2227), (5,6643), (5,408), (5,4861), (5,7486), (5,866), (5,1443)
notifies	(2,8225), (4,9075), (5,9048), (0,13894), (3,3196), (1,19149)
ojitos	(2,4558)
contentamos	(1,1649)
recia	(0,6418)
completando	(0,13297)
ilegibles	(0,13379), (5,6251)
conjurasen	(1,17777)
subterranea	(5,4683)
liiilo	(4,8823)
valencia	(4,6404), (4,4197), (4,6700), (4,1105), (1,7567)
aucaes	(3,941)
lanzado	(1,4395), (5,1296)
mazmorra	(4,4441)
desalmada	(1,16354)
rufianas	(4,2966), (4,2983), (4,2968), (4,5852), (4,7021), (4,2975), (4,5122)
desagradable	(5,4741), (1,13894), (5,7567)
suertes	(4,8276), (1,8577), (1,15876), (1,8213), (4,5817), (1,8535), (1,8617), (5,2655), (4,5423)
desagradaba	(1,12152)
descuella	(3,820)
partiendose	(0,6048)
desalmado	(1,6082), (1,5508), (1,13156), (1,8812)
escribirlo	(5,6208)
acabados	(1,533), (0,10600), (0,3788), (0,10557)
clasificacion	(2,3156), (5,3948)
limitaciones	(3,567)
