imprimieron	(5,2155)
concediese	(1,8818), (1,4131), (1,5278), (1,6479)
abrigado	(0,658), (1,13864)
peruchapapel	(0,10029)
bailaban	(1,387), (1,2187)
explanation	(3,3250), (3,3252), (1,19203), (4,9128), (1,19205), (2,8279), (4,9130), (2,8281), (5,9102), (5,9104), (0,13947), (0,13949)
sirvase	(4,4163), (2,526)
trivialidad	(5,4900)
these	(0,13922), (3,3334), (4,9223), (0,13735), (2,8363), (1,19178), (1,18987), (4,9103), (5,9077), (5,8886), (4,8919), (3,3225), (1,19287), (3,3034), (0,14043), (2,8254), (2,8063), (5,9186)
henchido	(2,5300)
abrigada	(0,845)
aprobo	(1,6162), (5,407), (1,15016), (1,15144), (0,13418)
acerada	(5,2644)
marialonso	(1,10256), (1,10657), (1,10403), (1,10484), (1,10612), (1,10247), (1,10427), (1,10542), (1,10319), (1,10719)
neutral	(5,2343), (1,8053)
conocientes	(4,2558)
matalotes	(0,4641), (0,13155), (0,6117), (0,488), (0,6120), (0,6249), (0,6031), (0,6256), (0,5938), (0,12914), (0,6003), (0,6260), (0,12725), (0,439), (0,6041)
truximos	(0,10528), (0,9268), (0,10455), (0,9993), (0,11021)
indiferentes	(5,4101), (5,5129)
inutilizaba	(5,2108)
pobretas	(4,2990)
porfiado	(5,7422)
admisible	(5,6283)
ligamentos	(1,18800)
libreros	(5,70)
encaminadas	(1,11232), (0,768), (5,2509), (5,5069), (1,15133)
marcharon	(2,3041), (3,1274)
infiere	(0,13215), (1,17654), (3,489), (0,13385)
predomina	(5,4775)
comerciales	(5,2530)
abrigaba	(5,2232), (5,1978)
hablolas	(1,9980)
pirala	(5,7143), (5,8589)
dividia	(5,3960), (0,7205), (1,14170)
infiero	(1,16292), (2,5320)
yreis	(0,1071)
motejo	(1,11673)
alvarado	(0,11842), (0,12995), (0,13001), (0,458), (0,11853), (0,11859), (0,1492), (0,12245), (0,13015), (0,11864), (0,12381), (0,13278), (0,3039), (0,3040), (0,13025), (0,11877), (0,238), (0,2169), (0,2426), (0,891), (0,12155), (0,12157), (0,12159), (0,2048), (0,385), (0,12161), (0,1282), (0,12163), (0,388), (0,900), (0,262), (0,13062), (0,137), (0,1547), (0,1036), (0,270), (0,402), (0,1428), (0,1556), (0,13204), (0,1045), (0,13077), (0,13209), (0,410), (0,1050), (0,1056), (0,5793), (0,2082), (0,12964), (0,2725), (0,943), (0,13490), (0,13497), (0,1850), (0,1467), (0,446), (0,1470), (0,11838)
zebratana	(0,8603)
preciosisimas	(1,15523)
sumidos	(1,17734)
huron	(4,1812)
querriamos	(4,915), (4,8142)
encerrados	(1,17222), (1,10487)
ildefonso	(3,2990)
moteja	(4,3394)
dividir	(0,463), (0,897), (2,6741), (1,2106), (0,11849), (5,3439)
estacion	(1,7795), (2,6088), (1,7295)
moteje	(1,11667)
complaciendole	(5,498)
habilidades	(1,4660), (5,3289), (1,17365), (1,1847), (1,6279), (1,17399), (1,1628)
acobardarse	(2,1281)
tardo	(1,12547), (1,7557), (4,7338), (4,7370), (1,18536), (1,9226), (1,12939), (1,3085), (1,431), (1,10771), (1,5108), (5,666), (1,10167), (1,8664), (0,8440), (5,3646), (5,2624), (1,317)
forjaba	(5,4486)
subordinacion	(3,1648)
textos	(5,5077)
pecuniariamente	(5,4222)
malisimo	(2,930), (2,1247)
alterabanse	(2,3735)
curaria	(4,4558)
crecieron	(1,7305), (5,558)
tarda	(2,7825), (0,10672), (3,628), (0,10003), (2,7802), (0,10169), (2,7808), (2,7824)
demandare	(4,7115)
tarde	(1,5410), (5,6822), (0,6212), (2,4871), (0,6471), (4,5070), (0,7243), (1,10543), (0,6352), (0,13521), (0,6866), (0,7124), (1,1975), (0,6232), (0,9817), (1,7228), (2,2463), (1,18114), (2,4900), (2,678), (4,1896), (4,3944), (4,3177), (5,7499), (0,10086), (0,6631), (5,4558), (1,1359), (0,2286), (0,6384), (5,7637), (0,11504), (2,691), (4,5365), (0,7025), (4,5752), (2,7094), (2,4151), (5,1755), (1,4954), (5,5982), (4,2559), (5,3936), (4,7553), (1,2399), (4,5892), (1,6243), (0,10242), (5,872), (2,1477), (0,3973), (1,5990), (0,11141), (2,334), (0,7310), (2,721), (0,3986), (0,11410), (0,11283), (2,470), (2,4828), (1,2940), (0,11548), (4,6817), (4,3619), (2,738), (0,6816), (4,3111), (0,13475), (1,15239), (1,7048), (4,7341), (1,9995), (4,818), (0,6063), (2,2931), (4,6328), (1,17557), (2,2424), (4,4795), (4,5947), (1,5656), (2,7673), (2,2938), (0,7354), (4,1983), (0,7484), (2,6272)
pastores	(1,16480), (1,16515), (2,5349), (1,16517), (1,16581), (1,16582), (1,16592), (1,16433), (1,16530), (1,16595), (1,16437), (1,1755), (1,16573), (1,16478)
baston	(2,6419), (2,3894), (5,878), (2,3854), (2,6302)
demandara	(0,2138)
atienden	(4,3525), (2,105), (1,16714)
pratica	(0,4354)
ninadas	(2,4479)
liberal	(1,18147), (1,6628), (1,229), (5,5230), (1,4587), (1,9583), (2,657), (2,4945), (1,4528), (1,3895), (1,9595), (1,636), (1,13310), (1,14143), (2,6435), (1,2883), (1,455), (1,18059), (2,109), (2,5230), (2,7152), (1,4048), (1,3731), (2,5236), (5,7064), (2,5238), (1,12247), (1,3610), (1,9436), (1,3678)
hizolo	(1,10144), (4,6085), (1,3653), (1,551), (1,4424), (1,15144), (1,3500), (1,14801), (1,17875), (1,3254), (1,15195), (4,7743), (1,15484), (1,8605), (1,15551)
afrenta	(5,820), (1,4771), (1,18771), (1,10661), (1,1831), (1,16071), (5,3792), (5,5937)
legislatura	(5,2037), (5,2684), (5,2239), (5,1265)
faltara	(1,6048), (1,14016), (1,14403), (4,392), (4,4878), (1,1871), (1,9200), (4,5750), (2,2933), (1,6036), (1,14550), (4,5693), (1,9948), (4,962)
hiciere	(1,10272), (0,5536), (1,11459), (0,293), (0,4357), (0,4360), (0,5544), (0,4553), (0,1329), (4,6390), (0,4372), (0,3125), (0,3286), (0,2235), (0,4350)
heridos	(0,7503), (5,677), (1,4339), (0,6658), (1,13862), (1,4344), (0,8072), (0,7497), (1,14187), (5,2787)
curarle	(1,13860), (1,13863), (1,13848)
herraduras	(4,1106)
piramo	(2,3255)
rejuveneciendose	(2,2730)
pastel	(1,8380), (1,15759)
hiciera	(3,867), (4,2372), (1,16993), (2,2531), (1,17315), (2,581), (1,11780), (0,7559), (4,4652), (1,16009), (5,2674), (1,4047), (4,4531), (4,1044), (1,18257), (2,342), (1,17238), (2,3160), (4,2303), (4,352), (1,12189), (4,4162)
broquel	(2,5170), (4,3739), (1,18969), (1,5482), (4,5983), (1,14399)
robaron	(0,13473), (0,7682), (0,7826), (1,9158), (1,9151)
faltare	(4,1579)
producciones	(5,5012), (5,6342), (5,6774), (5,6328), (3,2971)
acaescio	(0,5934)
corchetada	(1,5806)
sobrellebado	(0,6674)
rescates	(0,9794), (0,329), (0,588), (0,4302), (0,4944), (0,3282), (0,4306), (0,339), (0,5204), (0,4310), (0,1624), (0,1498), (0,5083), (0,4316), (0,1629), (0,1513), (0,5097), (0,1642), (0,4336), (0,5104), (0,10227), (0,4725), (0,11895), (0,4348), (0,1917), (0,1278), (0,4734), (0,6782), (3,2979), (0,10241), (0,10633), (0,4623), (0,5139), (0,1942), (0,3097), (0,5148), (0,3102), (0,5158), (0,6183), (0,1576), (0,299), (0,3244), (0,7084), (0,4654), (0,4784), (0,3121), (0,4657), (0,6451), (0,565), (0,4664)
topare	(0,5686)
normales	(0,364)
especias	(4,4403), (0,4655), (0,7428), (0,4728), (0,5065), (4,399), (0,4731), (0,5308), (0,7644), (0,5117), (4,5890)
pobretes	(1,5393), (1,10979)
encargareis	(0,1711), (0,5365), (0,4457), (0,5353), (0,4284)
rescaten	(0,5103), (0,1954), (0,3442), (0,1944)
501c3	(4,9189), (5,9159), (0,14007), (3,3307), (1,19260), (2,8336), (4,9186)
posado	(4,6399), (1,12540)
hiciese	(4,7748), (1,6945), (0,7744), (4,6085), (0,6468), (1,15782), (3,874), (3,875), (1,2857), (1,3499), (1,13740), (0,7757), (0,5582), (1,3248), (1,12081), (3,1652), (0,8018), (1,11956), (4,6105), (0,7125), (1,8503), (0,5592), (1,12986), (0,4059), (0,3296), (0,6624), (4,5736), (1,10053), (1,7112), (0,7143), (1,4169), (1,9545), (0,1261), (1,13519), (1,10192), (0,6000), (0,8433), (5,4569), (1,18901), (4,6010), (0,4089), (3,2721), (0,8707), (0,6917), (0,6921), (1,9963), (0,5644), (5,4595), (1,9972), (1,13304), (4,1694), (4,7711), (0,8990), (1,13824), (1,8578), (0,6948), (3,2507), (1,12425), (4,8239), (0,6443), (1,7180), (4,5552), (0,9008), (0,7346), (0,8501), (1,6551), (1,7065), (1,7578), (1,18587), (4,575), (1,4380), (4,5695), (1,3485), (0,1213)
especial	(0,4481), (5,1259), (5,7724), (5,1136), (0,11980), (0,1742), (0,3598), (0,5263), (5,4406), (0,4564), (5,7229), (5,1790), (0,96), (5,3333), (5,3461), (1,1474), (3,773), (0,1762), (0,1890), (5,7879), (0,4580), (2,1642), (0,4459), (0,5614), (3,661), (5,4184), (0,13621), (3,665), (0,1655), (5,6044), (5,93), (0,120), (5,2910), (1,285), (5,3810)
concertando	(1,6052)
escrivano	(0,2144), (0,9056), (0,9089), (0,9090), (0,9061), (0,9125), (0,2790), (0,9066), (0,9130), (0,9134), (0,2001), (0,9105), (0,9138), (0,9139), (0,9047), (0,9081), (0,9085)
cortedad	(5,2289), (1,9261)
fiarlo	(1,7459)
mordiendose	(1,18391)
renidas	(5,1524), (5,3236), (5,1445), (5,698), (5,2062), (5,131)
complaciendose	(2,1037), (2,7422)
posada	(1,12576), (1,13089), (1,15777), (1,12323), (1,12579), (1,6057), (1,14506), (4,5071), (4,8143), (1,12076), (1,14510), (1,11055), (1,5553), (1,11315), (1,11060), (1,11445), (1,8637), (1,12610), (1,17093), (1,7496), (1,17099), (1,7501), (1,11087), (4,3443), (1,14545), (1,11091), (1,18899), (1,7509), (1,16091), (4,6399), (4,6527), (1,11100), (4,6401), (1,11617), (1,12388), (1,11622), (1,11624), (1,10987), (1,11627), (1,13294), (1,12655), (1,10992), (1,12784), (1,17905), (1,12658), (1,12275), (1,12148), (1,17911), (1,12540), (1,12413), (1,17277), (1,15873), (4,5030), (1,11653), (1,11271), (1,17159), (1,11785), (1,14857), (1,11018), (1,11277), (1,11022), (1,12302), (1,12558), (1,15758), (0,9134), (0,9135), (1,12306), (1,14482), (1,11027), (1,11157)
estorbos	(1,9299)
topase	(0,5594)
impelerlo	(5,986)
pregan	(4,1082)
abandonaron	(1,3303), (5,3004), (5,4686), (0,458), (5,3537)
inexpunable	(4,8488)
insondables	(5,7847)
noticiarles	(0,490)
reminiscenze	(5,7964), (5,4414)
razonaba	(2,4007)
barbaras	(3,547)
dividen	(1,12510)
separacion19	(5,1482)
consentire	(1,11936), (1,16465), (1,1557)
diferencia	(1,3749), (0,7695), (4,4948), (0,13328), (1,17073), (4,2901), (1,16246), (2,1754), (5,3074), (1,8193), (0,13412), (0,13415), (2,7020), (0,6123), (3,465), (3,2769), (3,466), (3,470), (1,1622), (5,4570), (0,13558), (1,1689), (4,1533), (4,8574), (5,1569)
tunante	(2,7953), (2,3351), (2,2457), (2,4537), (2,7465), (2,7497), (2,1775)
ladraba	(1,16646), (1,16668)
ginetas	(0,11570)
porfiaba	(1,15269)
velludas	(2,269)
desencadenados	(5,647)
curarme	(1,5043), (1,16100), (1,1868)
tubieren	(0,4991), (0,3443), (0,4707), (0,5270), (0,4711), (0,3452), (0,4669)
probanza	(3,2418)
paristes	(4,1201)
pastoras	(1,16480)
ruptura	(5,996), (2,7011), (5,3024)
there	(2,8114), (5,8934), (4,8966), (5,8937), (0,13780), (4,8969), (3,3082), (0,13783), (3,3085), (1,19035), (2,8111), (1,19038)
folio	(3,925)
4557	(4,9194)
posaba	(1,14018), (1,18926)
soltura	(1,13250), (4,3918), (2,6749)
puyegue	(3,2038), (3,2105), (3,2095)
monumento	(5,5188), (5,6007), (5,7770), (1,16697), (5,1166), (1,4650), (5,6483)
valdria	(4,7860), (4,3403), (4,6523)
amboino	(0,2801), (0,12553)
aseveracion	(0,744), (2,6670)
repercutido	(5,1022)
tarja	(4,3161)
sancho	(5,804), (1,14144), (5,4424), (1,14149), (1,13416), (1,202), (5,818), (1,13424), (1,13426), (1,13491), (1,13492), (4,3963), (1,2175)
pedi	(1,7520), (0,5840), (2,2644), (0,4087), (1,15640)
bregar	(2,4791)
verga	(0,10394)
heroes	(5,7045), (5,2536), (5,3322), (2,538), (5,5326)
porne	(4,5126), (0,5827), (4,4314), (4,7324), (4,4320), (4,4322)
peco	(1,2522), (2,7851)
razonada	(1,275)
derribaron	(1,18372), (1,2892), (0,8683), (0,8715), (0,7357)
porna	(4,7373), (4,6511)
abandonaran	(2,5175)
dejole	(1,13811), (1,18021), (1,2137), (1,10458), (1,8990), (1,8063)
quebranto	(1,16977)
dejola	(1,14526)
15943	(0,429)
faltado	(1,15344), (1,12593), (2,6133), (1,17445), (3,682), (1,9049), (2,3771), (5,929), (1,13071)
africa	(5,4870), (5,2412), (5,2960), (5,3763), (5,3795), (2,7024)
razonado	(0,613), (1,1917), (4,130)
descarriadas	(1,147)
peca	(1,17746), (1,16873)
especies	(5,4261), (0,4733), (0,4782)
robarla	(1,8693), (1,8697)
robarle	(2,6023)
anagaza	(1,7859), (1,9385)
huertezuelas	(0,9808)
putativa	(1,296)
aprobar	(5,3053)
confesemos	(1,4734)
invasores	(5,2772)
mirra	(1,18718)
perjuicio	(0,2944), (0,2466), (0,2754), (2,3111), (4,7850), (3,2826), (1,1354), (0,6921), (1,6443), (0,557), (0,2126), (1,16722), (0,1682), (1,15348), (5,3707), (4,8346), (0,4535), (5,190), (1,3643), (2,1823), (5,259)
platanos	(0,9983), (0,7072), (0,10240), (0,6373), (0,6686)
poblacion	(3,2019), (5,3621), (0,6208), (0,6848), (3,2022), (5,7465), (0,1991), (3,2924), (0,7369), (0,9417), (3,2158), (5,2608), (0,1490), (3,760), (3,2042), (0,11865), (3,510), (3,2943), (0,13534), (3,2563), (3,2948), (3,2952), (3,2061), (5,3663), (3,1935), (0,5232), (3,1302), (3,2967), (0,10356), (0,8696), (0,1913), (0,10106), (5,1901), (0,1930), (0,1037), (3,2225), (0,1423), (3,820), (5,2423), (0,8724), (5,122), (3,2104), (0,1046), (3,2107), (5,256), (3,830), (3,2110), (0,1052), (5,260), (0,7071), (0,161), (3,709), (3,2119), (3,1993), (0,4775), (5,1805), (3,78), (0,7212), (3,2386), (3,2262), (0,10163), (3,2392), (5,1436), (3,1500), (3,477), (0,3514), (5,1187), (5,2595)
veres	(4,7499), (4,1998)
semejando	(5,4869)
causoles	(1,12206)
ocurririan	(3,2055)
remunerado	(1,16615)
camaguey	(5,4685)
excitacion	(2,6897), (2,6274), (5,2617), (2,1319), (2,6824), (2,2222), (2,2223), (2,3504)
robarme	(1,13514)
50291	(4,14)
artico	(0,3939)
delegados	(5,1256), (5,3050), (5,3085), (5,3245), (5,3154), (5,1811), (5,2071), (5,1243), (5,3037), (5,3262), (5,3296), (5,1217), (5,1218)
intentado	(3,1890), (1,11732), (0,502), (2,3386), (2,7263), (0,12973)
veria	(4,8099), (1,10144), (1,13829), (0,7814), (0,10792), (5,7139)
davila	(5,7688), (0,12532), (0,1849), (5,8258)
mirum	(4,693)
mirto	(2,1545)
planteado	(5,7698), (5,4275)
ensalada	(2,534), (1,16810)
arrojados	(1,17202)
maritum	(5,6637)
hallemos	(1,14652)
exponerla	(2,969)
revelaban	(5,7684), (5,4243)
verificativo	(3,2449)
paristip	(5,77)
planteada	(2,4435)
agradecerme	(1,3541)
visajes	(1,17611)
pendones	(3,94)
chagres	(0,544), (0,12641)
arroz	(0,8898), (0,10308), (0,7112), (0,10697), (5,176), (0,7374), (0,5714), (0,7379), (0,8662), (0,10455), (0,7005), (0,7007), (0,10719), (0,10723), (0,6373), (0,10481), (0,6899), (0,7156), (0,7030), (0,7928), (0,10362), (0,7931), (0,9982), (0,10111), (0,10240), (0,8323), (0,10757), (0,9995), (0,7052), (0,7820), (0,10383), (0,7958), (0,6425), (0,6426), (0,10011), (0,6430), (0,8606), (4,419), (0,6431), (0,7840), (0,3873), (0,7334), (0,8616), (0,10536), (0,10794), (0,8365), (0,6582), (0,10425), (0,2490)
insistencia	(5,7862), (2,2456)
imposed	(2,8177), (4,9028), (5,9000), (0,13846), (3,3148), (1,19101)
prohibir	(5,1268), (5,123)
revuelto	(5,7844), (2,1780), (5,1051), (5,5116), (1,13738)
estorben	(0,5238)
casanse	(1,17886)
fiarse	(0,6378)
aguardasen	(1,7158)
calientes	(2,4005)
libreria	(2,20), (2,74), (4,253), (5,6767)
gallina	(4,2408), (1,5350), (2,6347), (4,8045), (4,6896), (4,2417), (4,1906), (4,6900), (4,6901), (4,8053), (4,6077), (4,6079), (4,7839), (4,6082)
beltran	(1,5864), (1,5870), (1,5871)
revuelta	(5,676), (4,493), (5,7281)
tarea	(5,1124), (5,5637), (5,1256), (5,5065), (5,5195), (2,5065), (5,4014), (2,588), (5,4303), (5,2576), (5,7152), (5,7376), (5,4722), (5,819), (5,7861), (5,5591), (5,1562), (5,4637), (5,5791), (5,1184), (5,7872), (2,382)
prohibia	(5,534), (1,18905), (3,1373)
punteria	(2,2331)
volveos	(4,5558), (1,1051), (4,2302)
positivamente	(5,3498), (5,4043), (5,5228)
acordaredes	(0,4681)
agradecerlo	(5,6484)
agradecerle	(5,6681)
forzosas	(1,1120), (1,2231), (0,1853)
cureis	(4,2307), (4,1832), (4,2860), (4,1906), (4,3155), (4,7379), (4,2580), (4,5076), (4,1045), (4,5082), (4,5626), (4,3165), (4,5089), (4,1698)
recaudos	(0,4401), (1,7539), (1,7555), (1,7572), (0,2517), (1,7240), (1,7576), (1,7214), (1,7486)
verbo	(1,16867), (2,4090), (1,18153), (2,5532)
tronar	(2,2689)
ruegoos	(1,13065)
prometerme	(1,14760)
surge	(5,732)
pege	(3,2953)
tubieron	(0,7023), (0,6530), (0,8051), (0,7959), (0,6986)
pego	(1,10528), (0,7269), (2,3865), (4,7054), (1,3388), (4,7041)
danaria	(0,4135)
conforto	(1,16013)
mostrasen	(0,6895), (1,14292), (0,7223), (1,7582)
veray	(4,4432)
lancha	(3,797), (3,799)
anublo	(1,12833)
prefiriendo	(0,478)
advertencias	(1,18615), (2,7580)
pega	(1,2243), (4,6902), (4,3194), (4,7611), (4,3388), (2,5322), (2,5520)
veras	(2,5891), (1,675), (1,7331), (2,4237), (4,7123), (1,5559), (1,15161), (2,2459), (4,3549), (1,1090), (1,10052), (2,7846), (1,201), (1,5577), (1,970), (1,2381), (1,1486), (0,10861), (0,10863), (4,8437), (0,10865), (1,11603), (1,17880), (0,10872), (1,18905), (0,10874), (1,17885), (5,7011), (5,2663), (0,10884), (1,4710), (1,3431), (1,13031), (4,2316), (1,13930), (0,10890), (1,10988), (0,10891), (1,10999), (1,1787), (1,11003), (0,10906), (1,17917), (3,2753), (1,16384), (1,3972), (2,4837), (1,645), (1,3079), (0,11434), (1,8207), (0,11567), (1,17041), (0,11573), (0,11448)
cuestiones	(5,868), (5,7817), (5,6798), (5,5007), (2,6991), (5,4787), (5,120), (2,2647), (5,5212), (5,4797), (5,478), (5,4830), (5,2048), (2,5438), (5,131), (5,5059), (5,5251)
aseadas	(4,2937)
veran	(1,1138), (1,1458), (1,756), (1,711), (1,712), (4,8172), (0,9372), (4,321), (2,4384)
indique	(5,3958)
venderas	(2,3487)
esquiva	(1,11370), (1,12027)
pensabamos	(0,7638), (5,5598)
volvera	(2,6705), (1,15952), (1,882), (2,5699), (2,5685), (2,4662), (5,6351), (0,4171), (2,192), (2,5488), (2,7792)
comiamos	(4,2138), (0,10236), (0,10605)
encaminase	(1,2807)
habrelas	(1,16461)
volvere	(1,928), (2,4881), (1,9778), (2,5062), (1,775), (1,888), (1,889), (5,446)
verde	(1,1890), (0,12866), (1,10216), (0,10567), (1,11244), (1,12461), (1,15920), (4,917), (1,9718), (4,3935), (4,864), (2,862), (0,9692), (1,4606), (1,17407), (4,420), (1,13762), (4,7270), (1,13769), (0,10026), (4,3440), (4,7088), (2,4975), (1,5774), (4,3442), (1,13775), (1,6292), (5,6361), (1,6230), (1,3608), (0,7291), (4,2496), (4,2497)
duradera	(2,6708)
lances	(1,17910), (1,16666), (1,7675), (4,3343)
bennet	(2,3240)
marcharse	(2,2818), (2,2821), (2,186)
encerrase	(1,15143), (1,7918), (1,18574)
nombrefrancisco	(0,11693), (0,11646)
conforta	(5,7006)
durmieres	(1,8287)
italica	(5,6453)
aumentase	(2,950), (2,204)
pastos	(3,715), (3,878), (3,879)
pastor	(1,16448), (2,4644), (1,16483), (1,16534), (1,16440), (1,16489), (1,16442), (1,16492), (2,4734), (4,3969), (4,8578)
revuelve	(5,2197)
dejaste	(1,4000), (1,16751)
ruborizandose	(2,2925)
obstaculos	(5,1236), (5,133), (5,982), (5,5576), (5,1422)
combinar	(5,7482)
picabale	(1,8547)
injuria	(1,12017), (2,5076), (4,4695), (5,4985), (5,2559), (1,12011), (4,8287), (1,11420), (1,14958)
aguijon	(2,4081), (5,1365)
segnalo	(0,1509)
oprobioso	(5,6938), (5,2622)
vandera	(0,4591), (0,4548), (0,9461), (0,2118), (0,9575), (0,2137), (0,1690)
recebieronme	(1,16666)
encaminados	(1,3046), (1,13926), (1,4153)
camiungo	(0,12614)
revolviendolas	(0,7793)
aventurar	(0,762), (1,18798)
retraeos	(4,478)
reunion	(5,1242), (2,2407), (2,6327), (2,5226)
aventuras	(1,928), (5,1301), (5,1290), (5,1323), (5,5678)
ivdlxi	(0,11975)
estorban	(1,13626)
oficiante	(5,839)
arriero	(4,963), (1,4769), (1,17347), (1,4758), (1,4747), (1,4750), (1,4766), (1,18926), (1,18927)
candelicas	(1,5457), (1,5388), (1,5438)
senorito	(1,1318), (2,1822)
subiese	(1,13393)
detuviesen	(0,4135)
matraca	(1,18519)
inunda	(2,749)
estorbar	(1,13744), (1,13697), (1,14722), (5,2682), (2,7545), (0,665), (1,15068)
pelo	(1,17204), (4,4936), (1,17046), (2,3723), (4,6254), (1,16091), (5,6416), (4,1856), (2,2671), (2,6095), (1,16414)
destrozarle	(2,5914)
primogenito	(4,6785)
componen	(5,1216), (0,13515)
practicandose	(3,2792)
apostaria	(1,2909)
apremiaban	(1,1413)
ofrescia	(0,8526)
compones	(2,5766)
residiera	(5,1573)
salpico	(5,7613)
belmonte	(1,1128)
componer	(4,8484), (3,1462), (5,7627), (3,2474), (5,5278), (1,3563), (4,4095), (5,6545), (5,6913), (1,15501)
meeting	(5,1243)
pela	(4,2354)
prmiaque	(1,8096)
deslavado	(4,3731)
desearon	(1,8893)
homicidio	(3,759)
subiere	(0,11664)
encerradas	(1,6781)
desearos	(1,6401), (1,6207)
apartarlos	(1,2701)
fractura	(0,13354)
residiese	(0,3778)
rompimiento	(5,982), (0,8577), (5,2391), (0,4866), (0,5026), (5,3449), (0,4965), (0,7477), (0,2774), (5,654), (1,18830)
amante	(1,229), (1,1829), (2,5894), (1,10470), (4,7114), (2,3659), (1,4587), (5,4272), (2,3214), (1,1710), (1,1840), (2,3281), (2,3601), (2,5905), (5,4917), (2,5971), (1,3262), (1,15234), (1,2883), (1,2244), (4,938), (2,3368), (2,3496), (2,3944), (4,7661), (2,3885), (4,560), (2,3252), (2,3520)
villaviciosa	(5,8757), (5,6473)
dejose	(2,1462)
ocurrido	(5,4580), (0,9201), (0,12067), (2,7146), (5,2910), (5,5518), (0,13353)
escallentela	(4,7847)
habiale	(2,6095), (1,14446), (1,14447)
suntuosos	(3,146), (1,7777), (1,1634)
alquilada	(1,12997)
desearlo	(1,7305), (5,862)
veinticuatro	(2,6118), (5,7434)
renidos	(2,7487)
circunscrita	(2,6956), (2,6751)
digoos	(4,4257)
desposeido	(1,17301)
revestir	(5,781)
brunida	(1,8144), (1,18359)
voluntaria	(5,5405), (3,2831)
imprimieran	(2,1213)
digestion	(4,3032)
pene	(4,7157), (4,8535), (1,8918)
permitente	(1,17653)
ocurrian	(3,2103), (3,2505)
pena	(1,10272), (2,6407), (3,1515), (5,4015), (4,4563), (0,9297), (5,4540), (4,5596), (4,221), (1,2876), (1,2112), (1,2113), (1,16454), (1,3399), (0,7270), (1,18761), (2,2347), (1,5196), (1,16973), (0,1902), (1,16975), (4,244), (1,16977), (4,6137), (4,8187), (4,6141), (4,6149), (4,8454), (4,6153), (0,7561), (4,6165), (1,6258), (0,7569), (1,16758), (2,4189), (1,17532), (0,9118), (1,2944), (2,5734), (1,17541), (0,5541), (4,6186), (5,5899), (0,8870), (0,9126), (3,1615), (2,6256), (0,6069), (5,7195), (1,13207), (2,4219), (4,2371), (5,7716), (2,7298), (2,6277), (0,2246), (0,4550), (0,4551), (1,16040), (5,1325), (1,13483), (2,2448), (2,6802), (1,5556), (4,8535), (1,7351), (0,9433), (0,730), (1,1980), (0,6363), (1,8380), (0,2524), (1,13245), (0,2013), (2,1442), (1,1995), (1,17104), (1,16083), (0,2292), (1,2520), (3,1436), (5,1376), (2,5566), (1,6113), (2,1479), (1,17638), (4,6794), (4,6797), (1,14826), (4,6801), (4,8085), (0,9234), (1,13814), (1,13818), (4,670), (1,9213), (1,18175), (4,1451), (0,5931), (0,5932), (0,8239), (4,7093), (2,4855), (4,7098), (4,1470), (1,14108), (1,2333)
voluntario	(3,2893), (5,2880)
colombia	(5,5572), (5,6021), (5,6795), (5,5548), (5,5580), (5,5470), (5,6033), (5,5554)
todavia22	(5,1646)
oficioshizose	(0,9278)
corrigiendo	(4,8608)
gentilicas	(2,3168)
esquifes	(0,4263), (1,13754)
tronco	(2,1891), (1,16485), (1,3094), (1,13366), (1,8814), (5,3267)
engendra	(1,1013)
inapreciables	(5,7383)
ofrescio	(0,6897), (0,8850), (0,6902), (0,7897)
destrozaria	(2,2230)
encomendase	(4,6084), (1,2765)
engendro	(1,8977), (1,197)
llamaldo	(4,4788), (4,2328)
exponerte	(2,2161)
rrecogerlo	(0,3523)
hagamos	(0,3984), (0,4005), (1,12682)
componia	(5,264), (2,7721), (5,5661), (5,3219)
imbuirles	(2,364)
consentido	(5,3622), (0,7809), (5,1849)
mentiras	(2,3478), (4,6409), (1,12470), (0,8230), (1,10839), (1,17575), (5,6142), (1,17805), (3,224), (5,7938), (4,6882), (1,14927)
voluntariosa	(2,3128)
enganasedes	(1,13609)
consentida	(5,4577)
faltaba	(2,1217), (1,17505), (2,1219), (1,9066), (4,5582), (1,15342), (1,15343), (0,7185), (5,7862), (5,3386), (0,7957), (1,8248), (2,4123), (5,3136), (1,14848), (2,4130), (2,6755), (2,4132), (4,936), (0,6629), (1,12875), (1,15884), (0,8620), (0,1005), (0,8110), (4,564), (1,6353), (0,8113), (1,15443), (1,10517), (1,1816), (1,3160), (1,4888), (3,669), (2,6332), (1,16091), (5,2593), (1,6238)
pregon	(2,104), (1,8170), (0,9278)
manglares	(0,6847), (0,6869)
pepe	(5,4077), (5,4575)
adelantandose	(1,5084)
imagenes	(5,7172), (2,1858), (1,17585), (5,6301), (5,4494), (5,7182), (1,6079)
diametralmente	(5,1988), (5,5669), (5,6905)
eterna	(1,15616), (5,1481), (1,4069), (2,2792), (3,2873), (1,17945), (5,2830), (2,2798), (5,4273)
otorgamiento	(0,2055)
requeriria	(5,6870)
duramente	(5,2597), (2,1158), (5,2012), (5,5150)
mismos	(0,1855), (1,3619), (0,4933), (1,17958), (5,1708), (5,7596), (5,2223), (3,243), (5,6837), (1,15666), (3,2039), (1,2613), (2,4375), (0,8533), (4,6875), (5,6849), (5,1474), (1,3907), (0,5479), (0,8552), (1,16713), (1,9547), (5,6608), (1,11084), (3,784), (0,6510), (0,8558), (5,1236), (5,3545), (0,7028), (1,9050), (4,2559), (3,2851), (4,8198), (3,2599), (2,4429), (3,1327), (2,4435), (5,1793), (3,2880), (3,1857), (3,2628), (3,2377), (1,17543), (5,7692), (5,1553), (3,2902), (1,9364), (5,3354), (3,2137), (1,6295), (5,3101), (1,14233), (2,1148), (2,6275), (3,2662), (5,4652), (3,107), (3,2671), (1,12721), (5,7480), (1,12725), (1,7610), (5,4927), (3,2178), (1,3778), (3,2186), (5,2128), (5,5200), (5,5970), (3,1429), (5,5719), (1,16595), (5,1885), (5,1635), (0,8702), (1,11743), (1,14303), (0,7167), (5,5478), (1,9186), (5,1641), (5,2922), (5,7274), (3,2732), (0,8715), (0,8207), (5,1402), (0,5141), (1,17654), (3,1211), (1,11257), (1,9729), (1,16386), (3,2760), (3,2768), (1,9232), (1,16915), (5,1442), (5,4259)
peor	(5,4004), (5,5478), (1,10082), (4,902), (3,1256), (2,1611), (4,3405), (1,16369), (4,858), (4,4381), (4,4902), (2,4710), (1,17287), (1,17736), (1,11209), (1,5066), (0,9962), (1,141), (2,3120), (1,12623), (4,3316), (4,3318), (1,15509), (2,1975), (1,17046), (1,1303), (1,5658), (1,16026), (1,17051), (5,6945), (0,1149)
rrecoger	(0,3496)
satisfacciones	(2,4177)
cariharta	(1,5632), (1,6051), (1,5797), (1,5510), (1,5638), (1,5670), (1,5673), (1,5546), (1,5581), (1,5646), (1,5712), (1,5681), (1,5491), (1,5652), (1,5782), (1,6070), (1,5497), (1,5689), (1,5724), (1,5565), (1,5662)
atendian	(1,3135)
encomendame	(4,6335)
escandalosos	(0,2199)
eterno	(2,1059), (1,7506), (2,2791), (5,4170), (5,4634), (4,8626)
spanoli	(4,7218)
desearle	(1,4112)
juicios	(2,3873), (4,8453), (5,7782), (2,2711), (5,7563), (2,2618)
employees	(0,13919), (0,14016), (3,3222), (1,19175), (4,9195), (4,9100), (2,8251), (5,9074)
encubrieren	(0,1407)
hurtadillas	(4,2961)
ayudeme	(4,5869)
sobrina	(1,18596), (1,18605), (2,3408), (1,18352), (2,4562), (1,18737), (2,3795), (4,534), (1,18611), (4,8151), (4,536), (0,10773), (1,18486), (4,410), (2,2584), (2,3929), (0,10776), (1,18937), (2,3933), (1,18813), (2,4448), (2,3105), (2,2598), (4,490), (2,4587), (2,2605), (4,499), (1,18321), (2,3187), (4,504), (2,3254), (1,12501), (1,18773), (1,11990), (2,4475), (1,7259), (1,18331), (4,511), (4,449)
requerirla	(1,10134)
pero	(0,7231), (5,934), (0,5185), (1,1060), (1,17452), (2,5136), (1,9269), (1,13365), (5,954), (2,7193), (1,13368), (5,960), (1,3132), (2,7197), (2,3104), (5,969), (1,9285), (1,13381), (1,9288), (1,13384), (1,15433), (1,1099), (5,3028), (1,5201), (1,15444), (1,9302), (1,7256), (1,15448), (5,5085), (1,17498), (5,7137), (1,9310), (2,3137), (1,13411), (2,3142), (5,3049), (1,13415), (1,17514), (2,3148), (1,5229), (1,15469), (1,11375), (1,5232), (1,7280), (1,13424), (2,1106), (1,17522), (1,15475), (5,7161), (2,3160), (5,1021), (1,17529), (1,9339), (5,5121), (5,7169), (1,9341), (0,13468), (2,3168), (5,5128), (1,13444), (1,17541), (1,11400), (1,5258), (2,5229), (1,7308), (1,3213), (1,7309), (1,1176), (1,7320), (1,17563), (2,3198), (5,3107), (1,13472), (1,1185), (1,17572), (5,3119), (2,5260), (2,7308), (1,5294), (1,1200), (1,3250), (1,3259), (5,3135), (2,3229), (1,15548), (1,5312), (1,11456), (2,3235), (2,1191), (2,3240), (1,17607), (1,1224), (2,3248), (1,13520), (0,13557), (1,9432), (5,7263), (2,5310), (0,1277), (2,5315), (2,7363), (2,3268), (1,11492), (2,1223), (2,5322), (5,5231), (2,1233), (5,1140), (1,11504), (1,13553), (1,1266), (1,1268), (5,1146), (2,7385), (5,1149), (3,1211), (0,3355), (2,7391), (5,7301), (0,13605), (1,15622), (5,1164), (5,3212), (2,7401), (1,3340), (1,17677), (1,1294), (5,5266), (2,7413), (1,13588), (0,13620), (1,11543), (1,17692), (1,1311), (1,11554), (3,1253), (3,1256), (3,1262), (0,3403), (1,5422), (1,11567), (3,1267), (2,3346), (2,7442), (3,1271), (0,1367), (5,3264), (1,3391), (0,7522), (1,11590), (1,5447), (1,17738), (1,1355), (1,3404), (2,5423), (1,9551), (5,3287), (1,11603), (3,1304), (0,11639), (0,7545), (3,1309), (5,7391), (1,1373), (0,11645), (1,7519), (1,1377), (2,7490), (5,7397), (1,3426), (3,1318), (1,13668), (3,1322), (0,3463), (2,7497), (1,7528), (2,5453), (1,11628), (2,7504), (0,7566), (5,1269), (3,1333), (1,1402), (2,1377), (2,5473), (2,3428), (5,3339), (5,7435), (1,15752), (2,3434), (3,1360), (5,3349), (2,7538), (5,7448), (3,1372), (2,3451), (2,3452), (4,3392), (2,3458), (1,9633), (3,1380), (5,7470), (1,1451), (1,3504), (5,1334), (5,5430), (5,3385), (1,9654), (1,15806), (1,17855), (1,15810), (5,7497), (2,1449), (5,3405), (5,1359), (0,7659), (1,15823), (2,1460), (3,1429), (3,1434), (1,13786), (1,9692), (2,5567), (5,5476), (5,7526), (1,13795), (1,1509), (1,9702), (1,7656), (3,1457), (1,7663), (5,5492), (3,1459), (5,3447), (1,9715), (3,1468), (5,5507), (1,11777), (5,7558), (1,7684), (1,5637), (5,5517), (5,7566), (1,11787), (5,5520), (1,5646), (1,9747), (2,3576), (1,9751), (1,7704), (5,1443), (2,3586), (1,7715), (1,13860), (5,1451), (3,1514), (2,3593), (0,7752), (2,3596), (5,7602), (1,17968), (2,3602), (5,1462), (3,1524), (2,5651), (1,5682), (1,17975), (1,1592), (1,9789), (1,15933), (5,5573), (3,1546), (5,5581), (1,9803), (2,5680), (3,1554), (5,7637), (3,1559), (1,15958), (1,7767), (2,5691), (1,7773), (1,11870), (0,3712), (3,1573), (5,3560), (1,11885), (1,3696), (1,11890), (5,1527), (2,7764), (1,11894), (1,13942), (1,18038), (5,7675), (1,15994), (1,3707), (1,18043), (0,3740), (5,7681), (1,9853), (1,5761), (2,7779), (5,7687), (2,1638), (2,7783), (0,3750), (5,3599), (2,5741), (1,16013), (2,7792), (1,16015), (1,1681), (2,3698), (2,5746), (1,1688), (5,1564), (2,7802), (1,7835), (5,3617), (2,5760), (2,7808), (1,11935), (5,7719), (3,1641), (1,3751), (1,13991), (5,5681), (2,7824), (2,7828), (1,11956), (2,5782), (5,7737), (1,16054), (1,16055), (1,7865), (1,5819), (1,16061), (2,1698), (1,1732), (1,16069), (2,1706), (2,7852), (1,9931), (1,7886), (1,11983), (1,7892), (1,16085), (1,9942), (1,5848), (1,14040), (2,5820), (1,5852), (1,7903), (2,7875), (1,9955), (5,5739), (1,18152), (1,3823), (1,18162), (2,1748), (1,1781), (2,5846), (1,18165), (2,3804), (2,5856), (1,7938), (2,3814), (1,7942), (5,1675), (5,7819), (1,16137), (1,12042), (1,7947), (1,1805), (5,5778), (1,18190), (2,3824), (2,3826), (5,3734), (2,3830), (0,3892), (1,12054), (2,5880), (5,7835), (1,7960), (3,1756), (1,3868), (1,1822), (1,12062), (2,1793), (3,1764), (0,3906), (2,3845), (1,1830), (3,1771), (1,12073), (1,14125), (2,3856), (5,7861), (5,1718), (5,3768), (1,14137), (5,5822), (2,7963), (1,16187), (1,7997), (2,5920), (1,3913), (1,1866), (5,5840), (2,5943), (2,5947), (2,3901), (5,5856), (1,5982), (1,10084), (1,5989), (1,1897), (1,12140), (2,1870), (2,3918), (1,14192), (2,8019), (5,7930), (2,3928), (1,12152), (2,3930), (5,3837), (2,8026), (1,8058), (5,5887), (2,5981), (2,8032), (2,5989), (1,14213), (5,5898), (1,6023), (1,14218), (1,14223), (0,8111), (1,10128), (1,8081), (1,16274), (5,1815), (1,8084), (1,3992), (1,10136), (1,1945), (1,1949), (2,1920), (1,3999), (0,4031), (5,3881), (1,10152), (1,16296), (1,4010), (2,6027), (1,12203), (0,6091), (3,1903), (1,4013), (2,3985), (5,3892), (5,5940), (5,1849), (0,4052), (1,12214), (0,4054), (5,5948), (5,3904), (2,4002), (1,16324), (3,1927), (1,16327), (1,6088), (1,1993), (2,4012), (5,5968), (5,5970), (1,1999), (1,14287), (1,10192), (5,1878), (1,12243), (4,3960), (5,5981), (1,10201), (2,4027), (1,8154), (5,5987), (1,12257), (2,1987), (0,2049), (2,4035), (1,2028), (2,6094), (1,14320), (1,16368), (1,6131), (5,1915), (0,4118), (2,4058), (2,6107), (1,6140), (2,4065), (5,6023), (0,2083), (1,12292), (3,1993), (1,6151), (1,12300), (0,2099), (2,6133), (1,10262), (1,14359), (1,18455), (1,6169), (3,2013), (1,2076), (1,14366), (5,6051), (1,16415), (3,2018), (1,4130), (3,2021), (2,6149), (5,6059), (3,2030), (1,12338), (1,14387), (2,4119), (1,14395), (5,1984), (2,6173), (2,4129), (1,4160), (0,12383), (5,4037), (1,10305), (5,6087), (1,10310), (5,1995), (1,8265), (2,2094), (1,16461), (2,6191), (5,6098), (1,2127), (1,14417), (2,4149), (1,8281), (5,6111), (1,16475), (1,12382), (3,2081), (2,6208), (5,4068), (1,4193), (1,6241), (0,12417), (1,14441), (5,6131), (1,14448), (1,16497), (0,150), (1,16504), (1,14458), (1,16510), (1,2176), (1,14464), (1,18562), (3,2117), (1,4231), (1,6280), (1,6283), (1,4236), (5,6163), (5,4118), (4,4153), (1,12439), (5,4124), (1,4250), (1,14490), (1,2203), (1,16541), (1,4255), (1,10404), (2,6278), (5,6187), (1,16552), (0,200), (5,6190), (4,6223), (5,2100), (5,4148), (1,18608), (2,6290), (1,8375), (3,123), (1,14521), (1,6331), (5,4160), (1,4285), (2,4258), (5,6214), (1,2244), (1,18628), (2,4264), (1,14535), (1,18631), (1,12491), (2,2221), (1,205), (1,10448), (1,6355), (1,8403), (1,6358), (3,154), (2,185), (1,10456), (4,124), (2,4284), (2,6332), (3,2207), (1,10464), (1,16608), (5,6246), (1,4323), (5,2153), (2,4297), (5,4205), (5,6254), (2,4301), (5,6259), (1,16623), (1,18671), (4,147), (1,4337), (5,4216), (1,6389), (2,6359), (1,10488), (4,160), (1,12541), (5,6274), (3,2241), (2,6368), (2,4323), (1,10499), (3,2247), (5,6283), (5,2188), (4,174), (5,4241), (1,10509), (1,14605), (1,6414), (5,2199), (1,276), (1,10518), (1,16664), (5,2205), (2,6394), (1,12569), (3,2269), (2,253), (2,6406), (5,170), (1,18726), (2,2317), (5,4272), (1,6444), (5,6320), (1,10543), (3,2291), (5,2230), (1,12594), (1,307), (2,2325), (0,2387), (5,2233), (4,6363), (1,10552), (2,2331), (5,2244), (2,2339), (1,12611), (3,2311), (1,14662), (5,4299), (2,2346), (5,209), (2,6448), (5,4308), (5,6357), (1,16721), (2,4404), (1,4437), (5,218), (2,2360), (2,2362), (1,6491), (2,2366), (4,6402), (3,291), (0,385), (1,356), (1,8548), (2,4424), (0,4486), (1,12649), (5,2289), (4,8464), (2,4431), (1,2415), (5,244), (2,340), (3,310), (5,6394), (1,16758), (1,14711), (1,376), (2,2394), (1,380), (2,358), (1,6534), (2,361), (2,2414), (5,276), (1,12688), (3,340), (2,4467), (2,4471), (1,10646), (2,378), (2,4474), (2,6523), (1,2460), (2,6527), (4,2371), (2,4481), (1,8608), (5,2341), (0,449), (1,8610), (1,10659), (2,4486), (1,2471), (5,6446), (1,4523), (1,8622), (3,2417), (5,314), (2,6551), (1,8630), (0,8669), (1,14784), (4,2404), (2,419), (2,6563), (2,422), (1,12743), (2,4521), (3,396), (5,6482), (5,4436), (5,346), (5,2394), (1,2520), (2,4539), (2,6588), (2,2493), (1,8668), (2,2495), (1,16862), (2,4548), (2,456), (3,430), (2,6605), (1,6639), (1,8687), (1,10739), (3,439), (2,2518), (1,2549), (1,12789), (5,378), (2,472), (1,4601), (1,2554), (1,2555), (2,4575), (2,6623), (3,450), (5,6532), (1,6660), (1,8708), (2,6630), (1,14855), (1,14861), (1,14867), (1,10773), (2,2555), (1,4634), (4,6592), (1,12832), (2,514), (2,2567), (2,6663), (1,16936), (1,12841), (2,2571), (5,4533), (2,2579), (2,6675), (1,10803), (2,6677), (1,4661), (0,12884), (2,2583), (2,6680), (3,507), (1,4665), (3,508), (1,10810), (1,12858), (2,4637), (4,6623), (3,511), (1,8765), (5,4546), (1,14910), (2,6689), (5,455), (1,2630), (1,14918), (1,8775), (2,2602), (1,4681), (2,6700), (1,12875), (2,560), (5,468), (1,14928), (3,531), (0,624), (1,16979), (5,472), (1,10840), (2,2618), (3,541), (1,2651), (1,604), (0,8827), (0,636), (1,8797), (2,2624), (1,14947), (2,4680), (2,2638), (2,592), (1,2671), (1,8815), (5,6644), (1,6775), (5,509), (3,2621), (2,6749), (1,2688), (1,8834), (2,4712), (1,12936), (2,6764), (1,14988), (1,2701), (2,4718), (2,4720), (0,687), (1,2710), (1,10902), (1,17046), (1,15000), (1,17049), (2,635), (0,699), (5,2593), (2,6784), (2,4738), (1,674), (2,645), (2,2693), (2,650), (1,8876), (1,17068), (1,2738), (2,6804), (5,2618), (5,571), (1,2745), (1,4793), (5,4670), (1,2749), (5,4673), (1,17085), (2,4767), (1,15038), (5,579), (1,15041), (1,2756), (1,15044), (2,6822), (1,17094), (2,4778), (1,10953), (5,590), (2,6832), (1,13007), (2,2738), (1,15057), (1,2770), (2,4787), (1,13013), (2,6839), (5,6746), (1,13020), (0,767), (1,8932), (2,6854), (3,681), (1,13032), (2,714), (1,2793), (3,2732), (0,4880), (1,10995), (2,725), (1,6902), (2,2776), (5,2683), (1,11002), (1,17146), (1,763), (2,4828), (2,6876), (1,8955), (2,2783), (3,2752), (1,15104), (1,11010), (5,6792), (1,15108), (0,804), (5,4746), (1,4871), (5,6795), (1,777), (5,2701), (2,6891), (1,11018), (5,6799), (1,6924), (1,15116), (1,2829), (1,13071), (2,4855), (2,761), (5,668), (0,13113), (1,17179), (1,2845), (1,4898), (1,803), (1,806), (2,2823), (1,2854), (2,4871), (5,6826), (0,9029), (1,6951), (5,4780), (2,6926), (2,783), (3,755), (1,6961), (2,4884), (1,13107), (5,696), (1,823), (0,13142), (0,4951), (2,2842), (2,6939), (1,17210), (5,6847), (1,15169), (1,9026), (5,711), (1,4931), (5,2760), (1,11082), (1,9035), (1,15179), (5,6864), (1,6991), (2,2865), (2,6961), (1,15185), (1,11093), (3,2842), (2,4928), (1,865), (2,835), (5,6886), (0,13187), (1,7015), (2,846), (1,2928), (2,6993), (1,17264), (5,2806), (2,6996), (1,889), (2,859), (1,15226), (5,2815), (2,7004), (0,13211), (1,4990), (2,7007), (1,897), (3,2883), (1,17283), (5,779), (1,908), (3,852), (2,884), (1,2969), (1,13210), (1,2971), (5,6943), (0,13242), (0,955), (5,805), (0,7109), (2,2956), (2,5004), (1,15278), (1,17327), (5,820), (5,6964), (1,13236), (0,13268), (1,15285), (1,2998), (1,7094), (1,15288), (5,829), (5,6974), (1,9146), (1,3003), (1,5051), (1,15292), (2,7071), (5,4931), (5,836), (2,2977), (1,7105), (1,17345), (2,933), (1,15303), (1,11210), (1,972), (5,2896), (2,2992), (1,977), (1,5073), (5,6997), (5,854), (1,9172), (3,921), (2,3001), (3,926), (2,3006), (2,7104), (1,9183), (5,868), (5,4965), (2,7107), (1,9189), (1,9190), (1,11238), (2,3016), (2,7112), (1,11239), (3,2989), (2,3021), (1,15340), (1,1005), (2,7118), (1,11245), (2,5078), (1,11253), (2,983), (2,3031), (1,11254), (2,7128), (1,3065), (5,896), (4,7072), (5,7042), (2,994), (2,7138), (0,5154), (5,7048), (1,17412), (1,1029), (2,3047), (1,11270), (1,1035), (2,5100), (1,3084), (5,5009), (2,7152), (2,1009), (1,3088), (3,979), (1,5139), (1,17428), (5,7065), (5,925), (2,5114), (3,989)
cultivando	(2,3121)
mirad	(1,1440), (1,11936), (1,15265), (1,14883), (4,7751), (1,14052), (1,15076), (1,6760), (4,3534), (1,14955), (1,18035), (1,1080), (1,5948), (1,14524), (1,5437), (1,1278), (1,2430), (1,5507), (2,5480), (1,6407), (4,1515), (1,2441), (1,9803), (1,2126), (1,12113), (1,12050), (1,11347), (1,2006), (1,5976), (1,17753), (1,11291), (1,11932), (1,2015)
peru	(5,5412), (3,231), (5,5481), (3,872), (0,12998), (3,810), (3,2987), (5,5487), (5,5551), (5,5554), (3,2483), (5,5493), (3,2997), (3,2297), (3,2174), (5,5442), (3,2437), (5,5385), (3,392), (0,3430), (5,5580), (0,3304), (5,5391), (5,5583), (1,9419), (0,3308), (3,2194), (3,2197), (5,5400), (3,2775), (0,12788), (3,794), (3,1627), (0,4024), (5,5472)
sobrino	(4,1928), (1,2437), (1,8965), (4,1705), (5,3755), (1,8999), (4,1931), (3,2634), (1,9064), (4,1678), (1,9067), (4,1970), (4,1683), (4,1749), (0,5875), (4,1690), (4,1724), (1,9017), (1,15673), (5,5822), (4,1982), (0,6874), (4,1730), (4,1762)
despacharedes	(0,5331), (0,4774), (0,4780)
alternativamente	(2,1416)
amansa	(4,5555)
comulgue	(0,4514)
podreisles	(0,4905)
concegil	(0,1401)
desearia	(1,1665)
inadvertencia	(1,2793), (1,10505), (1,8731)
tagayayaplantano	(0,10026)
atendida	(3,2506), (5,3650), (2,3120)
posponiendo	(0,5810)
hallaban	(5,2212), (1,17125), (0,6117), (1,6280), (0,6087), (0,648), (0,6249), (0,6254), (3,2098), (3,2707), (0,6098), (5,3032), (0,7285), (0,11285), (0,11382), (5,572), (1,9273), (0,6265), (2,2685), (0,6267), (0,6014)
mandareis	(0,4353), (0,1605), (0,1669), (0,4358), (0,5256), (0,1609), (0,4363), (0,4875), (0,5452), (0,5197), (0,5072), (0,4369), (0,5201), (0,2261), (0,5207), (0,2264), (0,2266), (0,5083), (0,4828), (0,5212), (0,4381), (0,2270), (0,4511), (0,1952), (0,4448), (0,2275), (0,5287), (0,2281), (0,4457), (0,5353), (0,4397), (0,4909), (0,5231), (0,4915), (0,4340), (0,5236), (0,2359), (0,4279), (0,4919), (0,5240), (0,4601), (0,5178), (0,5179)
pasaronse	(1,15890)
digolo	(0,10448), (1,16926)
seraficos	(2,5516)
posase	(5,4447)
potomac	(5,2769)
ladrara	(2,2236)
otelo	(2,3496)
habitadas	(1,18622)
lontananza	(2,267), (5,7199)
inundo	(2,3555)
digole	(4,5836)
enmudeciese	(1,13268)
absurdos	(2,4190)
iniciacion	(2,1761), (2,5003)
peto	(1,14448), (1,6674), (1,14424)
conduyere	(4,8304)
tras	(5,2982), (1,4770), (1,4901), (1,806), (0,10694), (1,13991), (1,8616), (5,429), (0,457), (1,12715), (2,6415), (2,6416), (1,4019), (1,4020), (1,17460), (1,15157), (5,4540), (0,8152), (1,1724), (2,5027), (0,10082), (2,3365), (1,3268), (1,18885), (1,198), (0,7785), (1,1742), (1,4686), (1,6607), (1,17231), (5,7124), (2,1458), (1,8280), (2,7994), (1,5982), (4,4482), (5,2020), (2,4803), (1,12770), (2,4420), (1,4451), (4,5640), (2,5191), (2,8008), (4,8459), (1,1642), (1,1898), (0,10507), (4,4753), (4,2194), (1,12271), (1,1009), (2,3283), (2,7891), (1,8690), (0,10258), (2,7765), (1,14836), (5,5369), (2,7894), (1,13685), (1,5110), (1,10486), (1,1399), (4,2330), (1,17143), (0,5783), (1,18170), (1,12027), (0,10267), (1,10366), (1,12926), (1,11776), (1,16772), (1,5639), (4,4140), (2,7915), (0,6699), (1,2454), (1,1687), (5,1436), (1,11801), (1,16921), (4,4285), (1,18586), (1,17052), (5,674), (4,1346), (1,18591)
posais	(4,6427), (4,6397)
zodiaco	(2,2013)
assassination	(5,7475)
trovador	(1,11878), (5,7198), (5,7202)
sotanos	(2,6009), (2,6061)
pintiparada	(1,5886)
trae	(1,1187), (4,8138), (1,17577), (5,6319), (1,5295), (4,3541), (4,471), (4,6231), (1,6710), (1,12855), (1,13496), (4,1121), (0,2654), (4,7268), (4,7269), (4,1256), (1,9797), (1,1222), (1,12358), (4,5868), (4,7282), (4,5747), (1,14809), (1,12634), (2,4804), (0,1796), (4,3464), (4,2058), (4,6540), (1,623), (4,5907), (1,5872), (1,14577), (5,4854), (1,14578), (3,2869), (1,2932), (2,5719), (1,9208), (3,833), (1,15999), (1,17663), (1,1796), (4,7210), (4,7723), (1,10762), (1,5387), (4,5808), (4,3507), (0,7601), (0,9918), (1,11551)
temibles	(2,7130), (2,2206), (5,3106)
redactar	(2,2261), (5,1258), (5,3163), (5,3052)
rescatar	(0,5188), (0,581), (1,7723), (0,10254), (0,1938), (0,6548), (0,2453), (0,5018), (0,5147), (0,5084), (1,7549), (0,1949), (0,5150), (1,7553), (0,5090), (0,10018), (0,164), (0,4646), (0,5159), (0,5162), (0,10538), (0,10226), (0,5107), (0,10228), (0,5110), (0,5175), (0,5178), (0,5053), (0,9982)
incurable	(4,6683), (5,1838)
anunciara	(5,990)
peso	(2,193), (1,10210), (1,9955), (1,17443), (0,8197), (0,8649), (0,5066), (0,2891), (0,5068), (0,5069), (5,2292), (2,211), (0,5074), (5,1721), (1,4792), (0,9303), (0,345), (3,765), (5,1352), (0,10598), (4,4651), (1,5896), (1,7688), (1,14026), (1,523), (5,7695), (4,2358), (5,5911), (0,3251), (0,3702), (1,7384), (1,3995), (1,2204), (4,4223), (1,4061), (2,4031), (0,11901)
requerirme	(0,2990)
iran	(4,1107), (0,3455), (0,5824), (0,13297), (0,3268), (0,5941), (1,6568), (0,3230), (2,5280), (0,4766), (1,17423)
merecedores	(5,1796), (5,4713)
fracasadas	(5,5205)
hayan	(0,1413), (4,6093), (3,752), (1,816), (4,4373), (3,565), (2,1239), (1,7798), (2,2586), (0,5465), (3,2431), (1,3967), (3,834), (4,4387), (3,2308), (0,5157), (3,650), (0,4908), (3,2256), (0,1521), (3,981), (3,2136), (3,2138), (1,5980), (1,18140), (0,5052), (0,4606)
homicidas	(1,9384)
iras	(4,5510), (1,11878), (0,10888), (5,1855), (5,4641)
marcialmente	(5,286)
encendidos	(2,898), (1,4278), (1,7302), (1,3594)
miran	(3,1861), (1,1957), (4,2024), (2,1864), (4,881), (5,4503), (4,2553), (4,5819), (1,17080), (4,349), (4,895), (4,5729), (1,415)
pertigas	(2,5586)
pese	(4,4931), (4,4805), (4,4807), (4,7435), (4,4492), (4,2639), (4,6739), (4,5593), (1,18870), (4,5724), (4,3806), (4,3361), (4,5218), (4,1507), (1,16064), (4,4263), (4,6759), (4,7272), (4,4269), (4,6829), (4,4599), (4,2617), (4,5311), (0,2236), (4,4609)
amenudo	(0,8677)
derrotado	(5,2153), (5,7263)
mirar	(4,2374), (1,9637), (0,7881), (2,2957), (1,9516), (4,1745), (1,12462), (1,943), (1,6831), (1,6327), (1,8503), (1,10039), (1,18360), (0,2272), (4,2021), (4,486), (1,15045), (1,6854), (2,7208), (1,13511), (1,13639), (1,17740), (1,10319), (1,18256), (1,12631), (5,5852), (1,14426), (1,18906), (4,3582), (1,13405), (1,1630), (1,6751), (1,6754), (4,3593), (4,5643), (0,7570), (2,2907), (4,5790), (1,14204), (4,4901), (2,5733), (0,1956), (1,2184), (1,14216), (1,10889), (0,2348), (1,14094), (4,5686), (2,2677), (1,13591), (1,8987)
pesa	(4,6757), (1,17570), (1,5891), (4,6760), (5,4747), (1,15239), (1,17191), (4,4719), (5,3894), (0,5074), (1,16692), (4,4024), (2,4088), (1,1944), (1,7960), (0,2746), (1,1564), (1,17502), (1,3967)
tiranizarles	(2,363)
miras	(5,7013), (5,167), (0,819), (0,311), (4,3548), (1,682), (1,5786), (1,173), (4,1553)
guardandoos	(0,1523)
obrar	(0,9298), (1,8251), (0,765)
atenuar	(5,4486)
obras	(5,4388), (1,290), (4,325), (1,13478), (0,1096), (5,4397), (0,842), (5,6447), (5,2225), (1,9646), (1,14126), (5,6195), (5,6069), (4,8404), (2,5012), (0,6613), (0,1239), (4,2654), (1,10683), (1,444), (0,2395), (0,1245), (5,6210), (0,1246), (5,7364), (5,4293), (1,17601), (4,101), (1,17602), (1,14150), (4,114), (5,4439), (5,4313), (1,88), (1,16989), (4,259), (5,6247), (4,138), (5,6507), (1,13032), (1,17768), (5,5997), (1,1389), (5,4723), (5,6003), (5,6261), (5,6645), (5,6773), (5,6901), (1,11121), (2,4947), (0,8081), (1,17522), (5,6393), (1,1014), (5,1146), (0,8854), (5,4989), (4,157), (5,7169), (5,3588), (1,13953), (1,13443), (1,3461), (5,4361), (4,169), (0,549), (1,13703), (5,7180), (0,7719), (0,10792), (4,8622), (2,7149), (5,7568), (1,10638), (1,147), (5,6295), (1,8087), (1,10775), (5,6047), (2,5248)
profesion	(2,1666), (5,7591), (5,2042), (1,18488), (5,2029), (2,5146), (1,1658), (1,1661), (1,9597), (5,7234)
cerrillos	(3,306), (3,2052)
reprensible	(5,2887), (2,2296), (3,2811)
moradas	(0,13593), (1,7819)
cintura	(1,5699), (4,6824), (2,7782), (1,18345), (4,2926), (1,9231), (2,5393), (4,6355), (4,4916), (1,7380), (4,7576), (1,6294), (1,11254), (4,7580), (4,7586)
encubrirselo	(1,12449)
trayendoselo	(1,12550)
congregado	(3,2724), (5,2995)
oropesa	(4,4788), (4,3055)
methods	(3,3349), (4,9238), (1,19302), (2,8378), (0,14058), (5,9201)
facilito	(1,4161), (1,2212), (1,12991)
derrotada	(0,487)
miren	(1,14256), (1,11890), (2,1864), (4,7323), (4,7407), (4,8498)
infame	(2,7618), (0,5542), (2,937), (1,6093), (1,6925), (2,2803), (2,7283), (5,3895), (2,5654), (2,7062), (2,439), (2,4791), (2,2778), (2,1149)
facilita	(5,6197), (1,13573)
trampear	(4,6354)
verifique	(3,2565), (3,2952), (3,2624)
rareza	(4,104)
encubrieron	(1,7351)
radamonte	(1,17219)
mirando	(1,8992), (1,11297), (4,1992), (0,7876), (1,9253), (2,1415), (1,4390), (2,1929), (1,15528), (2,911), (4,338), (1,6321), (4,598), (0,340), (1,14011), (1,17981), (0,4830), (1,13759), (4,2403), (4,8165), (1,10567), (4,8685), (1,4432), (1,2898), (1,4950), (1,12374), (1,17751), (1,12376), (3,1051), (0,11896), (1,12122), (1,987), (1,3165), (2,1600), (1,15583), (0,6913), (1,17764), (0,6918), (1,14183), (1,1896), (1,14184), (1,7787), (1,3186), (1,4341), (0,6553), (1,7931), (1,11515), (4,4895), (1,3964), (4,8872), (0,10277), (1,16778), (1,653), (1,13327), (0,6453), (1,1047), (1,13720), (1,9497), (2,6011), (1,543)
cumbres	(1,1643)
senorios	(0,9183), (0,3042), (0,2213), (0,9189), (0,2055), (0,2151), (0,9256), (0,3373), (0,5837), (0,2030), (0,9361), (0,9523), (0,4180), (0,5845), (0,4216), (0,3289), (0,4094)
grandiosa	(1,18009)
observaba	(2,5847)
permanent	(3,3299), (1,19252), (4,9176), (2,8328), (5,9151), (0,13996)
vadean	(3,1131)
grandioso	(3,921), (5,3103)
vadear	(3,296), (3,1038)
facility	(5,9220), (3,3368), (4,9258), (1,19321), (2,8397), (0,14077)
paciencia	(1,18722), (1,4900), (1,7334), (2,4107), (5,1391), (1,12652), (2,6158), (1,13549), (5,6194), (1,12270), (1,17264), (1,16562), (1,17075), (5,7800), (1,14772), (1,10936), (1,13560), (5,5630), (2,6236), (1,13308), (1,8579), (1,9092), (1,1480), (4,2990), (4,8179), (1,210), (1,4690), (1,149), (2,1083), (2,6204), (2,2109), (1,18076), (2,1854), (5,5730), (5,2275), (1,11551), (1,13535)
observado	(3,2774), (5,1054), (2,2683)
plantifique	(3,2807)
knownothing	(5,1367)
mostrarse	(2,2433), (1,3848), (1,3610), (1,7306), (1,9595)
escribientillo	(2,1684)
marcase	(2,1535)
504370txt	(0,13721)
importa	(0,3647), (2,7237), (2,2438), (1,13094), (5,7723), (1,6187), (1,17643), (0,5835), (0,3660), (3,2481), (3,2611), (2,1811), (0,3665), (2,4243), (1,6003), (2,6934), (1,823), (5,2171), (0,3673), (1,14332), (2,5406), (1,18687), (1,14465), (2,7205), (0,5224), (0,13160), (2,3437), (2,4781), (5,7248), (1,11534), (2,3248), (0,4464), (1,14354), (1,15571), (1,3925), (1,14550), (1,5848), (2,4794), (0,4605)
desearse	(1,15601), (5,7559), (3,1225), (1,13499)
intentase	(3,1410), (0,4034), (3,1212)
invisibles	(4,7053)
elocuente	(5,3194), (1,1656), (5,3117), (5,3789)
pexe	(0,10400), (0,9799), (4,7729), (4,5362), (0,10398)
saborcico	(4,432)
tres	(0,7231), (5,938), (0,5192), (4,6095), (1,15404), (0,10317), (1,16433), (0,7249), (2,3096), (1,7224), (0,11353), (4,3040), (4,7142), (0,99), (4,7144), (4,3049), (0,104), (5,6095), (0,11370), (0,11374), (1,3152), (2,2100), (4,2039), (4,2040), (1,2134), (1,1115), (3,1054), (1,5214), (0,7293), (0,8323), (0,1156), (4,4109), (0,1170), (1,1144), (0,7319), (1,1145), (3,1095), (4,4136), (1,3206), (1,3209), (1,18570), (1,18571), (4,48), (1,3213), (0,3252), (1,12440), (3,1120), (5,7203), (2,129), (1,15523), (5,4137), (0,3269), (4,8265), (3,1130), (0,11469), (4,8276), (4,2137), (0,13529), (0,7394), (0,10466), (4,3178), (0,6374), (0,6375), (1,17608), (2,3244), (3,142), (0,10476), (2,1201), (5,2133), (3,153), (0,13558), (2,1209), (0,10487), (1,14553), (4,7298), (0,9471), (0,257), (1,1251), (0,11524), (2,4296), (0,9478), (0,1291), (0,11531), (5,2161), (0,11534), (0,11536), (1,15602), (4,1176), (0,4375), (0,3352), (4,8349), (0,283), (0,6427), (3,2240), (1,18686), (0,11550), (1,1280), (1,1285), (0,10532), (1,1291), (5,4239), (0,9518), (1,18703), (1,18704), (1,1297), (1,3351), (4,188), (0,11577), (1,3360), (0,10562), (0,5445), (0,7493), (5,5295), (3,241), (4,6354), (0,4431), (4,6356), (1,2355), (4,5334), (4,7388), (1,6457), (1,2362), (0,7513), (1,6459), (4,2271), (3,2305), (0,10591), (1,1346), (2,5411), (0,8545), (4,233), (0,8550), (1,6474), (3,1293), (4,1263), (4,6383), (4,241), (0,365), (0,5485), (0,10608), (0,369), (1,14675), (5,2271), (5,3296), (1,5475), (2,1349), (0,6534), (1,7529), (0,8584), (1,11627), (5,6391), (0,2451), (1,17780), (4,2328), (0,5524), (1,17782), (0,11672), (3,2364), (1,379), (1,10624), (0,416), (5,7434), (5,1291), (4,3378), (3,2389), (0,1460), (0,9652), (2,7544), (0,440), (4,8510), (5,288), (2,1410), (4,6473), (0,9669), (4,8522), (3,362), (0,9672), (5,4398), (0,3533), (5,4402), (2,1424), (0,11727), (4,3412), (0,8662), (1,3514), (1,18874), (5,324), (0,8674), (0,11746), (0,10731), (5,2385), (0,11756), (0,2541), (1,3535), (3,1426), (5,343), (0,8691), (0,6653), (1,9696), (1,9697), (0,6658), (5,1389), (0,11784), (3,1461), (4,7574), (1,7668), (4,7576), (4,5530), (1,15864), (5,3456), (1,15874), (5,391), (1,9731), (1,15875), (4,2477), (3,461), (0,9770), (4,2479), (1,10771), (1,7701), (1,14869), (2,7679), (0,8766), (0,9792), (5,3501), (4,4557), (0,11850), (2,1553), (4,4566), (4,4568), (2,1562), (4,4572), (1,10811), (4,4575), (2,6686), (2,1574), (1,10822), (0,9831), (0,9832), (1,595), (2,5684), (1,12886), (4,6650), (1,10840), (5,5605), (0,10881), (0,8835), (0,2692), (0,8836), (0,9860), (0,8837), (1,10864), (0,10895), (0,10898), (0,10900), (3,2617), (0,9879), (2,3674), (0,10904), (3,573), (0,10909), (0,10916), (4,6697), (0,3754), (0,10922), (5,4624), (4,5680), (3,1617), (0,690), (0,10935), (3,605), (4,8769), (3,1636), (4,7749), (3,613), (0,10947), (1,12968), (4,4688), (0,6861), (5,3636), (0,8918), (1,6840), (3,637), (0,9949), (2,674), (2,2722), (4,4708), (5,5705), (0,5860), (0,10984), (0,10988), (4,8823), (1,4824), (2,1726), (2,3778), (2,5826), (2,4804), (1,15077), (1,8934), (2,1739), (1,749), (3,2736), (3,1718), (3,700), (2,2780), (3,1726), (4,3745), (3,705), (2,5856), (1,4867), (3,1734), (1,4877), (1,9997), (4,4785), (3,1745), (3,724), (0,10035), (1,4887), (1,18202), (1,18207), (0,11072), (0,6985), (2,4876), (5,5813), (5,6838), (0,6995), (0,10067), (2,2846), (0,11103), (1,3909), (0,5989), (1,17222), (2,808), (0,10088), (2,4907), (1,14155), (2,814), (5,7889), (1,4947), (5,3801), (0,4986), (0,2939), (0,11131), (3,1824), (0,7038), (0,10110), (3,802), (3,2850), (1,14176), (2,4930), (4,5893), (2,6979), (0,898), (2,6983), (2,841), (5,751), (5,755), (4,787), (5,6901), (1,10097), (4,7960), (2,4952), (0,11158), (1,1914), (4,7974), (4,6954), (0,935), (0,11180), (0,10158), (0,10159), (0,7088), (0,945), (3,852), (5,791), (0,7094), (4,3900), (0,6079), (2,7043), (0,10179), (4,5963), (1,11180), (1,5037), (4,6995), (0,8144), (0,10201), (5,3903), (1,9150), (3,1930), (0,10215), (3,1937), (0,10222), (0,11249), (1,12242), (5,2906), (0,13302), (0,6137), (5,2912), (2,1982), (1,5088), (3,932), (5,5990), (0,8195), (3,935), (1,8166), (1,5098), (0,11273), (2,1997), (0,11275), (1,16371), (1,7157), (0,10262), (1,5113), (1,16377), (3,959), (1,3069), (0,6172), (1,10237), (4,7078), (5,3977), (1,14341), (0,10281), (0,2091), (0,7213), (1,18455), (5,2976), (1,15389), (1,8223)
encomendada	(0,2736), (2,1402), (0,1566)
prescribe	(0,357)
organo	(1,9712), (1,13890), (2,3868)
pelearon	(1,6689), (0,7540), (3,1432), (3,1264)
beatriz	(4,719)
lelas	(2,6361)
triunfaban	(5,3380)
tomaremos	(4,4025), (0,1193), (4,3186)
encomendado	(0,1507), (0,2776), (1,5818), (1,10442), (1,4124)
mostrarte	(1,9171)
revivir	(1,6211), (1,11230)
despedimento	(0,7300)
anomala	(5,3173)
jactancia	(5,2242)
importe	(1,12055)
desearte	(1,2214)
hurto	(1,10049), (1,2595), (1,5283), (1,13127), (1,2440), (1,17896), (1,6185), (1,9258), (4,4526), (1,2828), (1,1743), (1,1807), (1,4944), (1,8849), (1,4306), (1,10163), (0,376), (1,12122), (1,2427), (1,2875), (1,14011), (1,2076), (1,15421)
decirte	(2,1381), (1,17462), (2,2377), (1,17065), (1,858), (1,3322), (1,187), (1,6973), (2,1824)
mires	(1,16545), (1,685)
arrojadas	(2,679), (2,7641)
aguadores	(1,12224), (1,12168), (1,12184), (1,11417), (1,12187), (1,12251), (1,11405), (1,12173)
vendimiara	(1,18825)
resueltos	(1,6291), (5,671), (5,3346)
careceria	(5,5300)
antifrasis	(5,5745)
indicando	(2,3612)
reminiscences	(5,1485)
sostenerte	(2,2449)
hurta	(4,1523), (1,10798)
amotinose	(3,704)
utilidades	(3,2866), (3,2823), (3,560)
hurte	(1,2581), (1,1718), (1,13574), (4,318)
desdecian	(1,8676)
toscano	(3,2325), (2,134), (3,2333)
their	(5,7403)
avanzandose	(5,5002)
benevolencia	(3,614), (2,757), (5,2920), (1,1157), (2,2615), (5,1979), (1,6152), (2,5754), (2,1131), (3,269), (5,6930), (2,1248)
decirse	(5,5414), (5,5287), (1,13604), (5,1193), (1,16038), (5,4268), (5,113), (1,9069), (5,1779), (1,18097), (2,3866), (3,1919), (5,1026), (1,3390), (5,5123), (1,15871), (1,1155), (1,14276), (1,12935), (1,14217), (1,3402), (5,4688), (1,4494), (1,7439), (1,7890), (4,312), (5,5147), (1,10648), (2,1596)
pelumbres	(2,7683), (2,5380), (2,6631), (2,6536), (2,6505), (2,5354), (2,7690), (2,5388), (2,5644), (2,5581), (2,5361), (2,7314), (2,6612), (2,5365), (2,6421), (2,5399), (2,6360), (2,6521), (2,5373), (2,6333), (2,6302), (2,6592), (2,7456)
farallones	(0,10183), (0,10184)
september	(3,16)
habiase	(1,7728), (1,9441), (2,3187), (1,4413)
picaros	(1,10786), (1,10790), (1,10808), (1,4767), (1,12255)
recisimo	(1,6452)
ataques	(5,964), (5,2452), (5,6073), (5,6061), (2,1101), (5,353), (5,5970)
denominado	(3,2204), (2,1678)
mencionar	(5,446)
auditu	(2,529)
anonadado	(2,3886)
condujesen	(5,6471)
aderezarme	(0,5844)
asesinaron	(2,165)
igualdad	(5,1705)
preguntamosle	(0,10449), (0,10568)
onethe	(4,8915), (3,3030), (0,13731), (1,18983), (2,8059), (5,8882)
evidentisimo	(2,4673)
tronos	(5,4927)
senorita	(2,2868), (2,629), (2,1433), (5,7500), (5,7443)
intentara	(2,4081)
sancta	(4,6212), (2,1980), (0,5884)
anteriores	(5,4837), (5,2086), (5,3110), (2,3971), (0,12930), (0,132), (0,165), (0,583), (5,7565), (5,5551), (0,13674), (5,1456), (3,2161), (5,1493), (5,5461), (5,5946), (5,6618), (0,663), (0,12919), (0,568), (3,1536), (0,13149)
podello	(0,10135)
peyo	(4,4019)
espojado	(0,2685)
perteneciente	(0,13208), (2,4925)
tuautem	(1,10102), (1,5962)
educandos	(5,4081)
creeria	(1,15442), (2,2069), (4,1897), (1,16157)
cercava	(0,10197)
trip	(5,8727), (5,4475)
pasmeme	(1,16594)
templos	(2,1857), (1,8544), (0,13055), (0,1409), (1,7779), (3,368), (3,147), (3,85), (2,2069), (3,1143), (1,182), (0,1398), (0,2362), (2,1856)
cordera	(1,3040), (1,809)
tris	(1,806)
iris	(2,2679), (5,3357)
acudid	(1,14882)
apartamos	(1,4011)
mayorana	(4,3054)
triunfaba	(4,4099), (1,1782), (1,17369), (1,4812)
acudia	(0,6784), (1,12870), (1,13750), (5,481), (1,16573), (5,6146)
trig	(4,3189), (4,3158), (4,3177), (4,2571), (4,3196), (4,3184), (4,3153), (4,3170)
atreviendose	(2,1427), (2,6969)
besarse	(1,17455)
alquilara	(4,2048)
iria	(0,10783), (1,6054), (1,552), (1,17065), (0,7117), (3,1555), (1,2130), (0,7636), (0,8534), (0,7735), (1,3226), (0,8314), (1,13757), (1,4383)
desprendieron	(5,5873)
ventura	(1,2336), (1,9252), (4,458), (1,8745), (1,17449), (1,3115), (1,9261), (0,8269), (0,10829), (0,2382), (1,1072), (1,3634), (0,10834), (1,4661), (5,443), (1,11831), (1,7225), (4,6623), (1,3906), (1,13380), (1,12869), (1,1862), (4,490), (1,3143), (1,5191), (4,6635), (1,6734), (1,18766), (1,2896), (0,4981), (1,3676), (1,15460), (1,12392), (4,4878), (5,7663), (4,532), (0,5782), (1,15995), (1,3708), (1,18044), (0,924), (1,3973), (1,1162), (4,1837), (1,1933), (1,12943), (2,1907), (4,312), (1,3733), (1,1174), (1,5014), (1,2967), (1,1176), (1,3993), (1,14499), (1,16293), (0,5829), (1,4519), (1,16302), (1,6833), (1,1971), (1,14007), (1,14519), (1,17079), (4,8289), (1,6592), (1,2245), (5,4169), (1,14021), (1,18887), (1,3276), (4,625), (1,2001), (1,14036), (0,4086), (1,13024), (1,15072), (4,391), (1,4068), (1,14822), (1,4078), (1,4081), (1,8177), (4,1433), (0,7959), (1,13563), (0,2334), (1,14591), (5,7815), (0,5416), (1,14349), (4,4017), (4,8369), (1,7952), (1,18705), (1,2323), (1,8724), (1,3098), (1,11036), (1,4637), (1,6685), (4,1217)
esfuerzan	(4,328)
acudir	(1,8451), (1,11461), (1,15621), (1,13801), (1,9450), (1,6540), (1,13612), (1,10125), (1,10542), (0,1102), (0,8977), (5,1465), (1,2454), (1,2455), (5,1852), (1,2456), (0,184), (0,2937), (1,14778), (1,10811), (1,11291), (1,4829)
apuntado	(3,2389), (1,4666), (1,17965), (5,2338)
acudio	(5,230), (1,10466), (1,11490), (1,10022), (1,2408), (1,14120), (1,12905), (1,11948), (1,12589), (1,3187), (1,18231), (1,8440), (1,17912), (1,3129), (0,10268), (1,14018), (1,15426), (1,10949), (1,14213), (5,6667), (1,4298), (1,15179), (1,2573), (1,6413), (1,6608), (1,6802), (5,5466), (5,2779), (1,15383), (1,17751), (1,6808), (1,14680), (1,10137), (0,9017), (1,13979), (1,1886)
digeron	(0,8383), (0,6978), (0,8514), (0,6476), (0,8140), (0,8146), (0,8149), (0,8792), (0,7770), (0,8157), (0,6750), (0,7263), (0,7519), (0,6115), (0,6890), (0,8044), (0,7918), (0,8057), (0,6270), (0,7552), (0,8320), (0,8321), (0,8195), (0,8579), (0,6796), (0,6801), (0,6034), (0,7956), (0,8224), (0,6306), (0,6179), (0,6309), (0,7208), (0,8746), (0,7084), (0,7214), (0,8110), (0,7600), (0,7984), (0,8112), (0,8241), (0,7218), (0,7863), (0,8888), (0,8121), (0,7738), (3,2014), (0,6461), (0,7230)
fratricida	(5,1637)
zaphos	(4,4534)
barriles	(0,6511), (4,5076), (4,7524), (1,4018), (0,10599), (4,3789), (4,7390), (4,8001), (1,4015)
redoblaron	(2,1396)
frecuentadas	(1,11277)
tiradas	(1,18355)
dispensando	(1,4575)
hospitales	(1,18226), (0,13045), (1,18215)
maldijo	(1,10544)
apretandola	(2,3495)
castisima	(4,6218)
nombrando	(0,274), (0,1636), (0,4277), (1,8999)
voluminosa	(3,228), (5,7230)
mismas	(1,10656), (1,15527), (1,16679), (5,684), (2,3722), (3,2157), (0,3404), (5,3506), (2,4371), (3,1525), (5,5947), (3,2685), (3,1535), (5,2758), (1,16200), (0,8552), (0,8680), (1,4682), (3,1934), (1,3789), (1,6225), (5,6871), (0,7032), (5,7648), (1,14174), (1,14820), (1,15846), (0,11527), (1,13033), (0,2441), (2,5451), (5,3823), (1,14060), (1,6511), (1,18164), (0,11924), (5,6011), (4,2974), (1,14203), (4,7077), (1,14338), (5,7048), (5,656), (5,1808), (0,3889), (3,2650), (3,221), (1,12443), (5,3489)
trasplantar	(5,7140), (5,7078)
aconsejeis	(1,3742)
recoxer	(0,5355), (0,4381)
cargarse	(3,2552)
amorosos	(5,4660), (1,15808), (1,11954), (1,1684), (1,169), (1,2233), (1,1326)
maldije	(1,13568), (1,3275), (1,13135)
acera	(1,8153), (1,8365)
replicato	(0,2803), (0,2796)
arraso	(0,7871)
demandallo	(4,4193)
llauqueco	(3,1989), (3,1993)
creerme	(1,8788), (1,10710), (2,5136)
diablos	(1,12624), (4,3974), (4,4807), (1,1861), (1,11879), (1,16954)
clandestinamente	(5,2412)
pollos	(4,8249), (4,5850), (4,7468), (2,6413)
negueme	(2,1081)
permanece	(4,6211), (5,7161), (1,8824), (2,6715)
propension	(2,619), (3,112)
creerlo	(1,16241), (2,2239), (1,16142)
ejecutaban	(5,552)
anejo	(1,10773), (1,12216), (0,11885)
leganitos	(1,10909)
reduciendo	(5,5342)
besaros	(4,3116), (4,1822)
demandalla	(4,5712)
juventud	(2,3140), (5,7401), (5,5163), (5,7340), (5,4910), (4,4689), (5,7413), (5,4600), (5,5113), (5,5050), (5,5690), (2,5208), (5,1153), (2,3103), (5,2054), (5,2824), (2,1126), (5,4298), (1,1738), (1,13965), (5,1426), (1,16783), (5,4692), (2,4147), (5,6038), (4,6071), (5,2010), (5,3994), (4,6009), (2,4925), (2,5309)
besaron	(1,4446)
contracosta	(0,13345), (0,7325)
desentranar	(3,1171), (5,5354), (3,383)
tamorlan	(1,12251)
puestose	(0,8869)
aderezarse	(1,3489), (0,7418)
dejarla	(1,3522), (1,6499), (1,7081), (1,14363), (1,14367)
turbaban	(1,9235)
autografo	(2,421)
probada	(5,305), (5,1922)
trimestrales	(5,6533)
2001	(1,19250), (4,9174), (2,8326), (5,9149), (0,13994), (3,3297)
temblorosas	(2,5808)
creer	(5,2471), (1,7338), (1,1966), (1,16174), (1,16178), (1,8499), (2,4503), (2,6552), (1,16185), (1,16441), (2,1821), (3,383), (1,17854), (3,2177), (3,1411), (2,4387), (2,4261), (0,3562), (1,14926), (2,6832), (2,2231), (2,2615), (5,2528), (1,4061), (2,6206), (1,2147), (1,4196), (1,12135), (2,5453), (5,7412), (1,7537), (3,564), (0,657), (2,3668), (1,16115), (3,694), (5,7930), (1,9078), (3,825), (1,4087), (0,2457), (1,2938), (5,5246), (5,7043), (5,5509), (2,3427), (1,17538), (0,2471), (1,17803), (2,6254), (1,9870), (1,16528), (1,8594), (1,17173), (0,2614), (4,5821), (4,5824), (4,4546)
apretandole	(1,18589)
beneficiar	(5,4310), (5,6191), (0,9387)
crees	(2,3477), (2,2442), (2,3530), (2,3595), (2,4237), (2,1886), (2,3486)
irme	(1,13141), (1,11991), (1,3080), (1,1018)
dejarlo	(5,1961), (1,9293), (1,10543)
imprescindible	(2,4130), (5,2162)
mano14	(0,729)
anteponia	(1,10847)
bulliciosa	(2,345), (2,238)
apostatas	(2,6658)
apostatar	(0,8855)
bollos	(2,3191)
componerse	(5,2294), (1,6843)
bullicioso	(5,6236)
camaguenin	(0,10341)
probado	(1,8529), (1,9126), (2,576), (2,7008)
braveaduras	(4,5718)
dejarle	(1,9426), (1,12980), (1,8281), (1,14138), (1,4175)
marchandose	(2,7672)
berengenas	(4,4259), (4,438), (4,4526), (4,431), (4,2367), (4,4399)
cavete	(5,4977)
estavuestra	(0,9263)
resplandecientes	(1,6662), (1,3019), (2,3166), (5,6434), (1,3119)
creia	(0,160), (1,18562), (2,4100), (5,1898), (1,3753), (0,8361), (3,45), (1,6059), (1,9871), (1,9618), (2,2901), (5,4506), (1,13047), (3,1530), (2,7066), (3,190), (5,7681), (2,4095), (5,3618)
maestr	(4,2627), (4,2660), (4,2634), (4,2667), (4,2639), (4,2672), (4,2610), (4,2644), (4,2678), (4,2615), (4,2648), (4,2682), (4,2654), (4,2623), (4,2687)
additional	(4,9027), (4,9028), (5,9000), (2,8198), (0,14022), (3,3148), (0,13867), (4,9202), (2,8177), (1,19122), (4,9048), (0,13846), (5,9021), (1,19101), (3,3169)
christobal	(0,9554), (0,12426)
2010	(2,35), (0,11646)
distinguida	(5,4449), (5,7602), (0,13133), (5,1315), (5,3811)
chufletas	(4,3413)
reliqua	(4,6130)
confidencias	(2,7046)
cargaron	(1,2458)
2005	(1,45)
tennessee	(5,445), (5,3331)
2004	(3,16)
encumbrados	(1,17834)
jaspeadas	(1,8444)
juega	(2,2232), (1,10798)
organizacion	(5,5061), (0,66), (5,1191), (5,1224), (5,331), (5,3627), (5,4235), (0,11), (2,2797), (5,4784), (5,2066), (5,4146), (5,3315), (5,5558), (5,1368), (0,633), (2,2047), (5,1347)
diego	(1,7714), (4,4560), (0,7500), (0,11855), (0,9552), (0,12371), (0,5972), (1,12860), (1,12863), (3,2178), (0,2146), (0,2147), (0,13539), (0,13543), (0,12521), (1,12749), (1,10830), (1,10831), (1,12879), (0,12145), (1,7769), (0,12153), (0,9082), (4,6527), (4,6400), (1,12776), (1,12782), (0,12305), (0,12307), (1,8568), (1,12793), (1,11130), (0,13467), (1,10750), (1,12670), (1,10751), (0,9759), (1,12672), (1,4737), (0,4385), (1,4741), (1,12680), (1,12684), (1,7693), (1,12818), (0,13617), (1,12691), (1,12701), (0,13628)
distinguido	(5,7913), (5,2315), (3,2313), (5,4717), (0,13161), (5,6063), (0,12971), (5,6801), (4,116), (3,2422), (5,5112), (5,6265), (5,6111)
rompieran	(2,6309)
afirmando	(5,3381), (5,423), (1,18599), (2,5566), (5,2707)
declamar	(5,6946)
dejaria	(1,1664), (5,1972), (0,6818), (1,14547), (1,4197), (1,4170), (1,5390)
holgaron	(1,14291), (0,6189), (1,4367)
derrota72	(0,6015)
besarme	(4,1810)
2023	(1,17), (2,16)
cristiano	(1,6560), (1,15648), (3,675), (1,3937), (1,7521), (3,1956), (1,3170), (2,1606), (1,3241), (1,3753), (1,170), (1,6442), (1,6188), (1,6446), (1,18222), (3,630), (1,17396), (1,7541), (3,1977), (1,5885), (3,640), (1,15232), (1,17346), (1,18115), (1,16011), (1,4302), (4,8628), (1,2898), (1,3859), (3,790), (1,3797), (1,9366), (1,3863), (1,4311), (1,2907), (1,3742)
desabridas	(2,2003)
gotoso	(5,5752)
2020	(1,16), (3,17)
sugeridos	(2,4983)
juego	(1,12256), (5,4869), (1,6034), (1,581), (1,5222), (1,17846), (1,10794), (2,1644), (1,4699), (5,7663), (5,1763)
instruciones	(0,4588)
intervalos	(5,388), (5,5655), (2,5799), (5,2689)
puercos	(0,10303), (0,7104), (0,10112), (0,10240), (0,8642), (0,8323), (0,10307), (0,10757), (0,7111), (0,7175), (0,10311), (0,7818), (0,7051), (0,334), (0,7183), (4,4757), (4,5590), (0,7125), (0,10455), (0,10456), (0,7132), (0,7841), (0,8547), (0,10723), (0,7017), (0,7146), (0,7148), (0,10924), (0,7154), (0,11891), (0,6900), (0,6775), (0,7159), (0,7034), (0,10363), (1,18079)
arguello	(1,11072), (1,11936), (1,11265), (1,11330), (1,11490), (1,11618), (1,11367), (1,11623), (1,11336), (1,11274), (1,11627), (1,11087), (1,11632), (1,11921), (1,11506), (1,11091), (1,12276), (1,11606), (1,11095), (1,11703), (1,11642), (1,11387), (1,11903)
maliciosos	(1,12449), (2,2685)
vaquear	(3,1009)
material	(5,4516), (5,6036), (2,5950), (5,3651)
2015	(0,17), (4,14)
sabrian	(4,837)
2014	(5,16)
atentar	(5,3096)
cristiana	(1,3556), (1,4197), (1,17638), (1,3880), (4,1037), (2,1101), (1,3244), (1,3500), (2,6158), (4,849), (1,6127), (1,3504), (1,8496), (1,3249), (1,3251), (1,4147), (2,2005), (3,2870), (1,3572), (1,3509), (1,7031), (1,7354), (1,7424), (1,4161), (2,1640), (1,4103), (1,4168), (1,3657), (1,3723), (0,9322), (1,3918), (3,2902), (1,6164), (1,17942), (1,4376), (1,3612), (5,4384), (1,3485), (1,3550)
materias	(5,4837), (5,6183), (5,3977), (5,6153), (5,8809), (4,5801), (5,4747), (5,3948), (5,176), (3,2735), (5,6129), (5,6769), (5,3735), (1,16503), (5,3969), (5,4354), (5,4771)
desterraba	(1,8390)
jovenes	(5,4069), (4,2087), (5,394), (2,5628), (5,1105), (5,4658)
intenciones	(5,1124), (2,6787), (5,2407), (5,3111), (2,1612), (5,976), (1,10476), (5,2289), (2,5554), (1,4306), (5,1591), (1,15635), (5,7290), (3,2457), (2,7224), (3,3004), (2,7004), (2,2013), (3,2814), (3,3008)
desvaratar	(0,8212)
irse	(1,1504), (1,2401), (1,4195), (1,18022), (1,8871), (1,9447), (3,2603), (1,10859), (1,13740), (1,1777), (1,1781), (1,7797), (1,10869), (1,13047), (1,3256), (1,9146), (1,6075), (0,7195), (1,14013), (1,6080), (1,8833), (1,14019), (1,14275), (1,3912), (1,3916), (1,4366), (1,7767), (1,7704), (0,7863), (1,921), (1,6489), (1,5594), (1,14234), (1,5852), (1,1501)
royalty	(1,19136), (0,13888), (4,9062), (1,19141), (5,9035), (1,19143), (4,9067), (4,9070), (5,9040), (3,3183), (5,9042), (3,3188), (2,8212), (3,3190), (2,8217), (2,8219), (0,13881), (0,13886)
2030	(0,11639)
acudas	(1,18277)
paragraphs	(4,9027), (3,3141), (5,8999), (3,3143), (3,3147), (2,8170), (2,8172), (2,8176), (0,13839), (0,13841), (0,13845), (1,19094), (1,19096), (4,9020), (4,9022), (1,19100), (5,8993), (5,8995)
degollo	(2,783)
crece	(4,3720), (4,3433), (1,474), (1,10347), (1,12012)
respetos	(1,10704), (1,9634), (1,963), (1,8677), (1,13029), (5,718), (1,14927)
dejaros	(1,13223)
descifrar	(5,5405), (5,6194)
dejaron	(1,7329), (0,8193), (1,11491), (1,3303), (5,5678), (1,14314), (1,1899), (1,7595), (1,14315), (1,8876), (1,13356), (0,461), (1,3438), (5,5492), (0,8592), (1,9203), (1,8762), (3,1277), (1,2752), (1,16769), (2,3045), (1,7236), (1,7940), (1,581), (1,4615), (1,13707), (1,3469), (1,2191), (0,6638), (0,7152), (1,9362), (1,14420), (1,14358), (0,7929), (1,10012), (1,16093), (1,13343)
lisboa	(0,5791), (0,2425), (0,13258), (1,7213), (0,12702), (0,13262)
2024	(0,13565)
cabrillo	(0,13352), (0,3947), (0,13358)
medallon	(2,3544)
baxaron	(0,4022)
desabridos	(0,9008), (1,9560)
lardeen	(1,1555)
respetada	(1,5516)
creas	(3,770), (2,4484), (1,8787), (2,3319), (2,4797)
honrareis	(0,1765)
hongos	(4,8157), (2,4956)
cabriolas	(1,9844), (1,1574)
creeras	(2,2385), (2,3693), (2,4286)
defraudada	(1,10730)
crean	(1,8785)
unicamente	(5,6885), (5,3818), (2,3728), (5,6710), (5,2359), (5,5432), (5,3006), (5,3966), (5,3072), (5,4993), (5,1093), (5,3334), (5,3720), (5,974), (3,2446), (5,6992), (0,684), (5,1300), (5,4053), (5,5654), (5,7638), (5,4571), (5,6939), (5,4640), (5,2402)
cargaria	(1,15994)
crear	(5,4487), (5,6711), (5,2991), (5,3439), (2,2493), (5,3920)
acudan	(1,12720), (0,1630)
estupefaccion	(2,5981)
anunciaba	(5,2085), (2,4994)
cercana	(0,11331), (4,7897), (5,7619)
llamabala	(1,384)
cercano	(0,5248), (2,7459), (2,2661), (1,13364), (0,3668), (2,2471), (2,2473), (2,3657), (3,1452), (0,3754), (1,6942), (1,3071)
alcancia	(4,6561)
impertinente	(2,5953), (2,3419), (2,3965), (1,781), (2,4239)
singulares	(1,14147), (2,7817), (2,3772)
trintin	(4,2941)
redactor	(2,611)
almorafan	(4,7210)
entreabierta	(1,10225)
romero	(2,5409), (1,1890), (2,868), (2,4389), (2,5127), (2,6347), (4,7250), (2,5523), (2,5651), (2,5430), (2,6298), (2,5531), (4,5826)
advirtiesen	(1,4768), (1,8058), (1,12202)
anochezca	(0,2380)
harbadanzas	(4,2618)
merecidos	(5,5605)
holgaba	(4,789), (0,7987), (1,1829), (1,2181), (1,1657), (1,16571)
universidad	(1,16288), (5,6502), (5,3719), (1,18659), (1,7652), (5,3949), (1,7916), (5,4565), (1,14289), (5,3738), (5,6043), (5,7773), (1,7643), (1,18332), (2,94), (5,3714), (5,6179), (1,14303)
atentos	(5,2645), (1,4546), (1,14627), (1,4278), (1,12262), (2,1608), (0,8886), (1,11160), (5,510), (1,14011)
mantenimientos	(0,2948), (0,2567), (0,1356), (0,1117), (0,2478), (0,2670)
aguardaria	(1,7164)
lancilla	(0,10266), (1,17390)
realizacion	(5,1749), (5,5576), (5,1977), (5,686), (2,955), (5,3712)
creen	(0,7695), (2,5474), (5,5941), (2,5411), (2,1412), (4,5994), (3,539), (2,1246)
defraudado	(5,5320), (1,10644), (1,3579), (1,14911)
corrompidos	(2,6510)
creed	(1,15073), (1,14772)
dejarme	(1,1942), (1,13160), (1,4108), (1,16028)
pensando	(2,4168), (1,298), (1,1771), (4,1934), (1,18606), (1,4208), (1,1009), (4,2132), (5,7478), (2,3412), (1,18228), (1,5686), (1,4791), (2,3804), (5,4482), (0,7584), (0,7266), (1,14020), (1,6533), (2,6506), (1,3210), (1,10575), (1,15184), (1,16146), (1,18579), (2,1274), (1,2205), (4,6081)
preciais	(4,4676)
within	(0,13887), (2,8226), (1,19201), (4,9126), (3,3206), (1,19142), (5,9100), (0,13895), (4,9068), (2,8235), (5,9041), (3,3248), (1,19150), (4,9076), (0,13904), (3,3189), (2,8277), (5,9049), (1,19159), (2,8218), (4,9085), (0,13945), (3,3197), (5,9058)
atentamente	(1,13889), (2,740), (1,9028), (1,5093), (1,14634), (1,14993), (1,6834), (2,628), (1,3956), (1,7413), (1,4950), (1,9177), (1,13433), (1,13018), (1,988), (1,14204), (5,867), (1,13759), (1,14655)
cortesmente	(1,18547), (1,6214)
obligaria	(0,694)
rompieren	(0,5397)
acrecientan	(1,11806)
irte	(1,11941), (1,17338), (1,11597)
cimentasen	(5,608)
clabazon	(0,3771)
respetado	(1,35), (5,1880), (4,42)
pregonare	(4,2012)
cuadratura	(1,18173)
conchabos	(3,1966)
monotonas	(5,2230), (5,6334)
prometiendoles	(3,639)
cuestas	(2,4036), (1,18179), (0,8663), (1,186), (2,7819), (1,9066), (1,15739)
avisaba	(1,12745)
cuestan	(0,5057), (1,15751), (0,1116)
machine	(0,14034), (4,9214)
vendimiada	(1,11992)
pretorianos	(2,2218)
beneficios	(2,3778), (4,4900), (4,4725), (3,2869), (4,8182), (4,8455), (5,4090), (2,7019)
advertimiento	(1,10422), (1,4872), (1,16392)
dejarse	(1,9408), (5,4326), (1,12595), (1,12627), (5,6396), (1,6169), (1,17228)
alcances	(2,2763)
anunciado	(5,5767), (3,1864), (2,7503)
trinchera	(5,3206), (5,270)
volina	(0,7413), (0,6414)
grandisimas	(0,8864), (0,802), (1,11912), (3,1326)
satanas	(4,885), (1,18068), (1,6021), (1,7976), (1,10442), (1,1083), (3,672)
practically	(4,8931), (5,8900), (0,13747), (3,3048), (1,19001), (2,8077)
holgada	(2,3831)
sarracina	(4,6970)
alholvas	(1,18206)
cumplieron	(0,9442)
ortiga	(1,10995)
acrecento	(1,4129)
comianse	(1,16597)
costillas	(2,1083), (1,11418), (1,18234)
hederia	(4,6931)
culpado	(1,16082), (1,17351), (1,10664), (1,2990), (1,2991)
edificada	(4,6180), (4,6796)
guardolo	(2,7437)
bozeria	(0,6627)
cables	(0,6149), (0,9781), (0,3239), (0,3527), (0,4263), (0,3756), (0,3820), (0,3758)
aceca	(1,11452)
truj	(4,6467), (4,6483), (4,6500), (4,6490), (4,6462), (4,6478), (4,6496)
aseguro	(3,1572), (3,1479), (2,5577), (1,15304), (0,6184), (2,5547), (1,3596), (3,1487), (1,18701), (1,7502), (2,4561), (2,5555), (5,7510), (1,13462), (1,10425), (1,2205), (1,6269)
asegura	(3,1874), (2,6801), (1,4114), (1,644), (5,7736), (3,1978), (3,811), (4,175), (1,6396)
imprevisto	(2,3008)
colocadas	(2,40)
replicara	(1,2391), (4,7118)
asegure	(1,1703)
baxarse	(0,5594)
morados	(1,18007), (1,18030)
pondremos	(2,5712)
morador	(3,1984)
acuden	(1,16131), (1,16740), (1,17877), (1,11574)
graciosisima	(2,3353)
imprevista	(2,4238)
true	(5,3303), (5,8729)
holgaria	(1,3724), (0,8811), (0,6892)
aguardaran	(0,5936)
saturnino	(3,269)
acobardaran	(5,1408)
companeros	(5,421), (0,770), (2,1540), (2,6340), (1,6563), (1,4773), (2,2697), (1,6062), (0,10702), (2,7697), (1,4338), (2,5204), (1,1718), (2,5079), (2,7063), (0,7127), (0,7196), (1,4491), (2,1965), (2,2221), (1,16591), (5,4692), (0,9967), (1,1809), (1,4754), (2,2295), (2,4984), (0,6839), (0,1532), (2,2687), (5,2978)
calzones	(4,7779), (3,151), (1,9653), (3,1336), (1,13367), (1,4602), (4,7776), (1,10958), (1,10031)
holgado	(0,5007)
curasen	(0,7503)
evitar	(5,2340), (5,229), (2,4482), (0,6272), (2,2244), (5,2279), (2,4870), (0,139), (0,2318), (2,4688), (0,336), (5,2944), (0,3995), (5,4995), (0,4001), (5,4300), (5,591), (0,8682), (5,1747), (2,2930), (0,11892), (0,6262), (2,7161), (3,2652), (5,2911), (5,7074)
aceda	(1,2390)
resuelven	(2,2647)
obligarle	(1,13057)
conquistarles	(3,924)
miramos	(4,7462)
bebistes	(4,7733)
desdeno	(5,1326)
interesantisimos	(5,6673)
miramiento	(0,4472)
desollara	(4,4848)
najera	(4,1438)
bacallao	(1,5472)
edificaba	(2,6039)
banando	(2,201), (0,8375)
alumbrada	(2,1596)
cordero	(1,5560), (1,5517)
demandaldo	(4,7757)
morterito	(4,2044)
anunciada	(2,3859), (2,6277), (5,473), (5,7729)
exclusivamente	(5,5076), (3,647), (5,2891), (0,13014), (5,7420), (5,2029), (5,6527), (5,1024), (5,6096), (5,6977), (5,3715)
atonia	(2,3732)
guerrillas	(5,2834)
alumbrado	(2,1975)
online	(0,13760), (4,6), (2,6), (0,13828), (1,19303), (0,7), (4,8910), (5,9202), (4,9239), (3,3063), (4,26), (3,3129), (2,8092), (2,8158), (0,29), (0,13726), (5,6), (3,6), (1,6), (1,19016), (1,19082), (0,14059), (4,8946), (5,8915), (4,9012), (5,8981), (3,3350), (1,21), (5,26), (3,27), (2,8379)
jactaba	(5,2295)
trasegando	(2,4709)
apuestos	(4,8545)
culpaba	(1,16582)
afectos	(1,2240), (2,3137), (1,6839), (2,1177), (1,3882), (1,6427)
absurdas	(3,226), (2,2531), (2,1852), (5,3664)
albardon	(4,5512)
vivire	(1,14097)
escolis	(4,8423)
escucharian	(1,4472)
emigro	(5,1432)
mortificaba	(2,2217), (2,6108)
programa	(5,968), (5,2632), (5,5576), (5,1258), (5,1931), (5,1740), (5,1677), (5,3053), (5,3917), (5,686), (5,3182), (5,5136), (5,1041), (5,1458), (5,1619), (5,1270), (5,3068), (5,2370)
utilidad	(1,18497), (2,2868), (5,5863), (5,4282), (5,4364), (1,18617), (0,4093), (5,6162), (5,7842), (0,9373), (5,6131)
aguardaron	(0,7267), (0,7960), (0,6955)
entereza	(1,3969), (2,3141), (1,7141), (5,2890), (2,5321), (1,11850), (1,17485), (1,4494), (1,18830), (1,13908), (1,1015), (1,4087), (1,5399), (1,3739), (1,13118)
vivira	(2,1296)
zocodover	(1,10787), (4,2923)
derrueque	(4,7956)
harando	(0,3412)
pasabades	(4,7471)
tuertos	(1,8502)
annapolis	(5,1623)
cartapacios	(4,8622)
cernada	(1,5393)
vielcastel	(5,6526), (5,8755)
obligaron	(1,18081), (2,984), (1,4775), (1,10716)
calipso	(1,7833)
richmond	(5,7477), (5,7286), (5,3131)
haganse	(1,8221)
conocedores	(2,3219)
formalmente	(3,1922)
xaquima	(4,6904)
everett	(5,2716), (5,8190), (5,2706)
figurillas	(2,6079)
afectan	(0,186)
previnieron	(1,18385), (3,2516)
desuellacaras	(1,5504)
suppl	(5,411)
amarramos	(0,10668)
rodar	(4,903)
rodas	(4,6619), (4,574), (1,3692)
venderes	(4,8270)
compilaciones	(5,6719)
puntual	(5,7611), (3,1692), (3,2300), (1,15596), (3,2143), (3,2527), (1,15117)
principalidad	(1,18562)
populares	(2,7010), (5,7765), (2,6999), (2,6317)
unless	(3,3363), (5,9029), (4,9254), (4,9000), (5,8969), (3,3177), (2,8392), (3,3117), (2,8206), (0,13742), (2,8146), (0,13875), (1,19316), (0,13815), (0,14072), (1,19130), (4,8926), (5,9215), (4,9056), (1,19070)
ocupaban	(5,5029), (1,6083), (5,3368), (2,8005), (1,16822), (3,156), (2,608)
punteros	(0,11021)
ventajosamente	(5,1810)
pediremos	(1,7334)
llegue	(1,4513), (1,4706), (4,5446), (1,17059), (0,9155), (1,12709), (1,13482), (1,939), (1,6189), (1,6192), (1,15986), (1,16434), (1,15220), (1,18105), (1,17722), (1,7483), (1,2110), (1,17791), (1,17983), (1,12035), (1,7494), (1,13577), (3,2764), (1,3405), (1,7569), (1,16471), (1,18583), (1,18712), (1,1114), (2,4285), (2,3007), (2,1024)
exigen	(5,6194)
vigilancia	(3,1395), (2,7571), (0,371), (0,4915), (1,16135), (0,2251)
supuso	(2,3217)
encantados	(1,12359)
encantador	(2,3717)
salitre	(0,3743), (0,3742)
acogieron	(2,5522), (0,6144), (1,17794), (2,6294), (1,2167)
afecto	(2,4402), (5,2695), (5,2458), (2,7815), (5,4075), (5,1837), (3,892), (5,2526), (5,6336), (5,2738)
coligieron	(1,18339)
cercado	(1,3142)
senoriosde	(0,9325)
seguidamente	(5,5454), (5,1794)
sugetarlos	(3,2698)
cercada	(4,6133)
intolerable	(1,18227)
rieron	(4,4526), (1,6764)
ignorara	(2,3152)
oposicion	(2,481), (5,423), (2,6852), (2,6471), (3,2025), (5,140), (5,2636), (3,2890), (5,2640), (1,6060), (5,5042), (5,2997), (5,6454), (5,1662), (5,2913), (3,2880)
prometerse	(1,12399)
profesamos	(1,18661)
hirieronnos	(0,10407)
conformo	(4,8579)
cabalgase	(4,7743)
espectador	(2,4147), (2,4409)
amorosas	(1,434), (2,7411), (1,14003), (1,10580), (2,3608), (2,3114), (1,4570), (1,10426), (1,3051), (1,1006)
obligarse	(1,7706)
perritos	(1,17528)
supolo	(1,13540)
traspasos	(0,7139)
avances	(3,1944)
arduas	(4,565), (0,1836), (0,5390)
agradar	(2,5777), (1,16468), (4,7113), (4,400)
vencio	(1,14914), (5,3249)
demandaran	(4,8217)
comarcanos	(3,546), (3,1189), (3,1334), (0,1737), (0,8570), (3,1647), (3,688)
ternemos	(4,2889)
demostro	(5,1140), (5,5897), (5,3530), (5,7851), (5,3279), (4,2416)
torreones	(1,2891)
ahorcare	(4,4493), (2,3661)
extrano	(5,6215), (3,2791), (2,3144), (2,3976), (5,7757), (2,4653), (2,626), (2,1621), (2,2037), (2,2133), (5,2584), (2,3317), (1,2870), (5,5532), (2,4284), (2,1021), (2,1246), (2,3166), (2,7295)
salinas	(1,3072), (1,4476)
hermanico	(1,8708)
confronto	(0,179), (0,516)
embiando	(0,1888), (0,5701), (0,8806), (0,5308), (0,1246)
pretexto	(2,6291), (5,3762)
zanganos	(2,4995)
variados	(5,4250), (5,1247)
agradan	(0,4864)
extrana	(5,742), (5,7590), (2,4906), (5,3887), (2,5870), (5,2293), (2,2611), (0,8372), (5,4346), (5,187), (4,3451), (5,7452), (5,7901), (2,7035), (5,2720)
aumentaba	(1,13123), (3,1206), (2,1960), (5,560), (1,12076)
productora	(5,175)
extrane	(0,4606)
compliance	(5,9188), (2,8130), (3,3364), (4,9221), (4,9224), (4,9225), (2,8393), (1,19054), (4,8984), (5,8953), (1,19317), (0,14041), (5,9216), (0,14044), (0,14045), (3,3332), (4,9255), (3,3335), (3,3336), (2,8361), (0,13799), (2,8364), (2,8365), (1,19285), (1,19288), (1,19289), (0,14073), (3,3101), (5,9184), (5,9187)
traernoslo	(4,4078)
retireme	(2,1079)
adivas	(4,4305), (1,5519)
concedianle	(2,1636)
