anteponerse	(1,11365)
escribano	(3,227), (0,8513), (0,1602), (0,1605), (1,8487), (1,8490), (0,1612), (0,5453), (0,1614), (1,5167), (0,5457), (0,3026), (1,10675), (0,7381), (0,4822), (1,17083), (1,10684), (0,3036), (0,3040), (0,4320), (1,17092), (1,5194), (0,5995), (1,17100), (1,10701), (1,17103), (0,2546), (1,1114), (1,17115), (0,8315), (1,10717), (0,1663), (0,11649), (1,17124), (0,11652), (0,5510), (1,17130), (0,2961), (0,5016), (1,17276), (0,4253), (1,17152), (0,7458), (0,8994), (0,8099), (0,294), (0,4524), (0,1584), (0,11697), (0,10675), (0,7092), (0,11700), (0,8505), (0,5946), (0,5947), (0,4541), (0,1598)
popa	(0,7872), (1,4261), (0,10117), (0,11365), (0,10377), (1,5197), (1,3345), (0,6416), (0,6419), (1,5205), (1,3286), (1,4342), (1,13752), (0,9784), (0,2298), (0,5978), (0,7547), (0,6589), (0,9917)
pronto	(2,130), (5,3240), (5,2218), (2,4232), (5,5036), (2,6026), (5,1456), (2,4237), (5,5809), (5,818), (5,7858), (2,7824), (5,4151), (5,3386), (2,3736), (3,123), (2,6173), (5,5188), (0,13282), (5,4681), (5,4043), (2,6185), (2,6825), (2,1578), (2,6186), (2,1453), (2,2863), (2,6191), (2,5296), (5,5715), (2,6706), (2,7986), (5,3286), (5,2904), (2,3893), (2,4149), (5,3672), (5,5600), (5,7392), (5,2145), (2,5566), (2,4416), (2,7618), (5,7526), (2,324), (2,4548), (2,5062), (2,7627), (2,8012), (5,7537), (5,2418), (2,7632), (3,2612), (5,2040), (2,3413), (2,5080), (5,1021), (2,6235), (5,4224), (1,17660), (2,7648), (5,7559), (2,7653), (2,7654), (5,3083), (5,1038), (5,1807), (2,2927), (5,1556), (5,1304), (2,3958), (5,1050), (5,3613), (2,5114)
pretendida	(3,626)
cesaran	(4,8474)
envidiosas	(4,1145)
dilatados	(5,4260)
afanes	(5,1383), (5,7455)
desaparecian	(2,5626)
pronta	(2,1281), (1,9553), (3,629), (1,10793), (5,5474)
acerteis	(4,8042)
justificativos	(5,5333)
grandeza	(0,4097), (0,6723), (1,7780), (4,6152), (1,6693), (1,7781), (3,1320), (1,15271), (1,6827), (3,1327), (2,2254), (1,6319), (1,7792), (0,7574), (4,6176), (2,2016), (1,6912), (1,4801), (0,9184), (2,7015), (1,6790), (1,7750), (0,1959), (1,969), (2,1642), (0,8872), (5,1295), (0,5039), (1,7442), (1,16663), (5,6302), (1,13532), (1,7838)
entrevistas	(2,995)
desamparadas	(0,7829), (0,9449)
calafates	(0,3797), (0,2167), (0,3724)
conozcan	(4,2518), (0,5266), (4,8492), (0,7835), (0,2252)
pretendido	(3,167)
significaba	(2,2302), (1,9135)
setentrion	(4,8124), (4,2929)
municipal	(5,6626)
atrocidad	(2,6279), (2,7484), (2,3453)
prohibiria	(2,5566)
fascinador	(2,3162)
malditos	(2,1386)
llevaronse	(1,7663)
halleis	(4,3323), (0,5146), (4,4367), (0,4973)
desaparecida	(5,4190)
pestiferas	(2,507)
porf	(4,8187), (4,8192)
desmentia	(1,14728)
apariencias	(1,17601), (5,4633), (1,17607), (5,1820), (5,1887), (5,4033), (1,17806)
nilo	(5,8503), (4,4988), (5,6273)
tolondrones	(1,5499)
cornadillo	(4,6430)
cima	(0,6431), (1,15187), (0,10484), (1,18329), (5,1583), (0,6411)
modelaron	(5,7373)
pretendian	(3,2741), (3,924)
desmentir	(1,6482), (0,618), (2,95), (1,8878)
ira	(4,4292), (4,7044), (2,7618), (0,4801), (2,708), (2,2697), (0,4169), (2,7307), (2,4108), (4,5071), (0,8716), (2,2515), (1,7986), (2,7124), (5,7031), (2,7321), (1,15099), (1,10366), (2,7968), (0,4895), (2,5921), (1,12292), (2,7848), (2,2603), (1,908), (4,5231), (4,5551), (1,3086), (4,8241), (2,2678), (2,6139), (1,17691), (2,5696)
tocarles	(3,2077)
oficial	(5,5028), (5,5221), (5,4523), (5,428), (5,1900), (5,3948), (5,5038), (3,2676), (1,5234), (5,377), (5,6585), (5,442), (1,5942), (5,3134), (5,2495), (1,5820), (5,6338), (5,4616), (0,9124), (0,1000), (1,6027), (5,2320), (1,18316), (3,2580), (3,2454), (5,3033), (5,6042), (1,18328), (5,2015), (3,2525), (5,3809)
ire	(4,2469), (2,4835), (2,292), (4,614), (1,778), (4,5549), (4,3790), (1,12363), (1,5005), (1,11149), (4,2581), (0,3286), (4,2011), (4,1564), (2,4700), (1,2716), (2,894), (1,5405), (0,989)
textualmente	(5,5242)
milagro	(4,7942), (1,16164), (1,6216), (1,7084), (1,15854), (1,627), (2,6037), (1,9780), (1,16244), (1,13334), (1,2615), (4,4795), (2,4734)
padecimientos	(5,4220), (5,3853), (5,304), (5,4146)
picioni	(1,8946)
nuncio	(2,2250)
porfia	(1,12002), (4,5238), (0,8578), (1,12006), (5,1628), (1,16649), (1,3356), (4,3362)
favorecedor	(5,1306)
lake	(3,3315), (0,14018), (1,19268), (2,8344), (4,9197), (5,9167)
cartea	(0,11616), (0,11661)
debeu	(4,1088)
aceptan	(2,4179)
aceptar	(2,2625), (1,13824), (2,450), (5,2533), (1,15842), (5,7880), (5,3245), (2,2447), (0,8525), (2,883), (5,1847), (5,2552), (2,7327)
babia	(2,1680)
desaprovechando	(5,4797)
enfermeria	(1,18129), (1,11439)
quemaran	(4,3631)
carnicero	(4,6789), (4,3162), (4,6769)
conspirara	(2,1119)
enmiendan	(1,17921)
oraculos	(5,6218)
deben	(0,2111), (4,7753), (4,7754), (3,2987), (4,7756), (1,16938), (4,7376), (1,1135), (2,6674), (5,6773), (1,1267), (1,2231), (2,5400), (2,6874), (4,2085), (5,5382), (2,2532), (4,8422), (1,17669), (0,4778), (4,7726), (4,7728), (4,6385), (1,16527), (0,5168), (1,5586), (4,7734), (1,17813), (5,4378), (4,7033), (2,2744), (1,12382), (4,2818)
lana	(3,2114), (4,7909), (1,18345), (0,11433), (4,3310), (1,10379), (4,3136)
rompele	(0,9970)
deber	(2,1057), (5,2726), (4,5733), (5,5258), (5,5966), (4,7728), (5,1268), (5,3605), (5,4533), (5,5589), (5,4150), (5,3511), (2,2901), (5,5052), (5,4510), (2,2653)
debes	(2,2161), (1,2930), (2,5688), (4,7754), (1,18616), (2,3405), (1,4508), (4,5824), (1,11199), (1,13039)
contribuyente	(1,18607)
estupor	(2,5249), (2,7379), (2,7635), (2,3657), (5,7548)
usaras	(1,8759)
autores	(0,7713), (2,7431), (0,13157), (5,4109), (5,4493), (5,6770), (5,4251), (1,17655), (1,56), (5,7805), (5,734), (1,8411), (2,2365), (4,129)
groseros	(1,368), (4,6516), (5,3832)
ideando	(2,3478), (2,4968)
maravilles	(4,8577)
comarca	(0,4639), (0,3458), (0,5379), (0,3334), (0,6790), (0,4999), (0,5737), (5,1136), (0,7916), (0,6669), (0,785), (0,6001), (0,2773), (0,6745), (0,7674), (0,7643), (0,3804), (0,3836)
proposuerunt	(4,6423)
salimos	(4,8613), (4,8615), (0,10147), (0,10659), (0,9541), (0,9447), (0,6857), (0,11019), (0,5901), (0,10834), (1,14964), (0,10645), (0,10039), (0,9849), (0,10938), (0,10844), (4,6401)
jullio	(0,2703), (0,1477), (0,2506), (0,2444)
senalan	(5,1633), (0,10878)
senalas	(1,2225)
senalar	(0,5056), (3,807), (1,12261), (0,1144), (1,764), (2,815), (0,4077)
replico	(1,16163), (1,18726), (1,12328), (1,13609), (1,15657), (1,11306), (1,3628), (1,9775), (1,7988), (1,16180), (1,16184), (1,4668), (1,15933), (1,16192), (1,8514), (1,9795), (1,2120), (2,298), (3,1803), (1,5705), (1,3920), (1,9808), (1,11602), (1,11347), (1,12627), (1,3925), (1,18006), (1,1368), (1,5208), (1,18776), (1,11615), (1,10082), (1,13415), (2,1354), (2,331), (1,2922), (1,11116), (1,1138), (1,1912), (1,18812), (1,15741), (1,897), (1,5249), (1,7041), (1,11908), (1,3717), (5,7692), (1,5258), (1,11147), (2,1909), (1,1176), (1,11676), (1,12957), (1,9118), (1,1183), (1,5033), (1,13482), (1,13995), (1,9901), (1,15025), (1,12210), (1,16050), (1,5556), (1,1211), (2,925), (1,12223), (1,4289), (1,1730), (1,5315), (1,8902), (1,5575), (1,5066), (1,3531), (1,11980), (1,1230), (1,5073), (1,8403), (1,13781), (1,10968), (1,11225), (1,14809), (1,5866), (1,9706), (1,10219), (1,14574), (1,1263), (1,2032), (1,4080), (5,2169), (1,18679), (1,14334), (1,11523), (1,3077), (1,11530), (1,8460), (1,14861), (1,12046), (5,2195), (2,1009), (2,4850), (1,11537), (1,790), (1,9751), (1,5656), (1,3865), (1,18714), (1,13340), (1,9759)
contratando	(0,8179), (0,9431), (0,9290), (0,9418), (0,9227)
alvina	(4,7645)
embalsamado	(1,10165)
indistintamente	(0,12934)
migallejo	(4,5445), (4,5442)
airoso	(1,18360), (2,6687)
forteza	(4,6044)
cuales	(2,5633), (1,13096), (1,9001), (4,6349), (1,6186), (4,6606), (1,16171), (1,11052), (1,15660), (3,1008), (2,6677), (4,6360), (1,9013), (1,7222), (2,3097), (1,313), (1,5180), (1,7228), (1,8509), (1,9277), (1,10813), (1,16701), (1,4414), (2,6175), (3,1028), (4,1001), (1,17993), (1,6474), (5,6096), (2,558), (4,1266), (1,6481), (1,14161), (1,17745), (1,4694), (1,9559), (1,15963), (4,3072), (3,1056), (5,2274), (1,6750), (1,13919), (1,7522), (1,14178), (1,17253), (1,2919), (1,109), (5,5875), (4,1302), (1,17781), (2,2393), (3,2108), (2,348), (1,10107), (1,14203), (1,8065), (1,8067), (1,13956), (1,17797), (1,13191), (4,8492), (1,14222), (4,3634), (4,8498), (3,2387), (2,6002), (2,2419), (1,16277), (1,17045), (1,4758), (2,3192), (1,4247), (2,4991), (1,2469), (2,3206), (1,2982), (4,1868), (1,14249), (1,9130), (1,18602), (2,1679), (1,14255), (3,1906), (2,6803), (2,1687), (1,12728), (1,18616), (4,605), (5,6206), (1,7355), (1,10427), (1,18621), (2,165), (1,17349), (2,1961), (1,6090), (1,7883), (3,913), (4,6003), (4,6004), (1,7889), (1,7123), (1,4824), (2,3258), (1,12505), (2,960), (1,13280), (1,6626), (1,13794), (1,6884), (3,935), (1,3301), (1,16870), (4,140), (1,7914), (1,4331), (2,5328), (1,17393), (1,5618), (1,15602), (1,1524), (1,5620), (1,7159), (2,219), (2,2012), (3,2237), (1,6395), (4,8608), (1,16896), (1,5121), (4,6053), (5,3465), (1,8965), (1,4358), (1,519), (3,713), (1,10506), (1,12554), (1,5133), (0,13358), (1,17935), (4,8627), (1,15891), (1,15893), (1,15382), (2,254), (1,14109), (1,15135)
esnordeste	(0,10848), (0,11252), (0,11132)
encontrase	(0,980)
perrita	(1,18252)
tazas	(0,7794), (4,4810), (2,4411)
diome	(1,12737), (1,12739), (1,7486)
campanita	(2,810)
azuibanbatata	(0,10025)
acreciente	(0,4180), (0,5845), (0,4215), (0,3289)
deidad	(1,3044)
dispensero	(0,2270)
anora	(4,446)
comulga	(1,12534)
acrecienta	(1,14958)
defensivas	(0,4147), (0,2292), (0,469), (0,6199), (0,8951), (0,3738), (0,2315), (0,4286), (0,5214)
negue	(1,10636)
soltes	(4,4607)
arrieros	(1,8227), (1,4709), (1,8217)
conozcais	(4,6252)
correspondiendo	(2,1980), (1,6398), (1,1807)
junco	(0,10417), (0,7491), (4,4760), (0,10404), (0,7464), (0,7497), (1,18346), (0,10413)
confiesame	(1,5548)
enmudecio	(1,5799)
previniendoseles	(3,2829), (3,2768)
plazoleta	(2,7720)
vamos	(0,5833), (1,17579), (2,7949), (4,7633), (4,7761), (1,17583), (3,755), (4,2004), (1,14898), (1,17586), (1,17588), (4,8280), (4,8281), (1,17590), (1,5559), (2,7960), (2,4508), (2,7966), (1,1598), (4,1639), (1,5060), (2,7973), (1,10310), (4,1649), (2,3631), (2,7986), (2,1843), (4,2167), (4,6392), (2,6328), (4,2044), (4,2047), (0,10491), (4,1408), (4,2051), (4,4996), (1,3426), (5,6891), (1,11113), (1,3434), (2,3788), (4,2193), (4,2194), (4,2325), (2,1620), (4,7958), (2,5078), (4,7960), (1,4598), (4,2203), (2,733), (2,1501), (1,18301), (1,11138), (1,11523), (2,2790), (4,2090), (4,7980), (2,491), (2,2542), (4,7216), (2,5743), (4,1587), (2,5745), (1,17682), (4,2107), (2,5754), (2,3067), (4,4285), (1,4762), (1,14490), (4,1982), (2,2560)
envolvia	(5,1367), (5,1577), (5,4634)
bebieron	(0,7795), (0,8837), (1,5592), (0,10574)
extendido	(5,4682)
anochece	(1,11555)
convaleces	(1,15105)
diole	(5,3924), (1,18610), (1,4867), (0,9970), (4,2455), (1,9284), (1,15765), (1,12199), (1,9945), (0,7850), (4,690), (1,13647)
ilegales	(5,1616)
banados	(1,12759), (1,15887)
insalubridad	(5,4196)
anosc	(0,5795)
extendida	(5,3846), (5,3191), (5,5866)
envolvio	(4,8442), (2,3658), (1,14749)
horizonte	(5,4868), (5,133), (5,3350), (5,1801), (5,2220), (5,2031), (5,4016), (5,1393)
despedazados	(1,7782)
etico	(1,8557)
permanente	(5,2370), (5,6706)
dispositiva	(5,1511)
bandoleritos	(1,13337)
sabina	(4,8281)
ward	(5,8772), (5,4454), (5,4475), (5,4449)
limite	(5,630), (5,4374), (5,152), (0,2820), (5,507), (5,6027), (0,2922), (5,259)
tomada	(0,241), (0,13061), (1,13672), (0,3864), (0,3945), (3,2317), (0,267), (0,254)
resumidas	(5,3256), (5,7715)
incompatible	(5,7911)
found	(4,9030), (0,14019), (1,19269), (5,9002), (4,8906), (3,3150), (4,9199), (5,9168), (3,3316), (2,8179), (2,8345), (0,13848), (0,13722), (1,19103)
aficionados	(4,203), (1,2745), (0,8248), (4,111), (1,17373), (1,2254)
bruxa	(4,1601)
hincar	(1,6370), (1,13238), (1,6411)
escripto	(0,4291), (0,4307), (0,4344), (0,4297), (0,3069)
alino	(5,4659)
censurarlo	(5,912)
legalizan	(3,2905)
larg	(1,8098)
abigarrada	(5,5016), (5,7901), (5,399)
amparase	(0,8850), (0,11820)
enlace	(0,224), (0,231), (2,3194)
liviandad	(1,13259), (1,2863)
encantamiento	(4,4350)
escripta	(0,2416), (0,11927)
tomado	(0,193), (1,1698), (4,3912), (0,1990), (0,8265), (0,9163), (1,6577), (0,5585), (0,8273), (0,6099), (1,7354), (5,3779), (3,2179), (1,5313), (1,9925), (1,7240), (0,3944), (1,6729), (1,13129), (5,3790), (5,4309), (1,5329), (2,5557), (5,7001), (1,6614), (4,1530), (0,5879), (1,4956), (0,8059), (0,1660), (0,8061), (0,7934), (0,3199), (0,7811), (4,2568), (4,2185), (0,7173), (3,1961), (0,4614), (0,7174), (1,16103), (2,2893), (0,8075), (0,7182), (0,3217), (0,7185), (0,6034), (1,12276), (1,13428), (0,3092), (0,11156), (0,8085), (1,5111), (1,18938), (0,3226), (0,10778), (1,14973), (0,5922), (0,8100), (0,11688), (2,1003), (0,4394), (1,7052), (0,1708), (1,9741), (0,8109), (0,10415), (3,2902), (1,11926), (1,12950), (1,4888), (4,1597), (0,3388)
pulcela	(1,18558)
pedregal	(3,1539), (3,1754), (3,1453), (3,1757), (3,1885), (3,1470)
ensenanza	(5,3732), (5,4052), (5,4677), (2,419), (3,2900), (5,6583), (5,3960), (5,5177), (5,3947), (5,2877), (5,4098), (5,6115)
multipliquen	(2,6449)
quitadoles	(1,7563)
vitales	(5,5983)
arredrarles	(5,1737)
mimihonda	(0,10031)
saciado	(2,4165)
sujetas	(4,4965), (1,1731), (4,3378)
nombradas	(0,117)
sujetar	(5,3509), (4,4964), (2,7644)
cacharros	(2,5027)
fanatico	(5,6807), (2,507), (5,2818), (2,7487)
operina	(4,196)
yntento	(0,799)
sabios	(4,8259), (5,6149), (1,13541), (2,425), (5,7790), (4,528), (3,2671), (4,2163), (5,6516), (1,16176), (4,4953), (5,6555), (5,5180), (4,7612), (2,3264)
doblaban	(5,2619)
lato	(5,3922)
comencemosla	(1,4739)
correte	(1,9291)
pegado	(1,11397), (1,4522), (1,12634)
sonrisilla	(2,741)
obedesci	(0,11588)
ultimas	(5,6829), (3,109), (1,1515), (2,2252), (5,3087), (5,6384), (3,2513), (5,532), (5,2485), (5,7062), (5,2520), (5,3105), (5,387), (5,3555), (1,10655)
secure	(3,3298), (1,19251), (4,9175), (2,8327), (5,9150), (0,13995)
impulsaron	(2,2697)
hincho	(1,12169)
lata	(2,1699), (1,7539), (1,7576)
ponderando	(3,1327)
pegada	(1,5099), (0,10477)
han	(3,2018), (1,33), (1,38), (1,39), (1,42), (5,4014), (1,15402), (1,6187), (1,12334), (1,47), (0,4176), (1,50), (0,3156), (1,6201), (2,29), (3,2048), (5,4034), (2,32), (2,37), (2,40), (2,1064), (0,4201), (5,5070), (1,2125), (0,8301), (5,5075), (0,3183), (0,4208), (0,7282), (0,3192), (0,3196), (5,7138), (2,2114), (4,8196), (0,8320), (4,3082), (4,6155), (2,2127), (4,5139), (0,4242), (0,4248), (0,9369), (2,93), (0,4256), (4,40), (0,9381), (2,2152), (0,9384), (0,3241), (3,2127), (4,6194), (4,51), (4,8244), (1,17555), (0,4275), (3,2136), (0,4277), (2,1148), (1,17566), (0,4288), (0,193), (5,42), (5,43), (2,4233), (1,3241), (0,5323), (4,1106), (1,17585), (0,4305), (1,14514), (3,118), (5,5176), (1,17591), (3,1146), (1,17592), (3,1148), (5,7231), (0,3292), (0,3299), (2,5286), (1,14533), (1,15559), (4,108), (0,3306), (4,113), (3,2192), (4,6258), (1,17618), (1,211), (3,2199), (0,5368), (1,8412), (3,2207), (3,2208), (1,7391), (0,1279), (3,2210), (0,3327), (3,2212), (3,2213), (1,6374), (2,1225), (4,2188), (3,2221), (3,2222), (4,3216), (3,2226), (0,3344), (0,6416), (1,6388), (0,9493), (3,2234), (3,2236), (4,158), (2,1245), (1,12540), (1,12541), (5,130), (4,7329), (5,131), (4,4258), (0,3360), (2,1251), (1,9476), (5,6282), (0,2349), (3,2258), (5,7316), (0,4403), (3,2263), (4,5308), (0,4414), (3,2277), (1,17701), (1,8492), (0,332), (0,4428), (1,3376), (1,14641), (5,4284), (1,12600), (0,344), (1,14651), (4,230), (3,261), (0,4453), (3,267), (4,6382), (2,6450), (4,253), (1,7514), (4,259), (2,3394), (0,4480), (4,5384), (2,5451), (0,1418), (4,8462), (3,1329), (3,1330), (2,5457), (3,1332), (0,2449), (2,1367), (2,345), (5,3324), (3,1352), (5,5390), (1,4491), (3,2387), (5,4380), (1,17817), (3,2396), (0,11706), (1,11684), (5,4393), (0,5578), (1,18859), (2,7565), (1,11693), (1,17839), (3,371), (1,8625), (3,1397), (4,1368), (1,14773), (1,5558), (3,378), (3,2427), (2,2463), (0,5604), (1,2502), (1,6599), (0,4583), (1,16844), (0,2541), (2,2481), (0,4592), (4,5497), (4,387), (1,9699), (1,17894), (2,2505), (1,12777), (0,11787), (2,4558), (1,7666), (5,5505), (1,17920), (1,10753), (0,2595), (1,1543), (3,1482), (0,3624), (0,3630), (3,1496), (1,15898), (2,6656), (1,17951), (0,1600), (2,2564), (2,2566), (0,3661), (3,497), (2,6677), (1,2613), (4,5592), (1,10810), (4,5598), (0,1628), (4,7650), (0,3681), (1,5698), (2,4645), (1,6724), (0,3684), (0,4709), (0,4710), (2,1578), (3,2571), (1,13902), (0,11889), (0,1652), (1,4694), (0,11895), (1,604), (1,18012), (3,2591), (2,4670), (0,11900), (1,5726), (3,1570), (1,13920), (0,3715), (2,3655), (3,553), (1,5735), (4,3601), (0,12944), (4,5654), (1,628), (1,7801), (0,3738), (0,7839), (5,3589), (1,1669), (1,1670), (4,1578), (2,6761), (0,3752), (4,7725), (5,531), (4,5682), (1,6799), (2,6769), (1,6805), (0,5816), (0,2746), (0,2747), (1,3741), (0,3774), (1,1698), (0,3778), (2,6788), (0,1737), (3,1646), (1,6828), (1,18093), (2,6802), (4,5717), (2,6804), (1,17079), (1,698), (2,667), (3,2684), (2,6812), (2,6815), (0,8925), (5,579), (3,641), (1,1733), (1,2757), (3,2695), (3,2697), (0,4838), (5,6740), (2,6839), (2,1720), (1,6871), (2,1721), (0,5879), (1,6872), (1,15064), (0,5882), (5,5729), (1,15070), (4,4738), (3,674), (1,739), (1,2789), (0,12036), (3,681), (3,682), (0,5895), (0,12042), (1,14059), (1,14061), (5,7795), (1,2804), (4,4759), (1,18164), (5,6778), (5,4731), (1,18167), (5,1660), (1,18168), (1,15104), (0,4897), (5,7818), (0,3878), (1,15112), (1,14095), (2,1780), (1,5907), (0,2869), (1,18198), (2,1785), (2,3838), (2,4865), (0,3904), (2,2826), (2,4874), (3,751), (5,7858), (3,2802), (3,2804), (2,7955), (2,1813), (0,4947), (3,2807), (2,4886), (3,2810), (0,3930), (3,2815), (3,768), (3,770), (2,4898), (2,804), (0,1895), (1,1868), (2,4911), (1,3922), (0,10104), (2,4927), (1,13150), (4,5892), (1,2914), (0,3972), (2,1868), (1,13163), (4,3855), (4,4879), (0,3979), (3,1843), (1,9073), (1,4978), (1,9074), (1,9075), (0,1942), (1,890), (0,1945), (3,1854), (0,3995), (3,831), (1,16253), (3,2881), (0,1951), (3,2882), (0,2978), (1,4999), (3,844), (1,16266), (3,1869), (1,16268), (5,4884), (0,4017), (5,4886), (3,1877), (3,2902), (3,2908), (3,1885), (3,1886), (3,1887), (3,1890), (3,1893), (4,5959), (1,16292), (1,16293), (0,9161), (5,6960), (0,9163), (0,4044), (3,1904), (1,14257), (1,5042), (4,5980), (3,1916), (3,1917), (1,8124), (0,4061), (3,1921), (0,2015), (3,1922), (1,12225), (0,2018), (4,7022), (3,2958), (4,2930), (4,8050), (4,6004), (0,4082), (4,2935), (1,7126), (5,1885), (5,7005), (3,1948), (1,3035), (2,4029), (1,9180), (2,5061), (2,4044), (1,4075), (0,3088), (3,2997), (2,7129), (1,1018), (4,2983), (1,1029), (0,4133), (2,5097), (4,2989), (0,42), (0,4139), (0,4140), (0,47), (5,7060), (0,4146), (2,4087), (3,2011), (5,6045), (3,2013), (1,3099), (0,7226), (0,7227), (1,13341), (0,4157), (1,31)
muladar	(1,11691), (1,8445)
zapatos	(1,16647), (4,4939), (3,1388), (2,268), (2,5068), (1,5133), (4,8563), (1,11250), (3,152), (4,2137), (1,7926), (3,1337), (4,2142), (1,4603), (1,4605), (3,2112), (1,4735)
soltar	(4,6787), (0,6562), (1,2516), (5,7416), (0,6488), (0,6587)
correto	(5,7582)
has	(1,1313), (2,3331), (4,4807), (1,1063), (1,3371), (1,3628), (1,17965), (1,3632), (1,17459), (1,5428), (1,8756), (1,3126), (2,8215), (1,8759), (1,1592), (1,1593), (2,1818), (1,3642), (3,766), (2,287), (4,3553), (4,1762), (1,834), (1,18242), (1,3396), (1,8772), (1,6981), (1,8773), (1,17477), (2,295), (1,16710), (2,3624), (1,9291), (1,9293), (1,3406), (1,599), (1,8797), (4,4866), (2,8000), (1,3425), (3,3367), (4,7688), (2,2377), (2,7498), (2,7500), (1,17516), (1,8813), (1,17005), (2,1617), (1,8816), (2,3927), (1,1912), (1,16760), (1,19320), (2,5978), (1,17019), (2,4445), (1,16764), (2,8030), (1,16765), (5,9219), (1,16511), (2,5985), (1,3970), (1,11138), (1,16260), (1,11141), (4,9258), (1,5512), (1,1673), (2,3690), (1,5513), (1,651), (1,1678), (2,2159), (2,2160), (1,913), (1,16274), (1,2964), (1,1177), (2,2938), (1,17561), (0,11450), (1,17564), (4,1857), (1,3998), (2,4223), (1,4510), (1,2977), (2,1924), (2,136), (1,1961), (1,3242), (1,18093), (2,1936), (3,3186), (2,4760), (1,18616), (2,2458), (2,2971), (1,17082), (1,1723), (2,3484), (2,4764), (1,16316), (1,3005), (1,17853), (2,2977), (1,16323), (1,19139), (4,7015), (1,17605), (4,9066), (2,3755), (5,9038), (4,5747), (1,3025), (4,1653), (1,8914), (2,5812), (4,6774), (1,3796), (1,10964), (1,3029), (1,10965), (1,8921), (1,18652), (0,14076), (1,3038), (1,16352), (1,3041), (1,483), (1,4328), (1,10985), (2,3019), (2,8396), (1,752), (2,3537), (2,4564), (1,5876), (1,4090), (4,6301), (1,15100), (1,16380), (1,16381), (1,513), (4,6822), (2,4583), (1,11527), (1,4107), (2,1774), (2,1775), (2,5104), (1,11535), (1,16656), (4,6838), (2,3577), (2,7929), (4,5822), (1,11547), (0,13884), (1,1310), (2,3583)
hincha	(4,2041), (1,17051)
haz	(4,7107), (4,7779), (4,7112), (1,1062), (4,1642), (4,7114), (1,11563), (1,8812), (2,3474), (1,4113), (4,7125), (1,1939), (4,2550), (0,9078), (1,8793), (1,13241), (4,3197), (4,7165), (1,17531), (1,3868), (1,3996), (4,3618), (1,5471)
estableciose	(2,967)
hay	(4,3011), (4,8132), (3,2020), (3,2025), (1,11303), (4,5067), (4,5069), (3,1005), (3,1006), (1,11311), (1,12335), (4,8150), (3,2038), (3,2041), (1,12344), (3,1020), (1,16442), (4,992), (0,1116), (3,2047), (3,1024), (4,3041), (3,2050), (4,3043), (3,2052), (4,8168), (1,8261), (0,4199), (1,14408), (1,5195), (1,8267), (0,10353), (3,1045), (4,5112), (3,1057), (1,5215), (1,1120), (4,3076), (1,1122), (0,8322), (4,6152), (4,6157), (4,6158), (1,13419), (0,3212), (1,5230), (4,6163), (4,6164), (3,2104), (3,2105), (3,2107), (1,17529), (4,4125), (2,3170), (5,6156), (2,3179), (3,2125), (1,9359), (3,1109), (4,6202), (1,18583), (3,1118), (3,1120), (3,100), (3,1124), (3,1125), (1,17574), (2,1161), (4,4173), (0,11466), (1,173), (1,1198), (0,9422), (1,17583), (4,2133), (1,17590), (1,1207), (0,5334), (1,184), (4,8284), (4,3167), (5,7232), (2,1185), (2,4258), (0,13536), (0,2273), (1,5315), (2,7335), (5,7242), (2,7336), (1,18633), (4,6254), (1,8400), (4,2164), (3,2195), (2,5299), (1,18642), (3,1175), (3,2201), (4,2171), (0,8439), (3,2203), (4,6271), (3,1184), (1,16606), (5,8293), (1,2274), (1,18659), (4,8327), (1,17640), (4,4236), (1,9449), (1,14572), (2,6353), (4,6293), (0,7443), (0,11539), (3,2231), (2,1240), (1,12535), (1,12536), (3,188), (4,4253), (0,10522), (1,16635), (5,2177), (0,7452), (0,1310), (4,6309), (2,7395), (1,18690), (1,9475), (0,13605), (4,4267), (4,8364), (3,2252), (1,10506), (2,236), (5,6287), (4,4271), (5,6288), (3,208), (3,2258), (1,11538), (1,18706), (1,7447), (0,11574), (1,18712), (1,2331), (1,18715), (3,2271), (3,2272), (0,2366), (1,18719), (4,5315), (1,18720), (1,289), (1,290), (1,291), (5,7338), (4,5322), (1,13614), (1,13617), (1,8498), (4,8407), (1,13620), (1,16694), (4,6362), (0,344), (0,3418), (0,3419), (1,7489), (3,2308), (1,13641), (3,1294), (5,6353), (1,16717), (2,304), (1,1359), (1,12624), (1,1361), (3,1300), (0,3441), (0,3442), (1,3414), (0,11637), (2,2360), (2,313), (5,2268), (0,10615), (4,8445), (2,5436), (2,5437), (2,2366), (4,5376), (0,11644), (2,6464), (4,5379), (2,2370), (4,5380), (0,3457), (1,1381), (0,3460), (1,18789), (1,1383), (0,3463), (2,2380), (1,14699), (2,2385), (5,4344), (3,312), (2,5464), (5,7420), (2,7514), (2,1373), (2,355), (2,1380), (2,7537), (1,11668), (4,3385), (3,345), (3,346), (2,7546), (0,7608), (1,16793), (1,11676), (1,9629), (2,6527), (1,11678), (2,6528), (3,354), (3,356), (5,4394), (1,425), (3,1387), (4,6476), (4,335), (4,6479), (2,6541), (2,1422), (2,2446), (2,2447), (5,4403), (1,5556), (2,6551), (1,16822), (4,6490), (5,5437), (1,442), (5,6462), (4,2398), (2,5532), (3,382), (2,3485), (0,5599), (2,6561), (0,7647), (5,6472), (0,7651), (1,454), (4,5486), (1,17867), (4,7535), (4,5488), (0,8685), (1,16852), (1,9685), (4,1402), (2,1472), (1,16863), (1,17888), (4,8580), (1,17891), (2,2502), (1,15845), (3,1448), (2,6599), (1,16870), (3,1450), (2,3530), (2,6605), (1,16876), (1,10734), (3,1457), (1,10735), (1,5616), (2,6609), (3,1459), (1,5618), (3,1461), (3,1471), (4,3488), (0,6684), (4,1441), (3,1473), (0,2590), (2,6624), (0,4639), (0,3616), (1,1539), (4,6566), (5,5511), (3,454), (0,4647), (4,5548), (5,6543), (0,4652), (4,7602), (4,7605), (4,6582), (3,470), (3,1497), (3,474), (4,1469), (4,7613), (1,17946), (0,3642), (0,9786), (2,509), (0,6715), (1,9756), (2,510), (5,2466), (3,481), (1,17952), (5,7589), (0,3650), (5,6568), (4,2504), (0,3652), (4,3529), (0,3656), (2,1551), (4,7635), (3,1526), (0,10836), (0,3669), (2,7706), (2,5660), (0,10842), (0,10843), (1,1597), (2,4638), (1,6717), (3,1536), (0,3677), (1,16959), (0,3679), (3,515), (0,4704), (1,1602), (3,2565), (2,4647), (0,4710), (0,3691), (4,3569), (0,5742), (4,2548), (0,3697), (0,10866), (1,596), (0,4723), (5,2523), (1,4695), (1,12887), (1,16983), (4,2555), (1,1625), (4,3580), (2,5690), (0,4731), (3,543), (4,2560), (0,11900), (3,1569), (4,4610), (4,2563), (0,3711), (2,4673), (1,5729), (1,4706), (2,1604), (0,10882), (0,9859), (0,10883), (1,4709), (0,3718), (0,10887), (2,4685), (5,5616), (1,11887), (4,5651), (1,11888), (1,4721), (5,5624), (2,2647), (0,3733), (5,6650), (4,3611), (3,574), (1,4733), (3,576), (0,3741), (3,2625), (0,3743), (4,1572), (3,1604), (0,7841), (1,16004), (1,2693), (4,1577), (0,678), (1,18056), (0,3757), (0,3759), (0,3760), (0,3763), (5,6680), (1,10901), (1,10902), (1,1687), (0,10934), (1,1689), (4,4672), (1,5789), (0,9916), (3,2656), (1,6814), (0,1726), (1,9891), (0,7875), (2,2694), (2,4742), (0,1734), (2,2696), (4,4683), (2,7817), (0,9927), (3,620), (0,4813), (4,7763), (1,17072), (5,5685), (4,1628), (1,9915), (5,7744), (1,707), (1,712), (4,5741), (0,4847), (3,1686), (0,3832), (0,4858), (4,4736), (2,4798), (2,3775), (2,3780), (2,3781), (0,6915), (2,7879), (3,685), (4,6801), (1,10990), (0,3854), (4,6803), (1,5872), (4,6804), (4,6805), (3,694), (1,10998), (2,6872), (4,4763), (2,2781), (2,2782), (0,10014), (1,768), (2,7906), (0,13088), (3,712), (3,714), (4,5803), (1,12040), (4,5804), (1,12046), (4,691), (2,3825), (1,12054), (0,5942), (1,17175), (0,5943), (1,18202), (2,3837), (1,3868), (5,1701), (3,2787), (0,2881), (1,4898), (0,9028), (3,1769), (1,5927), (2,1802), (1,17194), (4,1744), (1,4909), (1,17201), (1,2869), (1,5944), (1,4921), (3,767), (1,6977), (4,3813), (0,1891), (1,16197), (1,17221), (1,4936), (1,1870), (0,4973), (2,3889), (4,2804), (0,4976), (2,6964), (3,790), (0,7027), (0,3956), (1,1879), (4,5883), (1,5976), (4,1788), (1,858), (2,4924), (5,5856), (1,861), (2,1854), (1,5982), (4,3846), (1,11107), (1,2919), (5,4850), (3,817), (2,1873), (3,819), (3,1844), (2,2899), (1,8052), (3,823), (3,825), (1,16247), (3,2874), (3,828), (0,922), (0,5021), (2,3936), (1,4991), (1,12160), (3,836), (3,1862), (0,4003), (0,933), (4,3881), (2,4967), (4,7980), (4,3886), (5,789), (5,6934), (4,6966), (1,916), (2,1910), (1,9112), (0,10167), (4,828), (4,5948), (3,1884), (1,6042), (3,1888), (1,18334), (4,836), (1,15265), (4,4935), (4,1865), (1,11174), (0,10182), (3,2922), (1,16297), (1,16298), (4,5967), (3,879), (2,1936), (3,1907), (4,4948), (2,1939), (4,4949), (4,2902), (4,5977), (4,7001), (4,858), (4,7003), (4,2909), (2,1950), (4,2912), (1,3006), (1,5054), (3,2945), (0,4062), (5,6979), (4,2915), (1,12224), (4,4964), (1,5057), (4,8036), (1,962), (3,2948), (4,2919), (4,2920), (2,2982), (4,2921), (4,7018), (4,2923), (4,2925), (4,2927), (3,1935), (3,1937), (3,915), (5,6997), (5,854), (3,1941), (2,2997), (2,4022), (4,6008), (0,13302), (4,4987), (4,6014), (1,11227), (0,13307), (2,3006), (1,17373), (2,959), (4,3969), (2,960), (4,5003), (1,16360), (4,2956), (1,16362), (1,16364), (3,1967), (1,9200), (5,885), (1,2034), (1,16374), (5,2939), (4,5018), (4,2972), (2,5082), (4,2974), (1,14331), (4,7071), (2,3038), (3,1989), (0,4130), (1,16387), (1,2052), (1,16388), (3,1992), (3,1994), (1,8201), (2,5100), (0,10283), (0,1068), (1,11278), (3,2001), (4,2995), (5,5012), (3,2003), (2,5106), (4,2997), (2,3059), (3,982), (4,5048), (5,1947), (1,17432), (1,10265), (2,5115)
laso	(0,403), (0,12330)
vecindad	(3,1170), (1,2676), (1,18486), (1,18407), (1,18535), (4,4701), (1,13500)
correse	(0,11538), (0,10150), (0,11464), (0,9945), (0,10939)
desventaja	(5,6319)
alzamiento	(3,1639), (5,3658), (3,1246), (3,432)
333348	(5,8101), (5,8373), (5,8745), (5,8256)
alaridos	(1,3456), (1,18843), (2,238)
desplegarlas	(5,7384)
lasa	(4,4419)
someterla	(5,5194)
proximos	(3,676), (0,414), (4,8626)
romualda	(2,3752), (2,3113), (2,3130), (2,3261), (2,3103), (2,3903), (2,3120)
olimpicos	(5,3243)
atropellados	(1,13029)
dejandose	(2,2055), (1,17671), (3,2285)
amistad	(0,8511), (3,2791), (0,8260), (0,8006), (3,2795), (0,8522), (3,2031), (0,8525), (0,4942), (0,7758), (0,8014), (1,8495), (0,4687), (0,10575), (0,7764), (0,8789), (0,8537), (1,1595), (0,9050), (1,15931), (0,4955), (0,6748), (1,6720), (0,6751), (1,6721), (0,10337), (0,8805), (0,4966), (0,5734), (1,6729), (0,4969), (0,7530), (0,8810), (3,2574), (0,5739), (0,8555), (0,8813), (0,7790), (2,2865), (0,6512), (0,7792), (1,15956), (0,2932), (1,10837), (1,11607), (0,8823), (0,7289), (0,6522), (0,7803), (0,7037), (0,7806), (3,2594), (1,3424), (0,8832), (1,10850), (1,10852), (0,7557), (5,3819), (0,7047), (0,8840), (0,10632), (0,5004), (0,6796), (0,8844), (0,1933), (0,1934), (0,7822), (3,2098), (0,5008), (1,15985), (0,7825), (0,4757), (0,7573), (0,7831), (0,7833), (0,3994), (0,7578), (1,9851), (0,2460), (1,4738), (0,5282), (0,8866), (1,16260), (1,16264), (1,2185), (3,1869), (1,2956), (2,7021), (2,7022), (3,1875), (0,7857), (0,5042), (0,9910), (0,8376), (3,2659), (0,7106), (3,2664), (0,2503), (0,9161), (0,1738), (0,7883), (0,9424), (4,2392), (5,5690), (1,17082), (3,1405), (0,6876), (0,8924), (0,7903), (0,9441), (0,10213), (1,1227), (0,9458), (2,3254), (0,9465), (0,4860), (0,4862), (0,10750), (0,767), (3,2723), (0,7681), (0,8450), (0,8962), (0,4868), (0,2565), (0,6918), (0,7434), (0,10252), (0,8461), (0,6679), (0,8471), (0,2584), (2,988), (0,7962), (0,10783), (0,6946), (0,7714), (2,3818), (1,17162), (0,7468), (3,977), (0,8494), (0,7983), (0,7474), (0,4659), (0,7987), (0,8500), (0,7478), (0,8758), (1,2072), (0,2616), (0,7993), (0,8761), (0,8763), (0,8508), (0,4669), (0,8509), (3,1505)
vaguido	(1,5386)
hermosisima	(1,15536), (2,3651), (1,1795), (1,6757), (1,14312), (1,12699), (1,3484), (1,3791)
villahermosa	(5,6592)
comedimentos	(0,3004), (1,14477)
ende	(0,1471), (0,5904), (0,1505), (0,3042), (4,1047), (0,1123), (0,1428), (4,8200), (4,8587), (0,9052), (0,1453)
parteras	(4,5989), (1,17882)
comprometerse	(2,1237), (2,5439)
diola	(1,18577), (1,12611), (1,18548), (1,9866), (1,13374)
asadas	(4,5252)
privacion	(1,10345)
emulo	(2,354), (5,5666)
lava	(4,1530)
podredumbre	(5,4947)
sofoque	(2,5135)
disparo	(0,9447)
asegurote	(1,9174)
menea	(4,3897)
certificaronle	(1,12177)
volviose	(1,8851), (1,17427), (1,11445), (1,17415), (1,10140), (1,8637), (1,7807), (0,10382)
deseosas	(1,10127)
confirmar	(1,10194), (1,10950), (1,8807), (5,7694), (0,9513), (1,16731), (5,1553), (1,7134)
junin	(5,8087), (5,6936), (5,6234), (5,7150)
junio	(0,10818), (2,1032), (5,4587), (5,5934), (5,6835), (0,10832), (0,12115), (0,13397), (5,957), (2,988), (5,387), (3,2500), (5,2951), (4,360), (0,13348), (0,3493), (5,2443), (5,4555), (0,4202), (5,2512), (2,8046), (0,10799), (0,625), (0,13299), (0,4216), (5,2976)
algoacil	(0,6823)
biograficas	(0,13026)
pueblan	(1,18226), (0,5221)
esperanza	(1,15014), (1,18726), (1,3752), (1,18472), (5,5165), (1,4271), (0,7247), (1,18608), (3,2803), (5,4922), (1,18614), (1,18487), (1,18743), (1,3385), (0,7000), (1,18874), (4,2142), (1,3515), (4,2146), (1,18495), (1,322), (1,18883), (1,18500), (4,616), (5,2121), (1,18757), (1,2891), (4,6001), (1,18895), (1,977), (1,17617), (1,18387), (1,18899), (1,18516), (1,18390), (1,18652), (5,2147), (5,613), (5,4966), (2,2373), (1,18919), (5,6382), (1,18796), (1,18669), (1,18414), (1,18927), (1,3312), (1,6896), (1,12528), (1,18416), (1,14321), (3,2872), (2,3032), (1,18679), (1,18424), (1,7289), (1,18937), (5,2686), (5,2432), (1,18429), (1,13566), (1,14078), (1,18558), (1,18815), (1,6272), (1,3329), (1,9474), (1,12036), (1,2821), (1,13701), (0,3749), (4,7977), (1,3593), (1,18570), (5,5265), (1,18575), (1,7312), (1,4114), (5,3352), (1,6933), (1,3097), (1,15001), (0,8633), (1,13850), (1,18586), (1,13723), (1,18459), (4,3391), (0,3899), (2,6141), (0,6075), (1,18588), (1,7069), (1,18591)
amantes	(2,3268), (1,6405), (2,7917), (1,17101), (1,11375), (1,6898), (1,4307), (1,5779), (1,1080), (1,18393), (1,1499), (1,1851), (1,6427), (1,15580)
encontrara	(2,1266), (2,5778), (2,5415), (2,5707)
airosa	(1,9243)
carcanales	(1,15849)
bajamanero	(1,5505)
desconcierto	(1,5041), (1,5045), (5,2398), (5,7488), (2,3726)
plagio	(5,7918)
tomais	(4,5547)
desabrochaba	(2,7639)
parentezco	(3,1877), (0,2616), (0,2505)
bruto	(5,7046), (5,8055), (2,6662), (2,7910), (1,16247), (2,1433), (1,16248), (5,176), (2,781), (2,5792)
adamsnewyork	(5,3326)
buenos	(0,2111), (1,17696), (3,998), (1,11302), (4,2250), (1,3111), (5,6316), (3,1004), (1,17194), (3,1006), (3,497), (0,9807), (0,2385), (3,2548), (1,5170), (0,10577), (1,4659), (0,9811), (1,2869), (3,508), (4,8157), (4,6623), (1,10816), (4,740), (0,3938), (1,8260), (2,2599), (2,6440), (1,13384), (1,14157), (3,272), (0,10099), (3,791), (1,13142), (3,281), (4,7932), (2,1083), (0,3707), (1,16733), (3,289), (1,14943), (0,10625), (3,2341), (0,10627), (4,2313), (1,17510), (1,5735), (0,3978), (3,2351), (1,17775), (0,8082), (3,311), (4,6168), (0,10390), (1,18552), (0,2202), (1,893), (1,7301), (2,5481), (3,590), (1,6028), (4,6966), (1,8083), (4,7737), (0,438), (2,1144), (4,7738), (3,2397), (0,3004), (4,8256), (5,5411), (0,2752), (1,5538), (1,9634), (0,3782), (5,4907), (4,2124), (3,620), (1,8109), (3,368), (0,3793), (3,1142), (5,5434), (3,2937), (0,9175), (4,861), (0,9949), (3,130), (0,1759), (1,13505), (3,389), (1,963), (5,5448), (3,649), (1,1737), (0,10728), (3,397), (3,654), (0,9963), (4,7792), (1,18637), (1,15054), (3,401), (1,4815), (1,10704), (2,3250), (1,8150), (1,18646), (1,8154), (3,414), (1,12254), (4,1928), (1,8677), (3,425), (3,939), (1,17136), (0,10005), (1,8695), (0,10006), (3,1210), (1,5625), (0,5662), (1,3075), (4,7591), (0,3622), (4,5291), (0,2089), (1,3338), (4,5038), (2,7916), (3,464), (1,6671), (3,470), (1,5144), (1,5400), (0,3641), (2,6395), (2,6651), (2,6396), (3,478), (2,2813), (1,13854)
pasajes	(5,789), (5,7368), (5,6716), (5,733), (0,13034), (5,4432), (5,7680)
panizuelos	(1,8699)
prendieronme	(1,4686)
trampa	(2,2349), (5,2850)
heterogeneas	(5,5031)
proximas	(0,498), (0,582)
aterrando	(5,5790)
varando	(3,2261)
hec	(4,7949)
qualidad	(0,4495), (0,5123), (0,4859), (0,5403), (0,4653), (0,4510)
evoco	(2,7992)
damelas	(4,4569), (2,3551)
laya	(5,2489)
deseosos	(1,15603), (1,14319)
numeros	(5,3395), (5,6547)
anadase	(1,18428)
her	(5,1111)
truxeronlos	(0,10308)
descollando	(5,2913)
hes	(4,2167)
sumter	(5,3045), (5,3516)
biograficos	(5,4496)
permitais	(1,14523), (0,1774)
pegara	(4,7907)
pozos	(4,6915), (0,10708), (4,6923), (3,864), (0,8685)
laws	(2,8), (3,3307), (3,3312), (2,8336), (2,8341), (0,14039), (1,19260), (4,9186), (3,3330), (1,19265), (5,9159), (4,9192), (3,8), (2,8359), (5,9164), (0,14055), (0,13805), (0,13806), (3,3346), (0,13808), (1,19283), (2,8375), (5,9182), (4,9219), (3,3107), (3,3108), (1,19299), (3,3110), (0,13829), (2,8136), (2,8137), (0,9), (2,8139), (5,9198), (4,9235), (1,19060), (1,19061), (1,19063), (3,3131), (4,8990), (5,8959), (4,8991), (5,8960), (4,8993), (5,8962), (2,8160), (5,8), (1,8), (1,19084), (5,8983), (0,14007), (0,14012)
visite	(1,7488), (4,6455), (1,15816)
personarum	(4,8308)
mandante	(5,3088)
enea	(1,5090), (1,5381), (1,5098)
kansas	(5,1381), (5,1830), (5,615), (5,1898), (5,1197), (5,686), (5,1775), (5,2991), (5,1841), (5,2098), (5,2806), (5,759), (5,823), (5,697), (5,1273), (5,954), (5,1850), (5,3003), (5,828), (5,1791), (5,8833), (5,772), (5,1412), (5,1796), (5,837), (5,840), (5,3019), (5,2060), (5,719), (5,2447), (5,1808), (5,657), (5,1873), (5,2834), (5,2453), (5,2647), (5,666), (5,672), (5,1187)
madrugon	(1,11352)
considerabanse	(5,853)
meneo	(1,5777), (4,3340)
visita	(5,4453), (2,7955), (5,3801), (2,2983), (1,7862), (1,14568), (0,4168), (2,6157), (1,12493)
estremecian	(2,4310)
ocultan	(3,1686)
beneficio	(5,3717), (1,18275), (5,968), (1,7332), (4,3497), (2,7303), (3,2953), (1,12455), (5,2382), (5,3662), (4,8110), (5,2866), (1,6542), (5,1718), (5,3094), (5,1977), (0,13045), (2,7739), (1,13372), (5,1699)
votaron	(5,3062), (5,2679), (5,3392), (0,8731), (5,3233)
entenada	(4,672)
vezes	(0,7493), (0,6086), (0,6543), (0,6674), (0,11221), (0,11222), (0,11159), (0,11165), (0,11166), (0,8545), (0,8550), (0,11239), (0,6697), (0,11241), (0,6059), (0,7088), (0,6449), (0,8498), (0,11250), (0,11251), (0,11316), (0,7094), (0,11255), (0,11256), (0,6588)
entibiaban	(5,4437)
bruno	(2,6566), (2,6631), (2,5644), (5,4193), (2,6495)
ocultas	(4,8325), (3,186), (3,1195), (4,5884), (2,3420)
ocultar	(2,6867), (2,996), (2,3482), (3,159), (2,1038), (2,3198), (5,3842)
personaje	(5,7589), (2,963), (5,4423), (5,7687), (5,1289), (5,6544), (5,5778), (1,15310), (2,3088), (2,1713), (2,2036), (2,3095), (5,7258), (5,7930), (5,799), (5,1919), (5,608), (1,8028), (5,7649), (5,1442)
aprendi	(1,4680), (1,16461), (1,4702)
duermen	(4,8708), (0,6708), (1,9753), (4,3102), (1,16603)
tomala	(4,6755)
llaves	(1,11249), (1,12386), (1,16930), (1,17142), (1,10695), (0,4375), (1,9752), (0,13047), (1,15385), (1,9738), (1,9741), (1,10734)
guarnelo	(4,5080)
bagita	(0,11533)
mailing	(0,14015)
confirmed	(3,3362), (4,9253), (1,19315), (2,8391), (0,14071), (5,9214)
gobernase	(2,4936), (1,10875)
desalada	(1,12405), (1,2584)
apure	(1,15819)
tomalo	(4,4435)
ways	(3,3350), (4,9239), (1,19303), (2,8379), (0,14059), (5,9202)
sabrame	(4,5664)
lazo	(5,2276), (2,7507), (5,4648), (1,6533), (5,2202), (5,141), (2,2542), (5,2738), (5,2802)
aprende	(2,469), (1,12136), (1,6029), (1,16349)
escusarian	(1,3888)
apura	(1,2272)
advierte	(1,18624), (5,5381), (3,2884), (1,18659), (1,16324), (1,8006), (1,8776), (5,2574), (1,3981), (1,16847), (5,4756), (5,6197), (0,13136), (3,2132), (1,8916), (3,535), (5,825), (1,601), (5,5343), (5,4897)
editor	(0,15), (5,4727), (5,7335), (5,7225), (5,4732), (5,1087), (3,14)
advierta	(0,13679), (1,4931), (1,106), (5,4819)
persistia	(5,5559), (5,4547)
tomame	(1,15402)
apuro	(5,2204)
gobernara	(2,3775)
perecio	(3,702)
advierto	(1,8746), (2,1920)
agasajados	(0,2251), (1,7774)
fallescimiento	(0,5567), (0,5440), (0,5491), (0,5497), (0,1002), (0,5466), (0,5420), (0,5500)
pueblen	(0,1075)
estanque	(2,4559)
construyan	(3,2850)
persistio	(5,1730), (5,6467)
persistir	(5,2696), (5,6926)
convencer	(5,7929)
proximal	(4,6202)
chal	(2,3637), (2,3672), (2,3658), (2,3643), (2,3646)
desastres	(5,5845), (5,3656), (2,3878), (5,4029), (0,2318)
traxerades	(4,5766)
provocarle	(1,10001)
small	(3,3346), (4,9235), (2,8355), (1,19299), (0,14035), (2,8375), (5,9178), (0,14055), (5,9198), (3,3326), (4,9215), (1,19279)
mirate	(1,16544)
pajaro	(2,3362), (1,4708), (2,3640)
beodo	(2,6294), (4,7774)
hic	(4,7949)
tomare	(1,1077), (0,5924), (1,10663), (1,16471), (4,2652), (4,478), (0,2698), (4,8495), (2,5710)
doquiera	(2,145), (2,5252), (5,3533)
ofrezco	(1,3586), (1,5891), (1,166), (1,518), (1,199), (1,9996), (1,3409), (1,15761), (2,5685), (1,11860), (1,14965), (1,13462), (1,6205)
before	(2,8161), (1,19010), (5,9), (3,3111), (3,9), (5,7403), (0,13830), (2,9), (1,9), (4,8940), (5,8909), (0,9), (2,8140), (1,19085), (3,3057), (0,13809), (5,8984), (2,8086), (1,19064), (3,3132), (0,13754), (4,8994), (5,8963)
bruja	(1,17520), (1,17522), (1,17446), (1,17606), (1,17686), (1,17801), (1,17659), (1,17757), (1,17759)
marruecos	(1,3489), (5,4526)
ronco	(2,821), (1,5740)
hij	(4,4177)
extendian	(5,616), (2,3724)
higueral	(1,11696), (4,5557), (4,6086)
acribada	(1,17762)
figuraba	(5,2257)
sabida	(3,1522), (4,1701), (0,13169), (1,13028), (4,6348)
graduando	(3,2567), (3,2429)
perdieren	(4,6381)
dejandole	(1,12244), (1,15446)
ronca	(1,704), (1,10305), (1,10387), (5,7518)
comisarios	(1,18211), (1,7721)
mandanos	(4,4293), (4,3648)
proporcion	(1,8308), (3,248)
debilitase	(5,4220)
rapidamente	(5,5478), (2,3658), (2,2956), (2,7532), (5,114), (2,3247), (5,2068), (2,1458), (5,4789), (2,500), (2,2772), (5,5495), (5,1432), (5,5528), (5,5178), (5,3676), (2,3674), (2,955), (2,3355)
dejandola	(5,2199), (1,12724), (1,14213), (1,14789)
indefensa	(2,865)
bicoca	(2,4804), (2,7318), (2,808)
mirase	(5,2660), (1,17152), (2,740), (1,16003), (1,15957), (5,4155), (1,2010), (1,16010), (1,14843), (4,6256), (1,15534), (1,7903)
tomase	(1,5313), (1,12450), (1,18787), (4,5928), (1,7049), (1,1100), (1,9868), (1,3885), (0,6157), (0,8656), (0,8433), (1,9496), (1,17626), (4,1694), (4,2562)
enim	(1,8256), (4,292)
inveterado	(5,1466)
sabido	(1,13281), (2,1987), (4,2188), (0,649), (4,8525), (1,14058), (5,1204), (3,633), (1,1657), (0,3418), (1,8124), (0,5724), (3,768), (3,1921), (4,549), (3,2630), (5,3401), (0,7844), (1,16005), (1,13322), (5,6864), (1,7246), (1,13582), (1,2834), (0,3442), (5,5016), (1,13461), (1,2710), (3,2138), (0,1721), (1,4058), (1,4060), (1,12381), (1,7326), (1,14878), (0,6014)
molestar	(2,5398)
acogi	(1,18112)
letra	(1,7202), (4,199), (1,7337), (0,13320), (5,6191), (0,1611), (2,4816), (3,434), (2,660), (0,218), (0,11804), (0,11806), (2,2017), (0,13096), (5,7889), (1,11789), (1,11662), (1,12046), (3,978), (5,4629), (1,13907), (1,8980), (1,18388), (4,3262), (1,5979), (1,17819), (0,3579)
vezar	(4,8196), (4,2005), (4,794)
imprudencia	(2,2225), (2,1144), (2,845)
valdes	(5,3880), (0,13028), (2,2392)
vezan	(4,5801)
albanesas	(4,3022)
diesemos	(0,8148), (0,1464), (1,2093)
banadas	(1,14072)
sabian	(0,7935), (1,3044), (1,7271), (0,8137), (0,8841), (1,8429), (1,5807), (4,6357), (1,17780), (0,10324), (3,440), (3,1208), (1,2166), (5,3262), (0,10337), (1,4293), (5,6282), (1,14216), (4,685), (3,1230), (1,8141), (0,8045), (3,1681), (5,596), (2,6642), (0,7920), (0,8048), (1,10833), (1,8723), (5,1368), (2,7865), (5,1757), (1,5722), (0,8890), (1,18331), (4,6146), (1,15455)
mirare	(1,15008), (4,2528)
aclararan	(5,5383)
desafia	(2,439)
mirara	(4,4531), (4,536), (1,1368), (0,3259), (4,4162)
darmele	(1,8789)
ferrea	(5,4672)
desenlace	(5,3557), (5,5605), (5,2406), (5,1639), (5,1353), (5,3820), (2,3387), (5,4241), (5,4689), (5,5761)
darmela	(2,2565)
desafio	(1,7188), (1,6997), (1,6983), (2,777), (1,6988), (1,6991)
tobiesen	(0,8774)
sempiterno	(4,3112)
alias	(4,6182)
portuguese	(5,5482)
subastas	(2,7044)
visito	(1,7296), (1,7779), (1,1974)
portuguesa	(1,6624), (4,2293), (1,10450), (4,1336), (4,6393), (1,6566), (1,8870), (1,6615), (4,6416), (1,6573)
llavors	(4,1088)
perecer	(2,6265)
httpwwwgutenbergorg502950291	(4,8907)
figurado	(5,1446), (5,3223), (5,4961), (2,6656)
demandaban	(4,1368), (4,4521), (4,6921), (5,7280)
plagas	(4,7047), (4,7594)
linages	(0,4811)
someterse	(5,939)
dejandolo	(1,13716), (3,1928)
dejandome	(2,4467), (1,7508), (2,3414), (1,9704), (5,4594), (1,3151)
apuntadas	(3,2278)
beneficos	(2,2115), (3,2871)
persisten	(5,2302)
ferreo	(2,855)
cangeo	(3,1973)
papelito	(2,5062), (2,5079)
tomara	(1,3056), (2,2194), (4,4036), (1,12850), (4,5238), (1,10531), (1,13699), (2,7256), (1,14029), (4,2049), (0,4525)
arrebato	(5,5989), (0,6513), (2,6695), (3,217), (5,7296), (1,9884), (2,3360), (5,4179)
lautamente	(1,1759)
sujetos	(1,272), (1,8130), (2,2057), (1,8265), (1,16459), (1,11869)
apretado	(4,7022), (1,8347), (2,1773)
encubren	(5,2052), (1,3847), (4,2559)
escrupulosas	(1,14254)
golpes	(2,1346), (5,2565), (2,3394), (5,936), (1,14181), (1,5481), (5,881), (5,7729), (2,1396), (1,9779), (2,4054), (1,15894), (2,2104), (2,889), (5,926), (1,18234), (2,894), (2,6302), (2,1375), (5,1027)
erale	(2,4012)
arrebate	(1,11647)
arrebata	(1,11800)
perrico	(4,3513)
eralo	(1,15806)
remediados	(0,927)
antojado	(2,3516)
apretada	(4,3335), (4,8719)
malamente	(5,4577)
darwin	(5,4261), (5,8144)
santiguarse	(1,18748)
desenganaba	(1,18565)
correspondiente	(1,48), (1,7200), (3,2963), (3,2968), (2,7591), (3,3001), (0,12054), (0,9097), (3,2350), (1,7198)
admirari	(3,213)
extranamente	(5,6636)
asento	(0,2623), (1,6025), (1,1806)
calcotejo	(4,2690)
importarme	(2,6557)
strict	(0,13936), (3,3239), (1,19192), (4,9117), (2,8268), (5,9091)
universalmente	(5,2577), (5,2610), (0,7438)
acreciendo	(5,429)
citas	(5,734), (5,4738)
acreditadas	(0,602)
espumosa	(4,8542)
abrazaron	(2,1410), (1,14978), (1,10549), (1,5369), (1,7902)
explotaba	(5,1137), (5,4673)
abad	(4,4501), (4,4520), (4,4651), (4,4847), (5,6704), (4,8098)
leste	(0,11330), (0,3908), (0,11335), (0,6735), (0,11343), (0,11350), (0,11355), (0,9825), (0,9829), (0,10853), (0,11112), (0,10346), (0,10860), (0,11119), (0,11122), (0,11123), (0,10871), (0,10872), (0,11128), (0,10873), (0,11129), (0,10878), (0,11135), (0,10370), (0,11394), (0,11139), (0,10374), (0,11399), (0,11144), (0,11146), (0,11403), (0,11404), (0,10893), (0,10897), (0,11413), (0,9878), (0,11162), (0,9883), (0,10908), (0,11166), (0,10655), (0,11426), (0,11429), (0,10152), (0,10160), (0,7347), (0,10934), (0,11446), (0,10423), (0,10938), (0,10939), (0,11195), (0,10941), (0,11198), (0,6849), (0,10433), (0,6851), (0,10948), (0,10955), (0,11469), (0,11474), (0,11476), (0,10965), (0,11222), (0,13528), (0,10971), (0,10462), (0,10975), (0,10977), (0,11239), (0,11240), (0,11497), (0,10991), (0,11505), (0,11506), (0,10996), (0,10998), (0,11254), (0,10487), (0,11512), (0,11008), (0,11011), (0,11541), (0,11287), (0,11543), (0,10521), (0,10522), (0,11546), (0,11547), (0,11303), (0,11052), (0,11310), (0,11057), (0,11314), (0,10291), (0,11315), (0,11060), (0,11573), (0,11318), (0,11063), (0,11321), (0,11067), (0,3901), (0,11325), (0,11070)
quemarse	(0,8703)
lesti	(4,7169)
antesalas	(2,3863)
enterraronla	(1,1763)
agradeceremos	(2,1304)
obtienen	(5,4283)
devanarse	(5,2548)
recogidos	(1,10726), (5,2237), (1,8731), (5,6673), (0,8716)
hoc	(4,7949)
importarle	(1,7341)
inaccesibles	(3,547), (3,77)
acometieron	(3,1250), (2,1080), (0,10556), (0,9965), (1,3135)
rectitud	(5,869), (5,4022), (5,3847), (5,1567), (5,2320)
vestiduras	(5,5017)
promulgada	(5,3459)
iniciales	(1,40), (5,7361), (5,1938)
afianzo	(5,3278)
perdieron	(0,3424), (3,933), (1,4389), (0,3429), (1,2087), (0,3464), (0,3434), (3,911), (4,8049), (1,4404), (1,3221), (0,9972), (2,538), (3,700), (5,3871), (4,6881), (3,2241)
crueles	(5,7108), (5,5605), (1,18403), (1,6564), (1,8712), (5,5165), (5,528), (2,270), (1,18637), (2,3025), (5,1724), (4,8603), (5,7006)
extenso	(4,3382), (5,4776), (5,2317), (5,3278), (5,2928), (5,5298)
supremas	(2,1058), (5,984), (2,7623), (5,3371)
desenganado	(1,3993), (2,1150), (1,3725), (5,7106)
orgaz	(1,11104), (4,7631), (1,11453)
toma44	(0,2806)
interior	(2,8037), (5,4217), (2,6150), (5,1915), (3,1322), (5,2396), (5,4204), (2,7437), (3,1359), (2,3519)
antologias	(5,6773), (5,1155), (5,6803)
cobres	(1,558)
how	(0,14080), (0,14081), (3,3301), (5,9223), (5,9224), (3,3371), (2,8330), (3,3372), (4,9263), (4,9264), (2,8400), (0,13998), (2,8401), (1,19254), (4,9178), (1,19324), (5,9153), (1,19325)
retribucion	(5,1545)
hoy	(2,513), (2,514), (4,4292), (2,3331), (5,7590), (2,3332), (0,13379), (0,13124), (5,4014), (1,1070), (3,2800), (4,5073), (5,5298), (0,8781), (2,3090), (2,7442), (1,819), (2,278), (2,3350), (3,2555), (1,15929), (4,1501), (2,284), (0,13149), (0,13662), (1,16447), (5,5068), (4,236), (5,7117), (2,3631), (1,6990), (2,6448), (2,4148), (4,8438), (1,16979), (0,12916), (1,12888), (4,252), (2,4922), (2,5691), (2,6715), (2,4924), (5,6112), (0,13691), (5,6881), (2,4927), (4,258), (2,4674), (2,5699), (3,2341), (4,4362), (2,5450), (2,4939), (1,2667), (1,17516), (4,2321), (5,1778), (4,3860), (2,2899), (5,6134), (5,3577), (0,9364), (1,14966), (2,7256), (2,89), (0,2967), (1,15480), (3,1851), (0,2456), (1,14201), (1,12412), (1,10621), (2,5471), (2,5472), (0,415), (2,1890), (0,13472), (5,2566), (2,7011), (0,9377), (5,5132), (2,5739), (4,7725), (1,15499), (2,5230), (4,7472), (2,5231), (1,6799), (2,5234), (2,5746), (1,7569), (2,3958), (2,3448), (0,13494), (5,3100), (3,1884), (0,442), (2,7548), (0,13500), (5,7204), (0,13503), (5,5414), (1,6562), (0,9409), (0,452), (2,4742), (1,17830), (2,4232), (5,4396), (2,2698), (1,14251), (1,6317), (1,17070), (5,5173), (0,13265), (0,978), (1,7604), (0,214), (1,5304), (1,3004), (5,1601), (1,18623), (1,5312), (5,7752), (5,1099), (3,1929), (4,8300), (1,8905), (3,2446), (2,4270), (0,9452), (0,494), (1,3536), (2,180), (5,1624), (4,5751), (2,3767), (4,7547), (2,1723), (2,2236), (1,5339), (1,14050), (4,4490), (2,5834), (5,5229), (0,13576), (4,5773), (1,4587), (1,16619), (5,5232), (5,2931), (4,7314), (1,4851), (0,2581), (0,9493), (4,154), (3,956), (2,3292), (5,6527), (2,1245), (5,1152), (4,7839), (1,3069), (2,7134), (2,1249), (5,6534), (5,4744), (5,6794), (0,550), (2,236), (0,13098), (5,7824), (5,1681), (4,4272), (2,7407), (5,915), (2,7152), (5,6295), (3,1240), (5,1690), (0,13109), (0,13365), (3,1498), (2,3833), (2,3580), (4,4034)
apretaba	(1,8352), (1,17778), (1,3843)
desenganada	(1,13969), (1,4101), (1,14007)
viernes114	(0,10799)
mirame	(4,3461), (4,5552)
cobren	(0,1380)
antojaba	(1,17482)
fijamente	(5,1466), (2,729), (2,7497), (3,1311)
chio	(4,582)
negrura	(2,3802)
acusadores	(5,3854)
tortolilla	(2,1427)
esbelto	(2,645)
estudiastes	(4,7832)
interino	(5,4106), (2,1659)
replicaban	(5,1759)
miralo	(1,11519)
extensa	(2,5268), (0,630), (0,839), (5,4431), (5,7888), (5,3249), (5,6353)
sogas	(0,4917)
alejandose	(3,472)
poderosamente	(5,477), (5,3662), (5,5392), (5,6403)
mirala	(1,1589)
esforzaron	(1,7064)
traviesos	(4,1171)
milagros	(1,291), (1,7814), (1,18903), (0,7719), (1,9816), (0,552), (1,12633), (1,15929), (1,6092), (4,5888), (1,8575)
encubrio	(1,9392), (1,3654)
encubrir	(1,14384), (1,15169), (1,16849), (5,2487), (1,5171), (1,14164), (1,13461), (1,1932), (1,5165), (1,6414), (1,12735), (1,14575)
partes62	(5,4786)
brasil	(3,2194)
mirareis	(0,2393), (0,2187)
migall	(4,5460), (4,5450)
molestia	(1,11507)
encubria	(5,5455), (1,15147)
amparado	(1,15596)
cernicalo	(1,5796)
frutarolo	(4,4415)
sintieran	(1,5793), (4,6609)
palpitantes	(5,6666)
bebiesen	(0,10641)
importaria	(0,4033)
apretais	(4,1811)
retirasen	(1,13828), (1,8885)
aber	(0,5713)
aparejadas	(0,4799), (0,5217), (0,4141)
prohombres	(5,3277), (5,2416)
promoviesen	(5,2662)
opaca	(2,2413)
lechuga	(4,6869), (4,6860)
avanpies	(1,4655)
vision	(5,1157), (1,17736), (5,6225), (5,6241), (1,15727)
santelmo	(1,6003)
esforzaria	(4,591)
navegaciones	(0,2994), (0,3971), (0,4805), (0,4838), (0,13259)
oimos	(2,6765)
algun	(1,4640), (0,5183), (1,16931), (1,9252), (0,10308), (5,4522), (1,7208), (1,5161), (1,14889), (0,2130), (0,6738), (5,7608), (0,2644), (0,2645), (0,8789), (0,7254), (4,3551), (0,8795), (1,15421), (0,8797), (5,2501), (1,12357), (1,14918), (1,16454), (1,16455), (2,5161), (1,8264), (1,12364), (1,17485), (5,6098), (5,979), (3,532), (1,8788), (2,2614), (3,1560), (1,89), (1,12889), (1,1627), (5,3551), (5,4064), (4,1026), (1,4708), (5,7663), (1,2668), (0,7820), (2,3152), (2,2641), (1,2672), (1,12916), (5,1018), (1,6263), (2,3161), (5,1533), (1,4730), (0,12956), (1,17021), (1,17535), (0,3743), (1,129), (1,15489), (2,4195), (1,15490), (0,8355), (1,8838), (0,8875), (5,4114), (2,5743), (0,8880), (1,13970), (5,3611), (0,2745), (0,1728), (1,14502), (1,2218), (0,7369), (1,15531), (2,7310), (0,7372), (0,5328), (2,1683), (5,4150), (0,5329), (2,3220), (1,9907), (1,9910), (1,187), (2,5788), (1,188), (1,11964), (1,6333), (5,578), (0,5343), (1,9410), (1,14024), (0,7915), (1,8908), (1,207), (3,2193), (0,8435), (5,4191), (5,2656), (5,4193), (1,17119), (0,6913), (0,5378), (1,12518), (0,6918), (5,1135), (0,1802), (5,4721), (1,3310), (1,2799), (0,4881), (1,7923), (0,7447), (2,3804), (1,7933), (1,766), (1,1278), (1,8958), (4,162), (1,767), (5,2180), (0,1825), (5,7814), (0,10529), (1,16645), (1,774), (1,17670), (1,8972), (1,2317), (1,3342), (1,7439), (3,1234), (1,6930), (1,276), (0,6965), (0,3382), (0,4406), (1,17176), (1,18718), (4,8386), (1,14111), (1,1315), (5,2217), (0,4932), (1,6956), (0,4940), (0,3405), (1,4912), (0,8016), (0,8017), (0,8530), (0,1364), (2,2327), (5,7866), (1,6970), (0,1371), (1,5437), (1,4927), (2,2339), (2,292), (0,2915), (1,9028), (1,18758), (1,14153), (3,780), (1,9034), (1,16717), (3,2832), (0,2930), (1,13139), (1,15188), (1,4440), (1,9048), (4,255), (1,12129), (1,13667), (0,13187), (1,14694), (4,4874), (5,4850), (1,17775), (1,11632), (5,7927), (1,5492), (0,3991), (1,1916), (5,4358), (1,9091), (1,9604), (1,6534), (2,1385), (1,3976), (0,5544), (0,8616), (0,2473), (1,13706), (1,14219), (1,2956), (0,4011), (5,7442), (1,17807), (2,7538), (1,4501), (1,6549), (4,1338), (3,1373), (2,4476), (1,13213), (1,1952), (4,6980), (0,8128), (0,460), (2,1937), (3,1396), (2,7579), (0,8156), (0,8668), (1,4544), (1,2499), (1,1990), (1,2505), (1,18889), (2,1965), (5,6481), (1,17361), (1,7645), (2,4034), (1,16865), (5,6505), (3,426), (1,12273), (1,16881), (1,5622), (1,13302), (3,441), (1,7161), (1,13824), (1,3585), (1,10758), (0,10277), (0,2603), (0,6699), (2,3575), (2,2041), (1,6169), (1,14363), (1,8222)
estufero	(4,1628)
abrazarse	(2,5959)
nacieron	(5,6772), (5,7637), (1,14721), (1,17186), (1,259), (5,4379), (1,7304), (2,4956), (4,6879), (2,3247)
ubicacion	(3,1691), (3,2639)
toneladas	(0,3631), (0,9551), (0,3232), (0,3632), (0,3633), (0,9556), (0,5863), (0,9543), (0,9560), (0,5865), (0,12988)
duerman	(0,2319), (4,8675), (4,1242), (0,2392)
fiado	(1,10850), (1,2245), (1,11334), (1,2842), (5,2943), (4,2271), (1,18877)
ensenando	(2,3570), (5,3918)
mirais	(4,5795), (4,4484), (1,5538), (4,3542), (4,2695), (4,5977), (4,1130), (4,5818), (4,4284), (4,1821), (4,878), (4,3614)
cesante	(2,7417)
consuelos	(5,4895)
engrandecimiento31	(5,2463)
esquinas	(1,1147), (0,8237)
ylustre	(0,9044), (0,9070), (0,9102)
citar	(5,6940), (2,2782), (5,2930)
inmorales	(2,6509)
santiguarme	(1,17781)
citan	(5,6574), (5,6655), (4,113), (3,1649)
cobrir	(4,877)
tienes	(2,1921), (1,9888), (2,4230), (1,1702), (1,11942), (1,12839), (2,2954), (1,18217), (1,3115), (1,1326), (1,1454), (1,689), (1,820), (1,1334), (1,17082), (1,1083), (2,1820), (1,17852), (1,1086), (1,11838), (0,10846), (4,7011), (0,10851), (2,1318), (4,3436), (1,18250), (4,5744), (1,846), (2,5807), (4,7154), (2,5817), (2,4539), (4,7165), (1,995), (2,4682), (4,3735), (1,18676), (1,3575), (2,3292), (2,1888), (1,642), (1,770), (1,1929), (2,4847), (2,2547), (2,4467), (4,6837), (2,7927), (4,1978), (2,7928)
admitiese	(5,534)
mudanzas	(1,11659), (1,13454), (2,7408)
tienen	(3,2018), (3,2022), (3,1511), (1,3109), (1,17957), (3,2024), (0,6725), (1,6183), (0,9808), (3,2039), (1,10806), (3,2041), (4,3036), (4,3038), (4,3039), (1,6716), (4,2528), (4,3041), (3,513), (4,3045), (0,3689), (3,527), (4,3058), (0,5744), (4,1013), (4,3061), (1,1108), (0,1141), (0,4725), (0,3203), (1,1126), (4,3594), (3,554), (5,6130), (2,3156), (2,1622), (0,5268), (0,7828), (3,2107), (3,1084), (3,2109), (4,3616), (4,6177), (3,2113), (0,7838), (3,1090), (0,1695), (3,2114), (0,7840), (0,9378), (1,18053), (2,1639), (1,7815), (4,5675), (1,7816), (2,1642), (4,5676), (1,141), (4,6194), (1,18063), (3,1106), (4,5685), (0,2739), (3,1112), (2,4728), (1,7832), (0,9917), (4,5188), (0,6849), (0,194), (0,6851), (1,167), (3,2665), (3,1130), (0,1736), (0,4808), (0,4809), (0,4810), (3,622), (4,3663), (4,2129), (3,1648), (4,2131), (3,1650), (3,1145), (4,7262), (3,1153), (4,3171), (3,1160), (1,2246), (1,18630), (1,713), (1,9418), (0,1770), (1,208), (1,18640), (2,186), (1,8409), (4,5246), (3,679), (1,15077), (1,9449), (3,2223), (4,2195), (0,6416), (1,17142), (0,3350), (3,2748), (0,10009), (3,2749), (1,18685), (1,18686), (0,10015), (1,18689), (4,1701), (0,3873), (4,6309), (2,1765), (1,16132), (0,4390), (1,3849), (2,2798), (0,6448), (1,18705), (1,8982), (4,5317), (1,14117), (1,297), (2,2827), (3,1775), (4,6352), (3,1777), (1,2352), (1,17200), (5,1219), (4,6886), (0,6504), (3,1292), (4,6381), (0,7017), (5,6868), (0,4977), (0,4979), (1,16215), (3,1310), (3,1312), (4,6402), (4,5381), (1,1384), (0,5000), (3,1324), (3,1326), (2,848), (1,17775), (1,2929), (0,5010), (0,5012), (0,5013), (0,5014), (4,7962), (0,6550), (2,5466), (0,5018), (0,9114), (2,1897), (3,2890), (0,5031), (2,1898), (1,4490), (3,1357), (3,2895), (1,9616), (0,2992), (3,1367), (0,5044), (1,918), (3,862), (3,1888), (2,6015), (3,355), (3,1891), (1,13218), (3,1896), (3,1899), (4,2892), (3,1900), (3,1903), (0,5069), (3,370), (3,372), (1,12210), (0,468), (1,2998), (4,2908), (0,474), (3,1919), (4,2913), (1,16830), (4,5481), (1,9671), (4,5995), (3,395), (4,8045), (4,8046), (0,6634), (1,17868), (1,1998), (4,8049), (4,8050), (1,17871), (4,8052), (0,3057), (4,8055), (1,7125), (0,7158), (4,6015), (0,5631), (0,2564), (0,7687), (0,4618), (0,7690), (4,2964), (1,3569), (3,948), (3,950), (1,16374), (0,2583), (4,2974), (1,16386), (3,1990), (0,4645), (1,7687), (1,18951), (0,3623), (0,6695), (3,1995), (0,6696), (3,1996), (3,1998), (5,7568), (0,9259), (2,2031), (0,4653), (0,6701), (0,4655), (0,6703), (1,8211), (0,6708), (0,6709), (1,8217), (3,2012), (3,1501), (0,4666), (3,1505)
encastillarse	(2,4722)
suyos	(1,8994), (1,17061), (0,325), (1,2407), (2,3976), (1,8167), (1,8679), (5,812), (3,2672), (0,8016), (0,7954), (1,15859), (1,4212), (1,10807), (1,10872), (1,13754), (1,3070), (1,3648), (1,7232), (0,7775), (0,8031), (1,16001), (4,2725), (1,18050), (0,8808), (2,2221), (1,8717), (3,976), (1,2830), (0,4397), (5,342), (1,14290), (1,14742), (3,1882), (1,4378), (0,7097), (1,16474), (1,6492), (1,4125), (1,6301)
ampliando	(0,103)
embesados	(1,5000)
lexicografo	(5,7884)
huc	(4,8471)
diplomas	(2,1836)
cedros	(3,376), (3,1166)
duermas	(2,3073), (1,18675)
manifestaban	(2,5408)
bestia	(1,12161), (1,12257), (2,7683), (2,2231), (1,17911), (2,1866), (2,4330), (4,6348), (2,4300), (4,4801), (1,12159)
floresta	(4,1812)
perrica	(4,2411)
vizcaina	(1,15691), (1,15118)
tenialas	(2,4061)
saavedra	(0,12463), (1,67), (0,115), (1,148), (0,11828), (1,118), (0,13254), (0,13484), (1,14)
veneras	(2,355)
artifice	(1,18410)
imprenta	(1,33), (4,40), (5,42), (5,4842), (4,171), (5,6255), (1,18958), (5,4632), (5,6521), (3,56), (0,13685), (4,90), (2,57), (5,5182), (5,7582), (2,32)
parieron	(1,10232)
emitidos	(5,1346)
frenillo	(4,3748), (4,3404), (4,1808)
huy	(1,18544), (1,18499), (1,18506)
suciedad	(4,5820), (1,10793), (0,2393)
vizcaino	(4,4878), (3,670), (4,4863), (4,4865)
america	(3,2402), (5,5671), (5,8873), (5,5418), (3,2282), (5,8877), (5,5038), (5,7086), (5,6832), (5,7090), (5,52), (5,6708), (5,2485), (5,59), (3,634), (5,5319), (5,1608), (5,3656), (5,7496), (5,3020), (5,6861), (3,1164), (2,3116), (2,6450), (5,6490), (5,6884), (2,1730), (5,363), (5,6508), (5,6766), (5,112), (5,6256), (5,5362), (5,5874), (5,6514), (5,5491), (5,5750), (5,8311), (5,6008), (5,6908), (5,1149), (5,6653), (5,3454), (5,1), (5,6657), (5,6917), (3,580), (5,3463), (5,5641), (5,11), (5,4620), (5,4877), (5,6669), (5,3858), (5,6803), (5,6676), (5,6933), (5,22), (1,7826), (3,216), (2,3319), (5,7195), (5,8859), (3,91), (5,6815), (5,6306)
superficial	(5,2470)
diligencia	(4,5699), (0,5827), (0,9283), (0,3524), (0,4678), (1,9640), (1,16297), (0,5834), (1,4910), (0,720), (1,17846), (0,9179), (1,3136), (1,3138), (1,5058), (0,1507), (1,16580), (1,9414), (0,9317), (3,2314), (1,17356), (1,15567), (1,14417), (3,407), (1,3157), (1,6106), (0,9209), (1,7648), (0,8576), (0,8706), (0,8709), (0,5382), (0,2186), (0,1805), (3,2352), (1,13300), (0,4117), (1,6007), (0,9366), (4,283), (0,8089), (1,17276), (1,4477), (1,15614), (1,10625), (1,14722), (1,4868), (3,76), (1,17546), (1,18316), (0,8111), (0,9264), (1,10642), (1,14867), (0,2228), (0,9271), (0,9018), (1,16667), (1,17564), (1,17823)
damasquinada	(2,3534)
ateniendonos	(0,5650)
intricar	(1,15068)
candiles	(1,8237), (1,8239)
numision	(0,13030)
poetisa	(5,4449), (5,7186)
finibusterre	(1,10784), (1,4999)
acreditarlas	(3,225)
desmembraron	(5,3526)
esperaremos	(0,3937)
martillaban	(2,1396)
tienda	(1,3941), (1,18729), (2,5711), (1,3440), (1,3825), (2,1555), (2,4572), (1,3774), (2,4895), (1,3457), (1,3777), (1,3522), (1,3780), (1,18821), (1,4423), (1,3464), (1,18313), (1,8330), (1,3470), (1,3791), (1,2905), (1,3484), (2,1599), (1,8158), (2,320)
asuntos	(2,7393), (2,5602), (2,5318), (2,2408), (5,3693), (3,1520), (3,1233), (2,3953), (2,2098), (2,2482), (5,5910), (2,2486), (5,2586), (5,4250), (5,6525), (5,2367), (5,3743), (2,4413), (5,6657), (0,13373), (0,222)
esforzo	(1,6170)
fiada	(1,15930), (1,15949), (1,17006)
prado	(1,12160), (5,3930), (1,9718), (1,12168)
tiende	(5,7019)
travajo	(0,4096), (0,1525), (0,3637), (0,10613), (0,1894), (0,1896), (0,3256)
aconteceria	(5,3357)
espaciandome	(1,15878)
unidas	(5,5707), (5,3116), (5,5836), (5,8317), (3,2304)
mandando	(0,9391), (0,5636), (0,9319), (0,3385), (0,9177), (1,6493), (0,9517)
periodo	(5,2980), (5,6052), (5,357), (5,998), (5,7656), (5,2409), (5,7081), (5,5739), (5,5421), (5,4207), (5,112), (2,2445), (5,3314), (5,5362), (5,7283), (5,5238), (5,3575), (5,5880), (5,2042), (2,3097), (0,538), (0,219), (5,513), (5,1987), (5,5636), (5,7432), (5,1161), (5,1227), (0,871), (5,5132), (0,491), (0,108), (5,3987), (5,2004), (0,689), (5,5528), (5,6296), (5,5082), (5,1051), (5,2268), (0,185), (5,5982)
manumision	(5,1558), (5,1718)
jumento	(1,17914), (1,17804)
releia	(5,4420)
arrestar	(2,1176)
existencia	(2,1089), (5,357), (5,4140), (2,5641), (5,6700), (3,2220), (2,6795), (5,1266), (2,1552), (5,4019), (3,1203), (5,5942), (3,1974), (3,183), (5,7931), (3,2170), (2,5593), (5,3648), (3,1215), (5,7682), (3,193), (3,2177), (5,2629), (2,4067), (3,133), (3,1477), (5,2056), (5,1228), (3,1867), (3,2123), (5,2001), (3,1616), (5,7250), (5,2323), (5,3987), (5,6036), (5,3863), (5,5591), (5,7449), (5,4892), (3,2075), (3,2267), (5,3485), (3,2140), (5,5408), (5,5665), (3,545)
indujo	(2,1132)
caridad	(5,4966), (5,3625), (1,3175), (4,8586), (3,2666), (4,4491), (1,14123), (1,12466), (1,14645), (5,4922), (2,2138), (1,9017), (1,7547), (1,7552), (1,9093), (1,390), (4,6633), (1,18057), (4,6577), (1,17103), (1,1873), (5,5013), (3,1366), (1,1812), (4,6202), (1,8599), (5,4000)
celebra	(5,6272)
mastin	(1,16936)
necesitabanse	(5,3051)
celebre	(2,6722), (2,4421), (2,6662), (5,6953), (2,3208), (5,6316), (5,2351), (1,15213), (2,5206), (2,4375), (5,4795), (5,2813), (5,960), (5,5316), (2,5410), (0,13280), (2,2661), (5,3151), (2,7599), (3,978), (2,1713), (5,4375), (2,1141), (5,1817), (5,1631), (5,7009), (5,1250), (2,2047), (5,4450)
madrugar	(4,1825)
guisados	(1,15832), (1,15885)
celebro	(5,5446), (2,1926), (0,13012), (1,8054), (2,1786), (1,12217), (5,1374), (0,6537)
decentes	(2,734)
mirado	(1,13506), (1,16643), (1,16004), (1,16260), (4,329), (1,9832), (4,4590), (1,3853), (5,4338), (1,14190), (5,787), (1,4527), (4,1594), (3,1498), (1,2745), (1,12377), (4,2238), (5,3007), (4,6526), (0,4158)
reproducidas	(5,4434)
subrayados	(4,37), (2,29), (1,30)
voltadas	(4,8279)
vaqueria	(3,402), (3,911)
unidad	(5,166), (5,5735), (5,5783), (5,748), (5,2476), (5,5839), (2,1725), (5,7410), (5,3347)
triangulo	(0,8691), (0,9924), (0,9861), (0,10710)
fiaba	(1,11331), (1,3692)
guantes	(4,472), (4,2184), (4,746), (1,18359), (4,3707), (4,749), (1,18346), (1,18351)
mirada	(4,1253), (2,900), (5,6792), (2,1511), (2,7688), (2,3725), (1,15117), (5,5875), (2,7984), (4,595), (2,5905), (5,6133), (5,1495), (2,5269), (5,7513), (2,4890), (1,18361), (4,382), (2,1468), (2,3580)
dimision	(5,911), (5,5889)
abstracto	(5,2192)
irregulares	(2,3724), (2,1725)
lumbre	(1,14564), (1,18597), (0,4709), (1,9066), (1,8717), (4,8529), (0,2289), (0,2323), (4,7480), (4,8446), (4,8606), (1,1886), (1,6110), (1,10366)
negra	(1,16931), (1,16933), (1,16935), (0,13128), (1,18732), (2,6166), (1,10295), (4,8541), (1,17979), (0,11487), (1,17728), (5,1349), (4,2408), (1,10438), (1,16839), (1,15049), (1,10315), (4,880), (1,10317), (1,9934), (1,10449), (5,2908), (2,3516), (5,1634), (2,3519), (2,6083), (2,3527), (1,16487), (5,7533), (5,2414), (1,17005), (1,11246), (2,6104), (2,6105), (5,125), (2,1243), (1,10239), (1,17026), (1,13576), (4,3244), (1,10251), (5,1680), (1,17037), (2,2162), (5,3861), (1,17045), (1,17049), (1,16923), (1,16926)
requiriendoles	(0,8866)
ruan	(0,7292)
conocedor	(5,7829), (0,13482)
marzoaranjuezcontestacion	(0,3575)
ano57	(0,3579)
tirteo	(5,6980)
cerrados	(5,2777), (2,5929)
guazaqualco	(0,3679), (0,3696), (0,3665), (0,3252), (0,3701), (0,3687), (0,3691), (0,3678)
guay	(4,1094), (4,3403), (4,4530), (4,4468), (4,4822), (4,8089), (2,5277), (2,5278), (4,4289), (4,4833), (2,5279), (4,3618), (4,8610)
haviar	(0,4170)
vaqueros	(1,4618)
hogar	(4,3192), (4,5640), (5,4605), (5,4640)
buldero	(1,4679)
wwwgutenbergorgdonate	(5,9189), (3,3351), (3,3337), (1,19304), (1,19290), (2,8380), (2,8366), (0,14060), (5,9203), (0,14046)
havian	(0,10655), (0,10720), (0,9985), (0,10690), (0,10499), (0,10696), (0,10322), (0,9973), (0,5623), (0,10746), (0,10651), (0,10269), (0,9982)
empuno	(1,3552), (1,14025), (1,3546), (1,12236)
pagaras	(1,3582)
guan	(0,9942), (0,12663), (0,13465)
manifestacion	(3,247), (2,5135), (5,4627)
pagaran	(2,1212), (4,5630), (2,4670)
miraba	(2,3138), (1,9059), (1,4452), (5,4520), (2,1734), (1,2472), (4,3979), (1,1897), (1,15529), (1,9258), (2,2320), (4,661), (2,7635), (1,3956), (1,9144), (5,5058), (4,1188), (1,6657), (1,13512), (4,561), (1,15183), (1,10581), (1,10326), (2,5048), (1,4951), (1,9247), (1,10527)
recomendaban	(5,1985)
rescibiria	(0,8904)
alumbrandola	(1,9237)
inviar	(0,3279), (0,5343), (0,3250), (0,949), (0,2469), (0,3738), (0,973), (0,3245)
subrepticiamente	(5,1797)
votacion	(5,310), (5,2634), (5,5933)
buelva	(0,5687)
rompe	(1,16980), (4,6528), (1,495)
reunirlos	(5,4087)
fuertes	(3,1474), (2,546), (0,10208), (2,6692), (5,3470), (0,4141), (2,5327), (2,6640), (2,6449), (2,5234), (5,4949), (2,1460), (3,2967), (5,3674), (3,1305), (2,889), (0,473), (0,7545), (4,5570)
reconciliaron	(5,1320)
abrazarla	(1,8806)
agradescio	(0,7233), (0,8473)
abrazarle	(2,6180), (1,4458), (2,3742)
quebrar	(0,2376), (0,8824), (1,18684)
imperiosos	(2,6805), (5,3374)
santander	(4,112)
avisarselo	(1,14284)
mastel	(0,7869)
cobran	(1,7787)
destacamentos	(5,3467)
cobrar	(0,386), (1,4771), (1,9315), (0,8069), (1,14408), (0,1384), (1,13261), (1,7250), (0,6162), (1,4918), (1,15958), (1,17561), (0,1500), (1,11230), (2,2816)
encias	(4,8543)
tratabase	(5,397), (5,3758), (5,4529)
condumios	(1,18197)
dimos	(0,10564), (0,10437), (0,10565), (0,10630), (0,10185), (0,10634), (0,10444), (0,6862), (0,9425), (0,13521), (0,1043), (0,10195), (0,10518), (0,10199), (0,10649), (0,9435), (0,9636), (0,10533), (0,10661), (0,10535), (0,10219), (1,17100), (4,2418), (0,10227), (0,9780), (0,10420), (0,10422), (0,10486)
adivinando	(1,12513), (5,4131)
rancherias	(0,10107)
cobrad	(1,14770)
incontentable	(3,196)
cuelgan	(2,1598)
azumbre	(1,9796), (0,2262), (1,5418), (1,17421), (0,365)
negro	(1,16928), (2,259), (1,16932), (0,10566), (5,3244), (1,9515), (1,9775), (1,10295), (1,10041), (1,6460), (1,9788), (1,9795), (1,16707), (1,9542), (1,9803), (3,2322), (3,2323), (1,10578), (1,10327), (1,9818), (2,1596), (5,1503), (1,10587), (1,9821), (5,1508), (1,9827), (3,1062), (3,1063), (1,9830), (1,9831), (2,6474), (5,1521), (1,17005), (1,9845), (1,9590), (1,2940), (1,9853), (1,9859), (1,9860), (1,17028), (5,4873), (1,9865), (1,9869), (1,9871), (1,18577), (2,2675), (5,3094), (1,9879), (1,9884), (3,1119), (0,8384), (1,14497), (3,2405), (1,12712), (1,9897), (2,3723), (1,9904), (1,9910), (1,18358), (1,10170), (1,9915), (1,9661), (1,9668), (1,10438), (1,10694), (0,7910), (1,6856), (1,9928), (0,7913), (4,878), (1,9675), (1,9677), (1,9934), (1,9679), (2,4020), (1,9685), (1,9945), (1,9690), (1,7646), (1,10718), (1,9957), (4,3979), (1,9706), (4,3470), (1,9968), (1,10736), (2,6100), (1,9715), (5,8830), (1,6651), (5,1156), (1,9734), (1,9231), (1,1555), (1,10005), (1,9751), (1,10008), (1,16927)
havido	(0,1319), (0,1833), (0,1820)
reiterando	(3,131), (5,7692)
dispenseme	(2,1003)
talillo	(4,4772)
buelta	(0,5760), (0,5762), (0,741), (0,679), (0,5703), (0,13449), (0,3089), (0,5777), (0,3122), (0,3123), (0,3508), (0,565), (0,3509), (0,566), (0,5784), (0,732), (0,3100), (0,5692), (0,733), (0,797), (0,3518)
restituirmele	(1,6343)
eruditos	(2,769), (5,6132), (5,3913), (5,7641), (5,5661), (5,7693)
fosos	(3,1899), (4,7581), (3,1646), (3,144)
corregia	(5,2735)
puntiagudas	(5,3159)
adoraros	(1,12121), (1,14060)
desenganase	(0,8477)
defendere	(2,6931)
profeso	(1,2951), (2,3824), (1,13455)
reconvenir	(3,2622)
adoraron	(0,8730), (2,6656)
verdadfernando	(0,9089)
aguadora	(1,12238)
contravenga	(0,3199), (0,3092), (0,4614)
anacoreta	(5,4607), (5,321), (2,2560)
encarnizados	(5,927)
corregir	(0,4405), (5,6254), (2,6383)
admiraba	(1,16368), (1,8085), (3,1371), (1,6075), (1,8763), (1,11099), (5,4113), (1,7789)
avenrey	(4,2580)
sobraban	(1,9442)
goloso	(1,15831), (2,3820), (1,8943)
profeta	(1,4326), (5,4131)
tecnicismo	(2,1571)
muileu	(3,1793)
9amador	(5,7784)
festinat	(5,4697)
doliente	(4,3267), (1,13891), (5,7194), (1,14695)
enmendais	(4,4371)
disguste	(2,5740)
precipitadamente	(5,1018), (5,5342)
disgusto	(2,5316), (1,325), (5,825), (2,2502), (2,1223), (0,646), (2,459), (2,7341), (2,1614), (5,498)
abri	(4,6291), (4,7334), (4,1928), (4,7672), (1,4023), (2,1024)
ruda	(4,7219), (5,7721), (2,5321), (5,718), (5,1137), (4,3312), (5,3267)
sospirando	(4,6401)
abre	(4,7683), (2,7618), (1,11908), (4,4237), (4,3057), (2,7185), (4,7764), (2,7187), (4,3672), (2,87), (1,470), (4,5049), (4,7673), (4,7675)
defendera	(1,3552), (4,8491), (0,5547)
rudo	(5,7272), (5,1490), (5,2818), (5,4146)
desgrenada	(1,5492), (1,17733)
abra	(4,2627), (4,2755), (0,1776), (1,5634), (0,9122), (4,7319), (3,2263), (4,2747), (3,251), (1,5630), (0,1774)
suyas	(4,3877), (1,2406), (0,1096), (1,15690), (1,2315), (1,2831), (1,2512), (1,369), (1,5715), (4,7254), (1,2356), (1,2900), (0,1304), (1,1849), (1,9598)
debas	(1,16511)
admirado	(1,9957), (1,18213), (1,1769), (1,18921), (1,15563), (1,2383), (1,9839), (5,2005), (1,17713), (1,18738), (1,12563), (1,13017), (1,17369)
encargais	(4,7826)
devueltos	(5,545)
establecian	(5,1708), (5,1523)
volvedla	(1,14200)
poyas	(3,2217)
naciesen	(4,8336)
admirada	(1,6928), (1,9027), (1,6869), (1,9077), (1,4767), (1,10559)
entretenerlos	(1,15750)
ian	(4,1106)
obtuviese	(5,380), (5,737)
tafetanes	(0,8212)
elecciones	(5,100), (5,1205), (5,2437), (5,1879), (5,1321), (5,1761), (5,2273), (5,3026)
diversos	(2,2114), (2,3724), (1,16684), (1,18092), (5,246), (1,9397), (2,2391), (2,5408), (1,576), (5,197), (2,5602), (5,519), (1,1731), (5,3207), (2,5158), (2,680), (2,2408), (2,2417), (2,3953), (2,2034), (5,5719), (2,2618), (5,5726), (0,510), (1,11231)
deban	(0,4624), (1,13881), (3,2448), (0,1278)
informantes	(5,2945)
repartiendolas	(0,4454)
invito	(2,2813)
veteranos	(5,392)
pintole	(1,10469), (1,7679)
monotono	(5,6394)
hombrazo	(1,4772), (2,2975)
valor	(1,6176), (2,7426), (1,6182), (1,6698), (1,2347), (3,1262), (5,5299), (0,4946), (2,6676), (0,4950), (0,4951), (1,6712), (2,5146), (1,11577), (1,3649), (1,7748), (5,2250), (1,14415), (1,13907), (1,6740), (5,7384), (2,314), (1,18265), (0,4729), (5,4832), (0,13691), (0,4732), (3,1570), (5,5860), (5,4331), (5,6641), (5,6130), (0,144), (1,13938), (0,1942), (5,6652), (0,5018), (1,14971), (0,5021), (1,18561), (1,648), (0,8104), (0,12970), (5,784), (1,4494), (0,4782), (5,5908), (1,7830), (0,8117), (1,411), (3,1886), (0,13244), (5,2594), (0,5309), (0,5054), (1,4514), (0,5057), (5,3119), (1,6829), (5,6706), (5,6963), (0,8143), (1,10672), (0,8145), (0,8147), (5,5691), (1,4538), (1,15036), (2,6561), (5,2890), (0,7148), (1,14542), (0,5102), (5,7763), (0,4850), (0,5107), (1,7380), (3,1433), (5,1629), (1,13533), (1,3039), (5,869), (5,5225), (1,10469), (5,6507), (0,7432), (2,204), (1,6891), (1,13035), (1,12524), (0,5141), (5,636), (5,1148), (5,5246), (1,3067), (5,6271), (1,4093), (1,6399), (1,1793), (0,4640), (1,15621), (5,906), (0,810), (5,1935), (5,7568), (1,10509), (0,8238), (0,4655), (5,2198), (0,13365), (0,4665)
iba	(5,2982), (0,7234), (1,6950), (1,9255), (5,428), (1,2601), (2,6157), (4,7632), (1,1839), (0,6481), (4,730), (1,1850), (5,1474), (1,16706), (1,16453), (0,7525), (1,7498), (1,12875), (1,5710), (4,7922), (1,5712), (1,8273), (1,2646), (1,10326), (0,8054), (1,15449), (5,6627), (1,16479), (0,384), (1,2401), (1,15459), (0,10886), (2,6473), (1,8296), (1,3945), (5,7917), (1,9579), (1,15723), (1,15981), (0,6797), (1,15982), (3,2609), (1,17263), (5,6389), (1,3954), (2,7253), (1,17524), (1,3702), (2,5719), (1,13434), (5,4095), (2,2399), (1,8577), (1,13701), (5,3083), (1,4231), (0,6057), (1,9356), (1,11662), (4,7474), (1,12431), (4,8755), (0,6835), (1,9621), (1,12437), (1,18069), (0,6837), (2,2680), (2,3192), (0,6074), (1,16540), (0,6844), (2,389), (1,8612), (1,2469), (5,6697), (0,7629), (2,6032), (5,3637), (1,9651), (1,10419), (1,9396), (5,1082), (1,1974), (1,9399), (5,1084), (1,1979), (1,6589), (1,6079), (2,1697), (1,17348), (1,7624), (1,9673), (1,11465), (4,4973), (1,10960), (1,9425), (1,12499), (0,7417), (1,15066), (5,3423), (0,7933), (0,6145), (1,10978), (2,1733), (1,12772), (1,13285), (1,11499), (5,5232), (1,18671), (2,4306), (0,6160), (0,6418), (1,6132), (1,1782), (1,13815), (4,8860), (1,17401), (4,7581), (1,12282), (1,7931), (1,13819), (1,9212), (2,1759), (0,6943), (5,2441), (1,16647), (4,939), (3,970), (2,2537), (5,2959), (0,7469), (1,8974), (1,15630), (1,2063), (5,6036), (1,15632), (5,6293), (1,15892), (1,16405), (1,8726), (2,1018), (1,12569)
irresoluble	(5,7290)
pintosela	(1,10855)
recogidas	(0,12930), (1,9624), (0,362)
aplicadas	(5,6170), (5,7675)
valon	(1,5769)
canavarios	(4,6748)
guiadores	(1,16794)
velaron	(0,8979)
empresas	(5,603), (1,5944), (3,109), (0,12971), (3,129), (5,243)
rufo	(2,178), (1,5769)
volviendose	(1,12609), (1,6339), (1,6755), (1,772), (1,14468), (1,15556), (1,4197), (1,8233), (2,3307), (1,3212), (1,14482), (2,3322), (1,989), (0,6652), (1,11070)
bulletin	(5,8064), (5,6529)
reprehendio	(0,8277), (0,9006)
ruiz	(3,915), (0,396), (0,12460), (0,2173)
supremos	(5,7466)
ica	(3,240)
pagaria	(1,2129), (0,7234), (4,2391), (1,12917), (0,7112), (0,7224), (0,7817), (0,7052), (0,8140)
condescender	(1,7939), (1,4231), (1,15962), (1,14092)
suntuosidad	(1,4801)
rompera	(1,10357)
asnico	(4,8868), (4,8165), (4,8873), (4,8138), (4,8075)
enunciado	(3,2489), (3,1856)
alhambra	(5,6566), (5,6863)
consuelan	(1,1191)
rompere	(1,11607)
ruin	(2,1506), (1,18257), (4,5670), (2,6132), (0,9299), (0,10101), (1,15878), (0,790), (4,6351), (0,3052), (1,8207)
jesuchristo	(0,11582)
poco	(1,2084), (2,2056), (1,3115), (1,16432), (1,14387), (0,8276), (3,1020), (4,6109), (2,3103), (4,3046), (4,7143), (1,10308), (1,14404), (0,7272), (0,8296), (1,7250), (1,13394), (1,16466), (2,3127), (4,4093), (1,18526), (2,3136), (5,2021), (4,7174), (2,7237), (0,10371), (1,18532), (5,1007), (5,7152), (1,1140), (2,6235), (2,1121), (1,11392), (1,2177), (1,2179), (1,13444), (1,4230), (4,4145), (1,2191), (4,6197), (0,8373), (4,6203), (0,8376), (1,14495), (1,2211), (1,9379), (5,1064), (5,3115), (1,10410), (4,3155), (5,1077), (1,4274), (1,14516), (1,10422), (2,1176), (5,7233), (0,6365), (1,15550), (1,17599), (1,16580), (4,105), (3,1161), (0,6374), (1,13516), (1,2253), (0,6382), (0,6384), (0,10481), (1,12499), (2,4280), (1,1241), (4,6268), (5,2142), (1,3293), (0,6399), (3,1188), (5,1128), (4,4231), (4,4233), (4,4236), (1,10474), (1,13546), (1,11499), (1,13547), (1,4336), (0,272), (1,3313), (0,10513), (2,3287), (1,3324), (0,3355), (5,6272), (4,5283), (4,3237), (4,5285), (2,2276), (2,2280), (5,7312), (0,10541), (1,3344), (2,4341), (1,7446), (0,10549), (1,10519), (1,4376), (0,2360), (1,9498), (1,18714), (0,10556), (0,5443), (5,7340), (4,5327), (1,5420), (0,332), (1,1325), (2,6415), (1,303), (4,7378), (1,18738), (0,342), (0,7512), (5,2238), (5,6335), (0,7514), (1,17723), (2,286), (1,4415), (1,13636), (3,1290), (2,5419), (0,6506), (1,14667), (5,6354), (5,211), (2,306), (1,7505), (0,11633), (4,8438), (1,6485), (4,7420), (5,4318), (1,4442), (1,4443), (0,8571), (2,3395), (4,5382), (5,4330), (5,235), (0,8582), (1,1384), (4,7436), (1,1390), (0,10638), (3,1330), (0,10642), (2,344), (0,10646), (1,18808), (1,4473), (0,11677), (5,4357), (1,17793), (2,358), (4,8490), (1,3464), (1,13707), (1,16780), (4,8498), (1,5522), (5,7446), (1,8595), (0,443), (1,13725), (1,14751), (2,388), (2,4484), (5,6442), (1,17831), (2,2442), (5,7470), (4,2382), (1,4523), (5,4400), (5,5424), (4,2384), (1,10671), (5,5430), (1,9655), (0,7639), (2,410), (1,1466), (4,350), (0,6618), (2,414), (1,8637), (5,2370), (1,13761), (5,326), (2,7587), (2,3492), (1,16835), (4,5482), (5,7501), (0,4586), (1,16843), (1,18892), (1,18894), (5,4435), (0,8686), (0,10735), (1,9682), (1,14805), (1,5591), (4,8572), (3,413), (0,7677), (0,510), (5,4451), (1,12768), (1,2531), (1,13800), (1,10734), (0,6672), (5,2423), (5,6519), (2,7639), (3,1465), (1,1528), (0,4631), (0,3613), (5,2436), (0,4642), (1,14852), (2,4582), (2,6630), (1,10757), (0,3628), (5,6546), (4,4530), (2,6640), (3,467), (1,7697), (2,1523), (0,10801), (2,504), (1,10778), (4,7615), (1,17949), (4,7617), (4,3524), (2,2563), (0,3653), (1,6695), (0,3660), (5,7604), (1,8752), (0,5714), (2,6678), (1,8762), (5,3520), (2,4646), (0,10853), (4,7658), (1,15949), (1,4686), (1,13904), (0,11889), (0,5747), (1,8789), (0,10869), (0,11898), (5,7653), (1,13924), (5,2537), (0,8836), (4,7692), (4,4625), (5,2549), (2,5715), (0,7825), (2,1620), (1,17016), (4,3616), (1,13961), (1,9866), (4,2606), (4,4662), (1,9875), (1,2708), (1,13972), (1,14997), (1,9878), (2,2680), (1,17047), (1,1688), (1,3736), (1,7833), (0,2745), (1,9882), (3,1635), (5,6697), (4,1609), (1,11944), (0,8904), (4,5712), (0,13005), (1,8880), (5,5685), (0,7888), (2,2708), (2,3735), (1,4792), (1,18105), (1,17084), (2,672), (4,1637), (5,3654), (5,7753), (1,14022), (1,18119), (1,9932), (0,750), (3,2705), (5,3669), (3,662), (1,13014), (4,7802), (1,6876), (1,16092), (3,671), (1,9950), (5,2666), (4,5769), (2,2760), (1,744), (1,18154), (1,16109), (2,4828), (0,796), (0,798), (5,4740), (4,2727), (5,4747), (1,6923), (3,718), (1,3854), (1,11029), (1,16149), (1,3863), (1,15129), (0,9022), (1,15139), (5,5800), (1,1829), (1,15144), (1,810), (1,1835), (1,1839), (1,14128), (0,6992), (1,1845), (1,823), (4,2778), (5,2748), (4,6884), (2,808), (0,1897), (0,8048), (1,14161), (5,2774), (1,18259), (0,10101), (1,18265), (5,734), (1,11099), (5,1763), (1,14175), (5,2788), (1,4961), (1,1890), (1,869), (5,745), (5,746), (3,811), (5,7917), (1,14186), (0,3979), (1,3951), (1,3953), (1,6003), (1,9080), (0,3994), (4,6946), (0,7070), (1,16255), (4,6949), (1,10118), (5,4875), (4,2860), (1,3977), (1,13193), (0,2985), (1,7052), (1,10134), (1,11158), (2,4988), (0,3003), (1,10140), (1,13216), (1,12196), (1,18341), (1,11181), (1,10167), (1,10171), (2,2973), (5,835), (1,17344), (0,6112), (2,7081), (1,9167), (1,18390), (1,6104), (0,6137), (1,4060), (1,5084), (1,3039), (5,2921), (2,968), (5,7022), (2,1997), (3,944), (0,8206), (1,5106), (5,1912), (2,6104), (5,7038), (2,4060), (1,5116), (1,14332), (4,5024), (2,991), (4,1953), (4,5025), (1,6145), (1,15361), (1,6146), (1,10244), (5,7049), (1,8201), (1,3082), (1,9226), (1,14346), (1,12299), (5,1940), (3,980), (1,3093), (5,6042), (1,18454), (1,16407), (1,1050), (1,8219), (4,5055)
cotejo	(3,182), (0,809), (0,13610)
tenemela	(4,5559)
vacias	(1,16359)
vaciar	(4,3788)
guio	(1,4826), (1,14493)
obedeceran	(0,4545), (0,10758), (0,1688), (0,4553)
ida	(0,13632), (4,7238), (0,5316), (0,4681), (1,13744), (0,3858), (1,14966), (4,3675), (0,665), (3,573), (0,4830), (0,672), (0,7456), (0,7907), (0,4839), (0,5418), (1,17742), (0,878), (0,4594), (1,5843), (0,7413), (1,15003), (5,673), (0,4156), (1,5469)
inicua	(2,6710), (5,242)
poca	(4,5699), (3,1253), (4,4938), (0,4939), (2,1295), (0,9934), (0,9167), (3,246), (0,2771), (0,9939), (3,2552), (2,3869), (4,7905), (1,13504), (1,8771), (1,8774), (1,7367), (1,6089), (4,3312), (1,4687), (1,5842), (3,407), (1,13397), (0,6262), (1,5848), (0,10104), (0,8969), (2,6480), (1,15856), (0,10640), (4,7831), (1,8950), (1,14711), (3,1466), (1,1017), (2,5210), (3,572), (1,4220), (0,7073), (4,7846), (1,2952), (3,1612), (1,13962), (1,12939), (0,10925), (0,13101), (0,7470), (3,466), (0,8496), (1,3730), (1,6034), (1,13586), (1,3475), (1,14739), (0,6069), (1,13594), (4,318), (2,2044), (3,734), (1,1948), (0,6971), (1,3102)
potencias	(5,4473), (1,11193), (1,18686)
sofia	(1,16950), (1,16951)
atenuacion	(5,7920)
pezuela	(5,3684), (5,2422), (5,2408), (5,8577), (5,8579)
valgate	(4,7249)
valio	(1,3138), (3,2713), (4,8622), (3,1518), (4,8623)
festines	(1,7681)
imaginate	(2,1871)
agudos	(1,18643), (1,708), (0,7542), (1,16391), (4,8543)
contravenir	(0,5584), (0,5648), (1,1811)
convendra	(3,2674), (2,5410), (3,2340), (2,5701), (0,13626), (3,2447), (3,2849)
contrariedad	(2,3510), (2,4120), (2,1019), (5,3777), (2,3887), (0,7357)
ido	(1,6754), (2,711), (5,4269), (5,5357), (1,7979), (4,3535), (1,13292), (1,8047), (1,2864), (0,6671), (1,4978), (5,1660), (1,15930), (4,2270), (0,10651), (4,2592), (5,130), (5,3651), (1,3841), (2,5666), (1,7169), (1,14017), (1,14018), (5,3207), (1,16067), (0,3299), (5,2377), (0,6948), (1,13131), (1,4876), (0,7467), (1,4941), (3,2256), (1,6032), (1,11280), (0,816), (5,2458), (4,8697), (1,11287), (2,4410), (1,8858), (1,16411), (0,9979), (5,5729), (1,12125), (1,13341), (5,5858)
inicuo	(2,2226), (5,530)
guia	(3,962), (1,5312), (0,7909), (1,5479), (1,11016), (2,1582), (3,785), (3,1555), (3,1748), (1,5012), (1,5141), (2,2041), (5,7741), (1,5210), (1,5306), (1,5086), (1,5214)
adorarte	(1,4110)
secuela	(5,4819)
sorpresa	(5,4167), (2,997), (2,2326), (2,2678), (0,645), (0,13477), (5,7468), (2,3307), (2,3740), (5,2768), (5,7824), (5,7377)
guie	(1,11382)
requerimiento	(0,2720), (0,2498), (0,2978), (0,2531), (0,2981), (0,2534), (0,2666), (0,8560), (0,2769), (0,2706), (0,2964), (0,2743), (0,2807), (0,2554), (0,2779), (0,2716), (0,2782)
carril	(2,6702)
lagartos	(0,481)
trabandoles	(1,5142)
tratabala	(1,3857)
profusamente	(5,2156), (5,813)
insurreccion	(5,2772), (2,6468), (5,1304), (5,4137), (5,5099), (5,4684), (5,5133), (5,3470), (5,5025), (5,5202), (5,4579)
comentar	(5,3372)
valme	(1,9989), (1,18750)
gulf	(5,2436)
poet	(1,8095)
deponiendo	(0,834)
recrudecida	(5,4220)
enjugado	(2,5569)
vacian	(2,4116)
enunciada	(3,3000)
irregularidades	(5,776)
brecianas	(4,3017)
sintieron	(0,8591), (1,11170), (1,14855), (5,1132), (1,9960), (0,6490), (0,6013), (2,4208), (1,18479)
entristeciese	(1,6793)
revelandole	(5,4265), (2,1710)
imaginara	(1,16339)
enxugar	(4,8067), (4,2351)
volviendoos	(0,5328)
relevo	(5,2425)
pertrechado	(5,7747)
theologo	(0,5860)
zapatero	(1,16871), (2,7693)
profesa	(3,2666)
borriquito	(2,130)
valle	(5,8741), (3,356), (3,359), (3,1127), (3,233), (0,12743), (0,265), (1,938), (0,972), (3,240), (0,13006), (4,211), (4,152), (4,221), (5,6080), (3,319), (3,1087), (5,5057), (0,5725), (0,3427), (0,3430), (3,1099), (1,17609), (1,14221), (3,1105), (1,2255), (4,243), (0,1263), (1,14169), (3,1117), (3,350)
comunicando	(5,757)
cresciendo	(3,806)
estrellarse	(2,8039), (5,251)
adquiridos	(5,298), (2,7070), (5,3091)
apearonse	(1,12580)
disfrutarlas	(5,2588)
estrellaron	(5,2613)
inicio	(5,698)
traspies	(1,15724)
tomines	(0,11776), (0,8198), (0,11782), (0,11735), (0,11784), (0,11737), (0,11738), (0,11739), (0,11755), (0,11771), (0,11757), (0,11758)
poetico	(5,4404), (5,6271), (5,6384), (2,6751), (2,4128)
sigilo	(3,1218), (3,1523), (3,1494), (3,1437), (3,1919)
defuncion	(5,5241), (5,5219)
canonizado	(1,8565)
pagarlo	(0,7380), (1,11065)
vacios	(1,1728), (0,13376), (0,13302), (1,12155), (4,3536)
occidental	(5,6601), (0,12100), (5,621), (0,9534)
pusele	(1,10633)
encomendar	(4,5780), (3,2677), (0,4053)
pagarle	(1,3734), (1,17912), (1,3611)
demorar	(4,579)
cibo	(4,658)
podrido	(0,13377), (1,2439), (2,2284)
fiase	(0,10579), (1,10920)
ostracismo	(5,5381), (5,5388), (5,5149), (5,5344)
preceptiva	(0,631)
puselo	(4,2351), (1,16207)
fiate	(2,4525)
pronunciaban	(2,4518)
noviembrepuerto	(0,5801)
enmendara	(4,8625)
primaleon5	(4,225)
supongo	(2,5698), (3,1412), (2,564), (2,1417), (2,3068)
puseme	(1,17735)
poetica	(5,3941), (5,4438), (1,18450), (5,1128), (5,2233), (2,7033), (5,6093), (5,7358), (1,18139), (5,6355)
crucero	(5,618)
suponga	(2,1187)
mercedes	(1,6946), (4,5584), (4,5588), (1,18484), (4,7256), (1,7221), (1,8117), (1,11063), (1,6201), (1,8124), (1,8125), (0,1502), (1,6722), (1,14147), (1,15046), (1,6727), (0,1515), (4,3698), (1,10063), (1,10067), (1,5078), (1,6360), (1,5849), (4,3325), (1,6747), (1,10075), (4,1026), (1,2531), (4,3725), (4,7313), (1,7278), (1,4977), (1,10611), (1,4468), (1,18164), (4,3864), (4,7323), (4,3487), (1,765), (0,2081), (1,6019), (1,7812), (1,5125), (1,15366), (0,2476), (1,17423), (1,18192), (0,2482), (1,4762), (4,7614), (1,15388), (4,7616), (1,18206), (4,7618)
complazer	(0,5769)
reflejo	(5,102), (2,2949)
aptos	(4,6143)
zopencos	(2,6363)
fausto	(5,8197), (4,7463), (1,18532), (1,18326), (5,4371)
iii	(0,11776), (5,8521), (0,11941), (5,7150), (4,463), (3,2705), (0,11758), (5,1012), (0,13231), (2,599), (5,5242), (5,4923), (5,413), (5,3901), (2,6042), (5,7325), (5,5249), (0,13020), (5,4579)
ponella	(4,6469), (1,8739), (0,8541)
intervenido	(0,688), (2,6804), (2,3098)
cuartillos	(0,365)
ponelle	(4,3512), (4,2154), (4,3311), (4,8689)
cerradas	(0,7315), (1,9588), (3,1367), (2,6006), (1,18453), (1,18135), (1,9880), (5,768), (1,3502)
discontinue	(1,19153), (2,8229), (4,9080), (5,9052), (0,13898), (3,3200)
valgame	(2,2725)
sauceda	(1,17225)
estrechisima	(1,10837)
acogotando	(2,6395)
alcanzallo	(0,7000), (0,6558)
encargare	(0,1658)
japones	(0,4959), (0,4960), (0,12688)
encarecidas	(1,9024)
economistas	(2,7038)
fiara	(4,1032), (1,10262), (1,11341)
quemarlo	(2,1216)
empinada	(5,2003)
vacila	(2,195)
arriesga	(4,7261)
suponer	(0,12929), (5,7624), (0,12885), (5,2704), (5,2387)
acometieren	(0,4982)
cica	(1,5324)
romancera	(1,559)
faxadores	(4,3493), (4,3536)
atrono	(2,5002), (2,6284)
encargase	(2,5539), (5,210)
pagaros	(4,1160)
eraso	(0,12243), (0,3593), (0,3132)
tiempo	(0,5184), (0,1091), (1,4132), (1,14372), (5,6058), (2,4104), (3,2027), (1,4137), (5,947), (5,4023), (3,1017), (3,1019), (2,4123), (0,10331), (4,3043), (4,6116), (5,1990), (0,8289), (2,4132), (0,100), (1,1097), (1,6217), (5,5070), (0,5225), (4,4079), (0,7275), (1,14414), (1,7249), (1,4179), (2,6198), (2,3127), (1,16472), (4,5116), (5,5085), (5,6109), (0,1145), (4,4098), (2,6208), (1,8287), (5,2024), (1,9318), (1,4199), (5,1008), (1,17518), (2,3153), (1,4208), (1,5232), (5,1018), (5,5114), (1,2168), (2,3161), (2,3173), (1,13444), (0,1191), (1,3211), (5,4114), (5,6163), (1,17551), (1,17553), (0,2225), (5,1047), (1,2196), (0,5299), (1,11416), (3,92), (5,5153), (1,16541), (4,5186), (5,1064), (4,3144), (0,5316), (3,1132), (1,9388), (1,18608), (2,1170), (0,3280), (1,16562), (1,18610), (0,13528), (1,14521), (1,3258), (1,12474), (1,18618), (2,1181), (1,3260), (2,158), (2,3238), (4,105), (5,5194), (5,4172), (5,5199), (0,9452), (2,2225), (4,1142), (0,7410), (5,7257), (5,2139), (1,12503), (4,1147), (5,4191), (5,4195), (2,193), (1,7392), (0,4352), (4,136), (1,15592), (5,3181), (1,11497), (5,5231), (0,3340), (2,5326), (2,207), (1,3310), (0,3343), (0,2321), (0,1299), (3,2230), (0,2326), (4,8347), (0,4377), (0,1306), (1,3323), (3,2238), (4,8355), (5,133), (1,2317), (4,8368), (1,9485), (1,10509), (4,8374), (1,16660), (4,4281), (1,12566), (2,5373), (5,1191), (1,15652), (1,14629), (2,1288), (1,18731), (0,5451), (4,6353), (2,6415), (0,2393), (1,13631), (5,5317), (5,1224), (5,1225), (5,2251), (1,18761), (1,13643), (0,10603), (2,303), (0,1389), (5,1237), (0,8561), (2,1332), (0,5491), (5,7384), (1,15700), (1,5461), (1,15702), (0,5494), (1,6487), (0,3448), (1,9561), (2,3388), (1,3419), (2,2366), (4,5376), (2,7488), (1,8543), (1,2402), (2,1348), (5,5351), (5,6378), (5,235), (1,15722), (1,3438), (4,6419), (2,3412), (1,11638), (1,18806), (4,282), (5,3323), (5,2302), (5,255), (4,286), (4,290), (0,2462), (4,291), (2,5473), (4,293), (1,4482), (0,3490), (2,2407), (1,3464), (1,13704), (0,3497), (5,7442), (2,2416), (0,431), (4,8499), (4,4404), (5,5397), (0,3505), (5,281), (5,3354), (2,7543), (5,5406), (2,4476), (0,8634), (2,4478), (4,2371), (0,5567), (4,2372), (0,3520), (4,2379), (0,6599), (3,363), (0,3528), (5,6445), (1,16810), (5,5430), (0,7633), (4,2391), (2,3477), (0,7636), (5,2362), (2,7579), (3,2429), (2,3485), (1,12733), (1,4545), (1,17857), (0,8675), (1,13766), (1,15816), (1,17864), (1,2505), (1,2509), (3,2447), (1,10701), (5,1369), (4,6520), (4,1402), (4,1403), (5,5469), (3,412), (0,2556), (1,4575), (0,4606), (2,2497), (3,2466), (0,4610), (3,2477), (1,7661), (2,1488), (2,4561), (1,16880), (1,13811), (1,15861), (5,6522), (2,7639), (1,3576), (4,5531), (4,7579), (1,13817), (0,7705), (4,3488), (4,5539), (5,4485), (3,1478), (5,393), (4,5547), (0,8743), (0,10793), (5,2447), (4,8624), (1,15891), (4,439), (4,440), (2,3575), (0,567), (5,7580), (1,2589), (0,2620), (2,7680), (4,5572), (2,7684), (2,5637), (1,16932), (2,1543), (4,5580), (0,4681), (2,524), (3,2541), (5,433), (0,2636), (0,5709), (0,8781), (0,3667), (4,5594), (1,13880), (1,7737), (1,10812), (0,3677), (0,618), (1,17999), (1,13904), (2,6706), (5,5592), (1,4693), (2,5686), (3,1560), (1,8790), (2,6713), (5,2525), (4,6653), (5,2527), (5,3551), (1,10843), (3,2593), (1,4707), (1,13924), (3,2605), (1,2668), (5,501), (1,1653), (1,7797), (1,10869), (1,3703), (0,6807), (5,1533), (2,3675), (1,10874), (0,7834), (5,3589), (3,581), (1,13959), (4,7723), (5,525), (4,6700), (1,17033), (3,1613), (0,8875), (5,2578), (1,3728), (0,8879), (4,5684), (1,13970), (1,13972), (5,3611), (5,5660), (1,1692), (1,1695), (2,6785), (4,8771), (1,7841), (0,7873), (1,8866), (3,1640), (1,7851), (1,2736), (1,9905), (1,7858), (3,2678), (1,6836), (4,601), (1,1719), (2,5788), (5,578), (5,6722), (1,3776), (0,4831), (1,4802), (0,8929), (5,2636), (4,4719), (1,1741), (1,2766), (4,626), (5,3669), (1,1746), (2,3771), (2,2755), (1,16102), (0,774), (5,6763), (0,3847), (5,5740), (0,6920), (4,653), (4,5776), (5,4721), (0,9997), (1,6900), (1,2805), (1,6902), (4,667), (5,1660), (1,6905), (1,7929), (2,3804), (3,1726), (0,5915), (0,10012), (0,13086), (1,8961), (4,5797), (1,7938), (1,9987), (1,2820), (1,6916), (4,680), (0,5925), (0,2854), (3,718), (1,6924), (4,3766), (0,5940), (5,4762), (4,7867), (3,732), (0,827), (1,8988), (5,4770), (0,2878), (1,12067), (1,4902), (5,7857), (1,9005), (0,3919), (5,5816), (1,16180), (1,1845), (1,14133), (3,2808), (4,7897), (1,10039), (0,3928), (1,16185), (0,3929), (5,2752), (0,3931), (0,3932), (1,9022), (1,12099), (5,5833), (0,8036), (3,780), (5,1744), (2,2864), (5,6875), (1,7000), (1,9049), (1,5983), (1,9055), (0,8067), (3,808), (4,4874), (0,3974), (1,18279), (5,3820), (4,4876), (1,14186), (1,8043), (4,3855), (0,3979), (1,18284), (1,13173), (4,4889), (0,3991), (4,7963), (0,921), (0,3993), (0,3994), (3,1854), (0,6044), (0,6046), (3,834), (0,6047), (0,4000), (4,5924), (2,7011), (0,4002), (4,1834), (1,10121), (4,1837), (5,6927), (5,2832), (0,946), (1,12179), (3,1878), (1,14230), (3,1882), (0,3003), (5,2852), (0,6079), (1,12196), (0,3012), (4,1865), (4,8009), (4,5965), (1,18348), (5,5938), (4,5970), (5,3892), (4,5975), (1,14263), (1,16318), (1,7105), (5,1862), (5,3910), (1,16323), (1,3012), (1,5060), (1,7108), (4,5992), (0,997), (1,14281), (3,908), (4,1902), (2,1965), (5,5970), (5,2900), (0,7164), (5,1891), (3,934), (1,14310), (4,1937), (1,6130), (1,7160), (0,4122), (0,7195), (1,13309), (0,9248), (5,3978), (1,1033), (3,1997), (1,1037), (2,1006), (5,915), (5,1939), (3,981), (4,6070), (0,3124), (5,6042), (2,5114), (1,1051), (1,8220), (3,2016)
vacilo	(2,3921), (2,3526), (5,2380), (2,3518), (5,1587)
letura	(1,16219)
romancero	(1,629)
villancicos	(1,18521), (1,283)
pagaron	(0,9972), (1,15131), (1,3599)
pagandome	(1,11580)
taimados	(2,7083)
bloqueado	(5,5698)
hospedaran	(1,18332)
polk	(5,1325), (5,2495), (5,8593)
habilitar	(3,2460)
guro	(1,5187)
asentadas	(0,11712), (0,12049)
capital4	(5,409)
cien	(1,17056), (0,10305), (0,3906), (2,2566), (3,620), (0,9801), (1,684), (1,5552), (2,5653), (2,5526), (2,1047), (5,2496), (0,10715), (4,7651), (0,9567), (4,868), (4,6375), (1,17221), (5,6602), (1,1099), (0,3307), (1,17104), (1,5970), (4,630), (0,10739), (1,1109), (4,3192), (4,3449), (1,2646), (1,983), (0,10358), (0,6649), (1,18783), (1,4322), (0,644), (4,5640), (5,6123), (0,9608), (4,6678), (0,10770), (4,6167), (5,2171), (0,1176), (1,5754), (1,2173), (4,1188), (0,431), (5,2070), (2,1396), (0,1331), (1,12188), (4,5184)
diversas	(1,2528), (2,3394), (4,8838), (1,295), (5,1454), (3,1773), (1,942), (5,4978), (4,8403), (5,1526), (2,5139), (1,17332), (4,5849), (1,9528), (1,17337), (1,7675), (1,16252), (1,4414), (1,10430), (5,5383), (1,15876), (1,7879), (5,3724), (5,6287), (0,8298), (5,6288), (5,6673), (5,1874), (5,535), (1,7699), (4,6007), (5,3931), (4,7293), (2,1598), (2,4926), (5,4771), (1,9375)
empinaba	(4,8256)
bondadosamente	(2,1847)
apretara	(1,1992)
comprimir	(5,4857)
verifica	(1,4496), (1,6804), (0,13100)
aburridos	(3,1755)
platicaron	(4,6857), (4,8826)
procuravos	(4,2315)
lustre	(2,3850), (2,269)
podrian	(1,8896), (0,7330), (0,7331), (5,649), (0,8324), (0,8773), (1,3466), (0,6601), (5,4817), (0,5360), (4,5816), (0,7348), (0,3989), (0,982), (0,7416), (0,5434), (1,1820), (3,575), (0,4732)
vendiendo	(4,1605), (4,1176), (1,7269), (1,15861), (0,7686), (4,2059), (4,1007)
podrias	(1,8818), (4,6988)
nido	(4,536), (5,223), (1,1740)
verifico	(3,1928), (5,1307), (5,2671)
deshonestas	(1,17730), (1,17486)
pagandolo	(0,10757), (4,8142)
biscocho	(3,861)
valgala	(4,3464)
descascarados	(2,1558)
gritaban	(1,12264), (1,16523), (1,12269)
quemaron	(0,6672), (0,9988), (0,8715)
roma2	(5,198)
tayde	(0,8154), (0,8141)
unidos	(5,7342), (3,1774), (5,2354), (5,7219), (5,1205), (5,3637), (5,2617), (5,7225), (5,444), (2,5276), (5,5702), (5,3658), (5,1611), (5,3148), (5,1102), (5,1747), (5,1876), (5,6740), (5,85), (5,2517), (5,7253), (5,2519), (5,5848), (5,7256), (5,5721), (5,3419), (5,3547), (5,2268), (5,93), (5,2529), (5,1507), (5,1892), (5,3301), (5,2534), (5,103), (5,2152), (5,4456), (5,3563), (5,1132), (5,8812), (5,111), (5,7793), (5,4466), (5,5107), (5,2420), (5,2553), (5,2171), (5,1916), (5,3453), (5,1537), (5,3460), (5,5892), (5,645), (5,137), (5,4490), (5,2317), (5,2701), (5,7181), (5,8845), (5,2575), (5,5906), (5,2581), (5,1180), (5,4508), (5,2974)
rute	(1,15760)
pone	(1,1379), (1,12453), (4,7502), (1,11824), (4,6422), (1,8119), (1,6392), (4,4574), (5,1538), (4,7331), (1,17664), (2,4450), (1,5189), (2,7271), (0,299), (4,4465), (5,5971), (2,6706), (3,468), (5,6232), (2,3769), (1,1305), (2,2362), (2,6588), (1,10780), (1,1630), (4,4290)
conspiraba	(2,420), (2,1093), (5,1785), (2,3175), (2,7407)
ruta	(3,2491), (5,5293)
alxaqueca	(4,636), (4,957)
granadina	(4,4179)
loable	(1,18117), (1,15693)
imp	(4,7956), (0,11824), (4,7925), (0,11812), (0,9337), (0,13177), (4,7966), (0,11834), (0,9342)
perdiesen	(0,8265), (0,6173)
transigir	(2,344)
estrategicos	(5,1478)
oscureciendo	(5,4159)
agradecimiento	(2,5604), (1,16259), (2,1047), (1,7670), (2,6218), (1,14842), (1,2651), (3,270), (1,12463)
testimonioruy	(0,3022)
mandamos	(0,3103), (0,1441), (0,11307), (0,1262), (0,1391), (0,1423), (0,1043), (0,1267), (0,1044), (0,1048), (0,5465), (0,1338), (0,1370), (0,1341), (0,3069)
aplicados	(5,7724), (5,882)
ind	(0,9343), (0,11840), (0,11936), (0,12961), (0,13057), (0,11940), (0,13037), (0,12078), (0,12083), (0,9337), (0,11833), (0,2427), (0,11931), (0,13053)
oponen	(3,2047)
esplendorosa	(5,5585)
oponer	(3,1940)
leguas4	(0,414)
reprehender	(0,3290), (0,3294)
acad	(0,13033)
navegante	(0,95), (0,13299), (0,13699), (0,586), (0,13357), (0,13614)
establecido	(5,277), (5,158), (3,1948), (2,6796), (5,3744), (2,2208)
ruso	(2,6569), (5,5714)
vagando	(2,5677)
mamaba	(1,14662)
suficientemente	(1,4583), (5,2285), (5,5378)
fevrier	(5,4972)
permitireis	(0,5088), (0,5345), (0,5219), (0,5157), (0,4487), (0,5162), (0,5100), (0,5149), (0,5181)
sicilia	(1,3217), (1,3015), (1,4585), (1,7804), (1,3357)
sobrevinieren	(0,2689)
polo	(0,3939), (0,3398), (0,3415), (0,3898), (3,464)
anfibologia	(0,12949)
suponia	(5,1343), (5,3168)
alojamientos	(1,8945), (0,5235), (1,7734), (0,5240), (3,2607)
cadaveres	(3,1268), (3,1278), (2,2285)
esplendoroso	(5,5743)
establecida	(3,562), (5,1288), (5,4824), (3,2840), (5,605), (5,3714), (3,2801)
cabales	(1,10921), (1,3850)
negar	(5,1572), (2,7042), (1,13157), (1,17607), (1,6187), (5,6899), (1,11567), (1,2032), (1,12048), (1,13936), (3,1523), (1,13457), (1,13937), (1,4565), (1,984), (5,189), (1,18910)
blandear	(2,6806)
carros	(0,3700), (1,426), (1,427)
iod	(2,2070)
