acceda	(3,2368)
cuadradas	(5,1803)
jinoves	(1,2121)
bonica	(4,4745), (1,11351), (4,3468)
colonizadas	(5,1615)
1547relacion	(0,2408)
conviccionessin	(5,6877)
mananas	(1,16356), (2,6030), (1,4830)
manrrique	(0,2082)
cambia	(4,5747)
olor	(0,6687), (4,4629), (2,3700), (1,17108), (4,3068), (4,6926)
cambie	(4,2266)
ayudadores	(1,9647)
enbiandose	(0,9322)
instinto	(2,7993), (5,989), (2,1755), (2,6955), (2,4220), (2,3645), (5,3264)
bonico	(4,4228), (4,1819)
amados	(4,5683), (2,4025), (5,4493)
invitandolos	(5,2771)
amador	(5,7972), (5,7909), (5,7782), (5,6153), (5,7753), (5,7849), (0,9060), (5,7882), (4,557), (0,12174), (5,7700), (5,7924), (5,7862), (4,599), (5,7770), (1,695), (1,16952), (4,8511), (5,7746), (1,13118), (5,7715)
pasto	(4,6757), (3,294), (5,1560), (4,808), (3,1034), (1,10394), (4,1838)
semel	(4,5385), (4,5387)
pedunculo	(2,260)
adquiriendola	(5,2581)
quejas	(1,17075), (1,17123), (1,14824), (1,16489), (1,7723), (1,8779)
quejar	(1,16080), (1,18136), (1,18238)
bramidos	(2,5894)
voyme	(4,5345)
refunfuno	(2,4362)
aviarme	(0,5843)
durante	(0,9536), (0,577), (2,7684), (0,12102), (5,429), (5,6061), (2,4108), (5,5295), (0,1357), (5,7091), (5,694), (2,1556), (5,3513), (5,4025), (2,3097), (0,13399), (2,3098), (0,11609), (0,603), (0,12128), (5,5834), (2,1065), (2,2866), (2,1845), (5,5593), (5,6619), (5,3552), (5,5345), (5,2274), (2,4930), (5,238), (5,5103), (2,7757), (2,3152), (5,2805), (5,2041), (5,4090), (2,1881), (2,3161), (5,7932), (5,7428), (5,1029), (5,6150), (2,4196), (2,3174), (5,3337), (2,1128), (5,4877), (5,4624), (2,3953), (5,5142), (5,4120), (5,3361), (5,1317), (5,5672), (2,5000), (5,2349), (2,6028), (0,13008), (5,4663), (5,5688), (5,2876), (5,577), (5,1090), (5,5442), (5,4935), (5,845), (0,491), (5,3921), (5,7506), (5,4181), (5,4443), (5,7004), (5,95), (5,2146), (5,356), (2,2756), (0,13570), (5,2408), (5,5740), (5,112), (0,267), (2,6096), (5,3701), (2,7122), (2,1747), (5,3194), (5,6778), (0,538), (5,4480), (5,1665), (5,2689), (5,387), (5,6019), (5,7812), (5,901), (5,1158), (2,6118), (2,488), (5,3213), (5,2446), (5,4239), (5,4751), (5,1425), (0,817), (5,3222), (5,1180), (5,5533), (0,2878)
excursiones	(5,1303)
pasta	(4,7884)
gordas	(4,5891)
sinfonia	(2,325)
incesante	(5,1382), (5,2824), (5,5161), (5,5258), (5,7356), (5,4463), (5,7345)
fijeza	(3,2612), (5,5595), (2,3342)
ensoberbecer	(2,2338)
noches	(2,3073), (1,11553), (2,3075), (4,5893), (4,5190), (2,7364), (1,16931), (2,3014), (1,9707), (1,15533), (1,10805), (2,2839), (1,11320), (2,5082), (2,6170), (1,10489), (1,16571), (2,3294), (5,4609), (1,13502), (3,1735), (1,15175), (1,9612), (1,9804), (2,2990), (1,9997), (5,6614), (4,1783), (1,13012), (1,15253), (1,16405), (1,3351), (4,7738), (1,17816), (3,1307), (4,7743), (0,10235), (0,8700), (1,15389), (1,15198)
perjuro	(0,5541)
lisonjas	(2,3163)
boberias	(2,2738), (2,2786)
hereditarios	(5,5780)
feuerbach	(5,4732), (5,8209)
xxxviiicomo	(4,8763)
amadis	(4,213), (4,208)
aludir	(5,1273), (5,4153)
bateles	(0,6847), (0,10687), (0,10689), (0,6982), (0,6473), (0,7498), (0,8650), (0,6736), (0,10320), (0,8658), (0,7251), (0,8663), (0,6617), (0,7257), (0,6618), (0,8667), (0,9819), (0,10716), (0,10718), (0,6624), (0,8672), (0,7271), (0,10088), (0,7145), (0,7018), (0,6508), (0,7151), (0,7155), (0,10234), (0,7165), (0,6654), (0,7166), (0,8966), (0,8584), (0,8588), (0,6159), (0,8594), (0,6165), (0,6933), (0,4887), (0,7067), (0,7324), (0,6173), (0,7070), (0,4895), (0,6175), (0,4898), (0,7074), (0,4900), (0,6948), (0,6950), (0,10406), (0,4263), (0,6953), (0,10417), (0,4919), (0,8638)
number	(2,8353), (4,9189), (5,9162), (1,19302), (0,14058), (3,3310), (5,9201), (1,19277), (2,8339), (0,14033), (3,3349), (4,9238), (5,9176), (2,8378), (3,3324), (4,9213), (0,14010), (1,19263)
eligen	(2,2780)
frascon	(1,7748)
escalienta	(4,5647)
property	(4,9107), (1,19024), (2,8258), (2,8100), (5,9081), (5,8923), (0,13926), (4,8955), (0,13768), (3,3229), (3,3071), (1,19182)
porvenir	(5,6056), (5,1577), (2,5003), (5,7407), (5,7414), (5,248), (2,3478), (5,7291), (2,3227), (5,2752), (5,2242), (5,1349), (5,7111), (5,2632), (5,1741), (5,1295), (5,592), (5,145), (5,5265), (4,626), (2,4657), (5,3927), (5,281), (5,4505), (5,2204), (4,7931), (5,1183), (5,5471), (5,4131)
pugneis	(1,9312)
hemos	(2,514), (0,4032), (1,16546), (3,613), (2,6277), (1,11044), (2,520), (4,1996), (1,12586), (1,18730), (1,5036), (5,5297), (1,17838), (3,625), (1,17841), (0,3922), (1,17849), (2,4891), (1,5690), (2,4892), (1,17854), (5,7747), (2,5666), (3,264), (2,7335), (0,13543), (5,590), (2,6316), (1,5200), (4,249), (1,9174), (1,16727), (3,667), (4,256), (4,1664), (2,1854), (4,257), (1,5855), (4,1411), (1,5984), (4,8324), (1,4707), (4,6407), (1,16996), (4,2056), (2,4424), (2,6731), (1,10219), (4,8463), (0,3980), (1,878), (2,4175), (0,5901), (2,1872), (1,5232), (0,5904), (2,6741), (2,4184), (0,9239), (2,4186), (3,2748), (2,4571), (4,2207), (2,7008), (2,1761), (2,2785), (2,4321), (4,7331), (0,3107), (0,9381), (2,1900), (1,15499), (1,17808), (4,180), (1,4115), (1,16659), (2,5109), (2,3830), (4,1851), (0,954)
incredulos	(3,843)
cuzco	(3,2181), (3,2177)
interpretando	(2,2119)
navios66	(0,5665)
divagar	(2,5600)
tranquilizarle	(2,1701)
siguiente	(1,12576), (1,10020), (0,5956), (0,7748), (0,1098), (5,945), (0,5709), (0,13391), (0,6480), (0,13394), (0,7509), (0,6742), (0,6231), (1,314), (0,13145), (0,6235), (0,8540), (4,225), (1,10816), (2,2082), (0,11106), (5,2504), (5,6344), (2,5159), (0,5992), (5,4558), (0,6251), (0,6508), (0,13676), (0,1389), (0,6253), (0,622), (1,8275), (1,13399), (0,2169), (0,8830), (0,13443), (1,17258), (0,4243), (0,13469), (1,10112), (1,5767), (1,17543), (0,6056), (3,1361), (0,6066), (5,4120), (1,407), (5,7709), (0,6841), (0,700), (0,10943), (1,7846), (0,8133), (0,13001), (5,5935), (2,397), (0,6859), (0,10955), (0,10958), (0,6351), (0,10961), (0,10964), (0,10967), (0,10970), (0,10974), (0,9441), (0,10977), (1,18380), (0,9200), (0,10995), (0,10998), (5,3421), (0,8441), (0,11001), (0,13305), (2,444), (0,6907), (0,11004), (5,3683), (5,7524), (0,11007), (0,11010), (5,3945), (5,4457), (0,6404), (0,8965), (0,11013), (0,9224), (0,11016), (0,8714), (0,11018), (0,5906), (5,888), (0,11027), (0,9236), (0,8981), (0,1558), (5,2684), (0,13592), (0,3609), (5,3710), (0,8989), (3,1730), (0,2079), (2,5089), (3,1733), (0,12066), (0,10019), (0,11043), (0,11046), (0,8487), (0,11049), (5,1681), (0,11054), (0,5679), (2,6642), (0,11059), (4,185), (0,11062), (1,18456), (5,7582), (0,7481), (0,12090), (0,11067), (0,11069), (3,1761), (2,4864)
cobraba	(4,6000)
entraren	(0,1883), (0,4571), (0,3980)
virgilio	(5,8759), (5,6315), (5,6321)
enriquez	(0,12241), (0,5946), (0,5947)
cobertor	(1,17134)
desterraron	(2,2792)
ardorosos	(5,3364)
cediesen	(5,1385)
enriques	(3,1670), (3,1661)
aludia	(5,1609)
documentalmente	(0,749)
virgilia	(4,4948), (4,4966), (4,4958)
partian	(2,3598)
comedidas	(1,5290)
prendereis	(0,2335)
travajos	(0,13446)
inquiriendo	(0,8745), (1,17197)
miradas	(4,5540), (2,3732), (4,6278), (5,2490), (2,7771), (2,5869)
atane	(5,6652)
ladrones	(1,17251), (1,1828), (1,5031), (0,9030), (0,6281), (2,4751), (0,3982), (1,4977), (0,851), (1,4980), (1,17268), (1,2424), (0,6295), (0,9943), (0,12695), (0,6296), (0,13464), (0,3868), (0,6750), (0,3871), (0,6304), (1,2434), (1,260), (3,1222), (1,261), (4,7465), (1,17288), (0,6313), (4,3632), (0,10540), (0,3885), (0,6318), (0,6446), (4,7540), (1,1813), (1,17302), (1,8983), (0,13562), (0,3964), (1,5021), (1,17309), (1,2014), (0,3965), (1,9439)
estrego	(4,1598)
gesto	(0,6191), (5,4581), (5,5511), (2,7332), (2,5878), (4,8540), (2,459), (1,5642), (2,5917)
fracasado	(0,686)
arremanga	(1,5584)
enterraron	(1,1764)
propendio	(5,4845)
gesta	(5,6151), (5,8248), (5,6121)
entraria	(3,532), (1,14547), (0,7947), (4,7970)
desempenando	(2,5043), (2,966), (2,5180)
callarme	(2,5356), (2,5359)
partido	(5,1444), (1,2848), (5,1190), (5,2984), (4,7111), (5,1193), (5,6057), (5,2987), (5,685), (5,1459), (5,1720), (5,1210), (5,2490), (5,1212), (5,1214), (5,2238), (5,2753), (5,3274), (5,1227), (5,1229), (5,3277), (2,1069), (4,7920), (5,3028), (4,7926), (5,3037), (1,13913), (5,478), (2,5436), (2,5437), (5,1761), (2,5438), (5,3042), (2,6719), (2,5440), (4,1027), (2,5441), (2,5442), (2,5446), (5,1002), (5,3055), (5,1264), (5,1778), (5,3318), (5,1527), (1,7283), (2,4950), (2,1367), (2,5465), (5,3069), (5,3330), (5,3078), (2,4964), (1,13699), (1,3206), (5,1037), (5,3090), (5,2067), (5,277), (5,1045), (0,6322), (5,5912), (5,2075), (5,5916), (5,286), (2,5501), (1,12189), (5,2338), (5,3106), (2,5504), (1,11935), (5,292), (5,5156), (3,867), (5,1576), (5,2344), (2,5509), (2,6790), (5,2092), (5,2095), (4,2899), (5,1592), (5,2363), (4,603), (2,6554), (4,2141), (5,2112), (5,1345), (5,2627), (5,3141), (0,10464), (5,1862), (4,361), (5,1357), (5,2382), (1,14029), (5,1362), (2,6832), (5,1108), (5,1364), (5,597), (5,2645), (0,8176), (5,1366), (5,1883), (5,3420), (5,1374), (5,3166), (5,97), (1,3294), (4,4738), (5,612), (5,2405), (5,1897), (5,3434), (5,2667), (1,18919), (2,6345), (5,2157), (2,4042), (5,2416), (1,3056), (5,1397), (5,2677), (5,377), (4,8857), (5,8826), (5,1921), (5,2433), (5,1928), (5,2184), (5,1417), (5,1677), (5,3213), (5,654), (5,1937), (5,3218), (5,2452), (2,6641), (5,1173), (1,7956), (1,10776), (5,669), (5,1182), (5,2208)
destructora	(5,117), (5,3041)
fugitivos	(5,1048), (5,1114), (5,337), (2,6271)
callarlo	(3,1916)
apuraderos	(1,13944)
dadole	(4,333)
tantos	(1,17441), (1,16675), (0,7498), (1,12076), (1,12858), (5,3521), (1,15422), (5,1478), (0,8801), (1,7753), (1,14156), (1,4943), (0,9840), (1,5971), (5,6360), (1,597), (5,5593), (1,17238), (1,600), (4,5884), (4,5376), (5,482), (0,3967), (2,6724), (4,3591), (4,8455), (1,17764), (5,2537), (2,7242), (1,3949), (1,16749), (5,3321), (3,827), (1,5755), (1,15750), (1,12682), (0,13481), (3,847), (4,6197), (4,2103), (4,8248), (1,6550), (1,8344), (4,828), (1,15001), (1,2458), (4,2111), (1,7068), (0,4030), (1,3744), (1,5536), (1,11424), (4,2376), (2,7047), (1,18093), (3,880), (3,626), (1,7602), (5,1086), (1,9153), (1,12225), (0,6369), (1,9155), (1,6341), (5,3147), (1,7373), (1,4815), (4,2165), (4,6008), (1,3030), (4,1402), (4,4218), (0,5880), (0,762), (5,4703), (1,17373), (1,18653), (1,17374), (4,6540), (3,2740), (5,6778), (1,4088), (1,4089), (5,5502), (1,3323), (5,6527), (0,2590), (0,800), (4,8101), (5,2954), (1,523), (5,4495), (1,9997), (3,721), (1,7953), (1,14100), (4,8376), (1,17941), (1,7702), (1,4887), (3,734), (1,9501)
requeridole	(1,11507)
resto	(4,5763), (1,12198), (2,2317), (5,497), (2,5716), (0,212), (4,5272), (4,5273), (5,7547), (5,3132), (4,5275), (4,5279), (2,5533), (4,2273), (4,5283), (4,6307), (5,901), (0,13476), (5,6925), (4,5294), (4,1583), (4,4657), (1,7376), (3,2196), (4,5557), (4,4662), (5,1628), (0,13175), (4,2748), (1,12187), (2,1982), (4,5760), (1,12189), (1,12190), (4,5762)
desmoronarse	(5,7302), (5,1818)
esterilizada	(5,4671)
hornos	(3,2116), (3,2309), (3,1862), (3,2763), (3,2126), (3,1935)
partida	(1,7584), (1,13922), (1,5924), (1,6055), (1,4202), (1,1067), (5,7535), (1,14956), (2,1167), (1,5935), (1,2866), (0,6609), (4,470), (5,2936), (5,7416), (5,5241), (1,3703), (0,4630), (1,10874), (1,14142), (1,10944), (3,1732), (2,4643), (2,4644), (1,15043), (0,8355), (0,1893), (0,5861), (1,7494), (1,6408), (0,9771), (0,9772), (5,5522), (0,3505), (4,6774), (5,4121), (1,15702), (1,4185), (5,4062), (0,7290), (1,7324), (5,1634), (5,5218), (1,13278)
atezado	(0,10566)
genovesas	(1,7761)
mentiroso	(1,17394), (1,1338), (1,1311)
callarle	(3,2032)
cristo	(1,7729), (4,54), (2,5668), (3,633), (4,6203), (1,18632), (1,11017), (4,6173)
chinos	(0,7440), (2,5485), (0,7659), (0,7660), (0,7662)
conosci	(0,11558), (0,11560), (0,11562), (0,3003)
resta	(1,11267), (1,12532), (2,1191), (0,3253), (1,12698), (0,3355), (3,2447)
belludo	(0,8619)
cobrado	(2,7830), (1,3223), (1,152), (1,17913), (0,11786), (1,17900)
conosce	(4,2276), (0,8245)
utroque	(1,18433)
empetatados	(0,6705)
defectos	(5,2052), (2,4178), (1,16851), (5,1001), (2,5495), (4,5195), (5,5341), (1,16473), (2,4173), (5,4401)
organismo	(5,2906), (5,384)
xxviii	(4,4005), (0,12833), (0,12210), (0,12549), (0,12503), (2,7946), (0,9325), (0,12510), (0,12622)
cubiertos	(1,17728), (3,148), (0,10515), (1,3222), (5,3469), (4,8526), (1,8683)
recibiese	(2,6663), (4,8478)
derrotero115	(0,10830)
derrumbaderos	(2,4160)
aluden	(5,6262)
cuclillas	(1,17751), (1,16778)
ingenio	(4,4995), (1,17504), (1,2274), (4,8198), (1,3748), (4,5832), (1,7653), (5,7663), (1,7915), (1,9323), (1,4718), (1,10671), (4,659), (1,2228), (1,11639), (1,17335), (4,283), (2,2905), (5,7741), (4,5791), (1,7676), (4,5344), (1,9981), (4,7138), (1,6399), (1,193), (1,130), (1,8642), (1,16194), (1,708), (1,197), (1,8069), (1,8970), (1,17356), (1,6029), (1,7694), (1,5200), (4,564), (4,3380), (4,374), (1,18644), (2,4086), (4,7096), (1,1496), (1,2265), (1,158), (1,7647)
innoble	(2,5204)
eligio	(1,18118), (5,3132)
durase	(1,6087), (4,3131), (1,8747), (5,3536), (1,9022)
olmedilla	(3,2403)
pagartelo	(1,2233)
seguidores	(5,1388), (5,2476), (5,4332), (5,3037)
dlxv	(0,9218)
ceynos	(0,12229)
propender	(3,2822)
angustiosa	(5,2306)
justisimas	(1,15255)
sacramento	(5,5220), (1,9191)
silvio	(4,3338)
trashierro	(0,10170)
durmieronse	(1,11948)
pablos	(1,16527)
estobiese	(0,8815), (0,8021)
acomodo	(1,9861), (5,7278), (1,15130), (1,17388)
hablarnos	(1,4089)
acomode	(1,1061), (1,2123), (1,16142)
sosieguese	(1,18754)
acuerdas	(2,819)
bosquecillo	(1,13326)
hipotesis	(2,885), (5,7416), (2,2618)
acomoda	(2,3169), (1,11711)
acuerdan	(1,8948), (5,5072)
alopiado	(1,10167)
innegable	(5,7161), (5,7612)
entrarme	(1,18044)
contar	(1,7458), (4,7623), (1,18088), (2,7564), (1,18094), (1,3761), (1,17457), (4,4565), (5,6712), (1,10933), (1,15677), (1,16318), (4,5219), (1,3521), (1,17858), (0,6370), (5,7240), (1,6091), (1,10955), (4,752), (4,5235), (1,14931), (1,9044), (0,372), (2,7478), (4,4985), (5,6618), (1,6998), (1,17240), (1,10713), (1,16473), (1,16477), (1,13534), (4,1154), (4,8326), (1,9324), (5,4210), (2,6353), (2,7249), (2,2519), (2,6999), (1,16119), (5,1405), (1,16380), (1,7558), (4,436), (0,10034), (5,7448), (1,13719), (1,14490), (1,3355)
traeran	(4,5652), (4,5655), (4,5674)
universal	(0,9183), (5,4616), (4,7207), (5,4363), (5,1710), (1,9324), (0,5836), (5,786), (1,465), (2,4147), (3,597), (5,4761), (5,1146), (5,1371), (5,1885), (2,3868), (4,4990), (0,4093), (1,16670), (1,7487)
atajo	(1,3394), (0,8707)
durara	(1,2872), (1,16301)
minuto	(2,1203), (2,2932), (2,4134), (5,7546), (5,382), (2,7276), (2,1199)
vendras	(2,4838), (1,8760)
mazagua	(0,10335), (0,7232), (0,450), (0,7235), (0,7684), (0,7241), (0,10313), (0,10314), (0,10316), (0,7213), (0,13549), (0,10318), (0,7248), (0,7250), (0,8181), (0,7222), (0,12727), (0,7225), (0,10330), (0,9404)
minuta	(5,1604), (4,4661)
varonilmente	(5,2600)
conferida	(3,2994)
vendran	(2,5440)
democratas	(5,3223), (5,2953), (5,2977), (5,3027), (5,3347)
sevisimos	(4,8452)
espuela	(2,5192), (1,1566)
gloriadeste	(0,5887)
texillo	(4,505)
genoveses	(1,8365)
guiaban	(3,784), (1,1519)
durare	(1,9072), (1,1233), (0,1300)
rebelo	(2,109)
mundanas	(4,2899), (2,1877)
maliciosa	(1,17843), (2,1468), (4,8367)
toledanas	(4,3013)
diferenciar	(1,14693)
aplausos	(5,916), (5,1397), (5,1288), (5,2456), (5,3083), (2,5241), (2,5497), (2,5261), (5,7312), (5,4386), (5,5538)
diferencias	(5,3460), (0,978), (2,6949), (0,725), (5,1530), (5,4314), (0,3016), (1,3563), (0,910)
facilitare	(1,12477)
lencero	(4,980)
negose	(5,2395)
diferencian	(3,287)
encajada	(5,4205), (1,5100)
dirian	(5,4887), (4,1612), (4,7711)
portando	(2,5552)
ornamentos	(1,16388)
propagacion	(5,2420)
mundanal	(1,18661)
pasar	(1,544), (5,6052), (0,1344), (1,4131), (1,8483), (1,13347), (0,1859), (4,3527), (2,2054), (1,14632), (1,13354), (1,9773), (0,3664), (3,2043), (0,3928), (1,17721), (5,1470), (3,1024), (3,2052), (0,9826), (1,13380), (3,778), (1,2124), (0,7275), (1,8272), (4,1272), (5,6874), (2,3899), (2,3902), (2,4418), (1,1122), (1,4707), (0,13446), (4,2316), (4,7948), (3,2350), (0,6283), (0,2957), (1,18287), (2,338), (0,3731), (0,9881), (2,7519), (1,6527), (0,10144), (1,2183), (3,842), (1,4235), (0,13485), (1,5782), (1,6551), (1,14745), (3,1372), (4,8766), (4,5439), (1,17309), (5,4130), (3,866), (5,2343), (4,4678), (4,4679), (1,6566), (0,1222), (0,10182), (0,4039), (0,7880), (0,4041), (1,5802), (4,4690), (0,9938), (3,2678), (1,2229), (0,10196), (2,1175), (1,6582), (0,10202), (1,16829), (1,18886), (1,8393), (3,2959), (1,6862), (0,8941), (5,2643), (5,4691), (1,3796), (5,864), (4,384), (2,192), (1,6623), (1,16609), (2,4035), (1,9443), (2,5829), (0,6916), (5,619), (2,1226), (1,8937), (1,13808), (1,13811), (2,2775), (1,11510), (2,7128), (1,11769), (0,3355), (1,13308), (2,5086), (5,1411), (4,8355), (1,4355), (0,13093), (1,14343), (1,3592), (4,5292), (1,17680), (3,2003), (1,13585), (0,10289), (1,17171), (0,10291), (0,5684), (4,8377), (0,10549), (0,10550), (2,761), (1,4632), (0,10295), (0,10551), (1,8986), (3,2781), (4,704), (3,1760), (1,4638), (1,10271)
pasas	(4,4820), (4,7527), (1,16199), (1,18025), (1,18029)
angostos	(0,9917)
desplomasen	(5,4926)
predicacion	(5,2877), (0,9500)
henir	(4,3042)
malicioso	(4,1702), (4,4166), (1,17767)
pasan	(1,16352), (1,11553), (4,4677), (4,5968), (1,17581), (3,1458), (3,1331), (4,6420), (3,950), (1,8949), (1,13302), (4,2522), (0,1368), (1,14652), (4,7969), (4,296), (1,4677), (4,3377), (1,15890), (0,2995), (4,8823), (4,1977), (0,2997), (4,6650), (2,7483), (4,8447), (1,17693)
serviran	(1,18617), (0,9498)
pasad	(1,5948)
alzarlos	(0,8887)
parecese	(0,10153)
suplicastes	(0,1209), (0,1258), (0,1118)
sucumbe	(5,5755)
aprendidas	(5,2025), (5,3963)
esclavitud	(5,292), (5,1573), (5,1959), (5,300), (5,812), (5,2221), (5,1198), (5,1967), (5,2991), (5,1713), (5,818), (5,693), (5,1847), (5,2104), (5,3000), (5,953), (5,1468), (5,1469), (5,1983), (5,832), (5,4672), (5,1602), (5,963), (5,1349), (5,1733), (5,583), (3,2693), (5,713), (5,1993), (5,2377), (5,331), (5,3020), (5,335), (5,593), (5,1106), (5,3794), (5,4819), (5,84), (5,473), (5,1370), (5,988), (5,605), (5,2399), (5,994), (5,3170), (5,1381), (5,998), (5,4455), (5,490), (5,1514), (5,1642), (5,8812), (5,2414), (5,1263), (5,1266), (5,244), (5,1269), (5,630), (5,3063), (5,5879), (5,5880), (5,506), (5,1788), (5,125), (5,1534), (5,3071), (5,773), (5,2181), (5,3333), (5,3078), (5,3462), (5,2439), (5,4487), (5,136), (5,1161), (5,3209), (5,1678), (5,2958), (5,271), (3,2765), (5,3089), (5,3346), (5,1044), (5,661), (5,154), (5,4506), (5,3099), (5,668), (5,1564), (5,1309), (5,671), (5,1055), (5,1184), (5,161)
phisionomia	(4,5787)
discutamos	(2,6949)
parecete	(1,3638)
baluarte	(0,1919), (4,6164), (0,1921), (0,1924), (3,1305), (0,1913)
arrepientas	(1,1674)
llamarse	(2,4993), (1,6354), (0,6756), (0,9044), (1,2231), (0,7670), (2,1850), (1,8969), (2,1711)
fueras	(1,818), (1,18770), (4,4809), (1,16988)
huesped	(1,11296), (1,12320), (1,12321), (1,12323), (1,12069), (1,11430), (1,12330), (1,12332), (1,11310), (1,12337), (1,11058), (1,12340), (1,12981), (1,11063), (1,12343), (1,11322), (1,11068), (1,11324), (1,12350), (1,12610), (1,11971), (1,12996), (1,12614), (1,11336), (1,7753), (1,11465), (1,12617), (1,12621), (1,13005), (1,7758), (1,11344), (1,17233), (1,12371), (1,7509), (1,13269), (1,13014), (1,7512), (1,11994), (1,12379), (1,13021), (1,12638), (1,17247), (1,11233), (1,12385), (1,12641), (1,12390), (1,12905), (1,11498), (1,11499), (1,13293), (1,12786), (1,12916), (1,13044), (1,12789), (1,12918), (1,13049), (1,15481), (1,12801), (1,12929), (1,11778), (1,12547), (1,12548), (1,12932), (1,12677), (1,12550), (1,12937), (1,13708), (1,12557), (1,12686), (1,13710), (1,11279), (1,12560), (1,12307), (1,11284), (1,12692), (1,12566), (1,11671), (1,12311), (1,11289), (1,12315), (1,12571), (1,12572)
reanimo	(2,5964)
fueran	(1,1601), (1,14115), (4,2185), (1,18374), (2,1995), (2,6667), (1,2319), (1,5039), (1,8017), (1,10963), (1,2900), (1,11381), (1,4153), (1,7833), (2,1211), (1,12250), (1,16989), (1,350), (5,3842), (1,8799), (1,17215)
condolerme	(1,13060)
falacias	(5,2049)
bramaba	(2,4858), (1,17150)
dieronse	(1,4355), (1,17117)
carrillo	(0,351), (0,12208), (0,2210), (0,2039), (1,9945), (0,12456), (0,2075), (0,1676)
camara	(2,2433), (4,8457), (0,1415), (5,7344), (2,1167), (4,3409), (5,3252), (5,2038), (2,1621), (5,634), (1,4342), (5,891), (2,1626), (5,1789), (5,2753), (4,1186), (4,3682), (4,675), (2,1633), (2,2721), (5,7620), (2,1762), (4,6756), (4,5989), (5,904), (4,6762), (2,5033), (5,909), (0,9128), (4,4590), (4,6446), (0,13099), (2,1650), (4,2038), (0,1331), (2,1589), (2,1591), (2,2167), (3,2520), (2,2426)
tornos	(1,10734)
conste	(0,5448), (3,1613)
narigudo	(1,11365)
popular	(5,2088), (2,4680), (5,4529), (2,7118), (5,2614), (5,2806), (5,1847), (5,2106), (5,3387), (2,857), (2,7197), (5,5185), (5,7495), (5,1416), (5,2120), (5,3400), (2,4389), (2,6832), (2,2353), (5,6998), (2,6709), (5,796), (5,3293), (5,5025), (5,1826), (2,320)
clavazon	(0,3248), (1,5954), (0,3768), (0,589), (1,5966)
importunaba	(1,11021)
consta	(3,1282), (3,2854), (0,13315), (2,6534), (2,5256), (0,13451), (0,524), (3,2064), (5,4786), (0,2868), (3,1242), (0,13212), (3,1441)
llevaselas	(4,6886)
vierten	(1,11720)
amadas	(1,16789), (1,6406)
polemista	(5,6117), (5,6832), (5,2642)
encajado	(1,17015), (1,18439)
duracion	(5,262), (1,101), (1,4151), (1,10471), (1,975)
furiosos	(5,917)
quebraba	(1,12835), (1,7903)
arrepienten	(4,2258)
catadura	(1,17751), (1,18842)
mordisco	(2,6626)
negligente	(2,7678)
bonachon	(2,1683)
mareado	(2,1664)
mancha	(4,2755), (5,1349), (0,11488), (1,14919), (1,2191), (4,1651), (1,145), (5,3861), (4,1653), (4,1655), (4,2747), (1,2170), (1,18398), (5,5347), (1,10911), (0,11486)
pases	(1,17800), (1,16559)
hubieralo	(1,13048)
usurpando	(1,8962)
erales	(1,16840)
relumbrante	(3,1119)
syno	(0,3528)
escovedo	(5,4772), (5,8182), (5,8546)
adobando	(4,1007)
pasen	(1,5697), (4,4745), (1,18614), (0,3734), (1,15481), (2,1564), (0,1342)
paseo	(2,5762), (1,5153), (2,5284), (0,9075), (0,85), (1,582), (2,3994), (2,7818), (1,3947), (2,2015)
governando	(0,11327), (0,11072), (0,11075), (0,10888), (0,11144), (0,10894), (0,11087), (0,10896), (0,11221), (0,11287), (0,11544), (0,10847), (0,10918), (0,10856), (0,11051), (0,11372), (0,10861), (0,10929), (0,11251), (0,10420), (0,11254), (0,11512), (0,9850), (0,10938), (0,11515)
llevaban	(1,5792), (1,6688), (0,6336), (1,15137), (2,7685), (1,5605), (1,4390), (1,2408), (1,8041), (1,2411), (1,4779), (1,5611), (1,7534), (1,4207), (1,13360), (1,8501), (1,1400), (4,6043), (1,9534), (1,6527), (1,16703), (1,4033), (1,8707), (0,6115), (1,13382), (1,17094), (1,17926), (0,6183), (0,8359), (0,6123), (5,2897), (1,18896), (1,3287), (1,13720), (3,1819), (1,15065), (2,828), (0,8187), (1,12764), (0,8190)
observacion	(2,3733), (5,4876), (2,2620), (2,2908), (5,4992), (0,876), (5,5329), (2,2944)
encrucijada	(1,5827), (1,5909), (4,3754), (4,7326), (1,17309)
jimia	(1,16272)
jamayca	(5,6705)
inviolablemente	(0,7715), (0,7832), (1,1594), (0,5421), (0,4670)
visitallo	(0,2272)
entraran	(2,5747), (4,7617)
llamaron	(1,2177), (2,4965), (0,8131), (0,454), (1,17479), (4,8658), (1,6516), (1,15318), (1,15894), (1,2199), (1,12567), (0,441), (4,701), (1,8314), (1,5627), (1,2172), (4,416), (1,573), (0,6620)
1701	(3,483), (3,488)
estilan	(4,7512), (2,4475), (3,1022)
inevitables	(5,2053), (5,7293), (5,7041)
repercute	(5,2866)
consul	(2,148), (5,3784), (2,150), (2,201)
perlados	(4,8573)
1708	(3,2298)
1707	(3,282)
boquimuelles	(1,8213)
omar	(2,1868)
visitalla	(1,15813)
estilar	(4,7504)
bonita	(2,818), (1,1267), (1,17141), (1,12630), (1,15366), (1,1482), (2,5771), (0,10477), (1,12622), (2,816)
hendi	(1,15808)
llamarla	(1,12438), (1,12455), (1,17467), (1,11885)
plantee	(2,4429)
llamarle	(2,7804), (1,15244), (0,7468), (1,10894)
plantea	(5,4789)
astronomia	(0,13246)
bonito	(2,3297), (4,1796), (2,3622), (1,8119), (2,3596), (2,831)
traeria	(0,2641), (1,12505), (0,9486)
amarradas	(3,1313)
ladronas	(1,1384)
pacificacion	(0,1173), (0,2686)
sisifo	(1,18180)
huyendoles	(2,2363)
1711	(3,957), (3,928)
enfrenase	(3,95)
terrenate	(0,2799), (0,13183), (0,13176), (0,2702)
madrigal	(1,7755)
delincuentes	(4,8474), (1,8303)
empleos	(2,4738), (5,5029), (5,5672), (3,1241), (2,555)
1719	(3,422)
grabadas	(1,6675), (1,13590), (5,7182)
planteo	(2,1867), (2,4428)
planten	(0,1301), (0,3831)
1716	(3,392)
1714	(3,390)
repertorio	(2,3186), (2,3238), (5,6297), (5,8623), (5,6178)
antuala	(3,2643), (3,2634)
combites	(0,4929)
llamarme	(1,17059), (0,3339)
pasea	(4,3733)
sabiendolo	(1,12037), (1,5606)
refran	(1,1648), (1,1106), (1,17330), (1,17012), (1,5350), (1,5863), (1,17640), (4,1676), (1,5866), (1,18058), (4,3505)
fango	(2,1152)
hallareis	(4,1811), (4,4884), (1,2038), (4,2860), (4,2226)
impunidad	(3,98), (2,6497), (2,2519), (2,6830), (2,2687)
1720	(3,2298)
llamarlo	(1,10419), (5,381)
torrida	(5,6452), (5,7956), (5,6304), (5,6066)
vendria	(1,10112), (1,11056), (5,4485), (1,14741), (1,1096), (2,4911)
escusar	(0,3296), (1,10754), (0,3693), (0,910), (0,2863), (0,3697), (1,10900), (1,18485), (1,7479), (0,1657), (1,9626), (1,9916), (1,957), (1,5535)
escusas	(1,6226), (1,14729)
musicales	(2,4108)
emplear	(2,2245), (5,4072), (2,2278), (2,2934), (1,14263), (2,5705), (3,1838), (5,6288), (1,13964), (5,2033), (1,12381)
espalda	(1,5136), (2,3652), (5,5592), (2,6744), (2,1467), (2,2956), (5,354), (1,4607)
obediente	(1,10066), (1,9556), (1,13100), (1,18671)
zayas	(5,4230), (5,4135), (5,4715), (5,4721), (5,4724), (5,4182), (5,8792), (5,4186), (5,8794), (5,8796), (5,8798), (5,4223), (5,4192), (5,4195), (5,4227)
plematica	(4,7263)
recibais	(0,3586), (1,13928)
abadia	(4,4662)
llorosa	(1,5552), (1,10723), (1,5492)
envalentonada	(5,518)
asinormanos	(0,10030)
afectaba60	(5,4572)
innoro	(4,7978)
constituidos	(3,2821)
traeros	(1,16073), (1,10619)
ensoberbecio	(4,8465)
tardemos	(1,950)
aliviarle	(2,4195)
nostris	(4,923)
tantas	(0,8255), (1,17441), (3,740), (1,16675), (0,3651), (1,10025), (1,8496), (1,17969), (1,2614), (0,5720), (3,766), (2,1568), (2,3880), (0,7787), (4,758), (1,4435), (4,3066), (0,12918), (1,15959), (2,3386), (2,4411), (1,11872), (1,16994), (1,4196), (1,13929), (2,5195), (1,18026), (1,1131), (5,4337), (1,9581), (4,1299), (3,311), (5,2810), (0,8854), (1,6521), (3,573), (5,767), (1,16765), (1,13443), (5,7689), (1,135), (2,876), (5,6675), (1,9103), (2,3699), (3,85), (4,8246), (1,17557), (5,3355), (5,5148), (1,8601), (3,861), (1,18081), (2,2947), (1,3490), (1,4005), (2,7558), (0,7626), (5,4656), (5,311), (1,3507), (0,3290), (5,2112), (1,1224), (2,4521), (0,6377), (5,3155), (1,14032), (1,13522), (1,5075), (2,1979), (5,4702), (1,18400), (2,2250), (1,12267), (1,15086), (2,5585), (1,13040), (0,6673), (0,6674), (0,6675), (1,5114), (1,17917), (1,11776), (4,8362), (4,8363), (1,7689), (1,3595), (1,7947), (1,11276), (1,15120), (1,18704), (1,6161), (5,3478), (0,3126), (1,793), (3,224), (1,9503), (1,12831)
arrebataban	(0,6452)
1738	(3,518)
emplean	(5,3261)
krause54	(5,4339)
escuderatos	(4,5966)
semper	(5,7519)
castos	(1,8733)
reproducian	(5,3939)
serviria	(1,4162), (3,845), (1,13311)
aviamiento	(0,3798)
riguroso	(5,758), (1,16837), (5,939), (1,14199), (1,12120), (1,12446)
entierro	(5,4581), (5,839), (5,4575), (5,4623)
atormentarla	(1,16837)
criminalmente	(5,3528)
guarniciones	(1,17289)
humillmente	(0,9176)
rigurosa	(5,1047), (1,7043), (1,8307), (2,6794), (1,11209), (1,18763)
perfilarlo	(4,8485)
enfrenare	(4,3166)
intricadas	(1,7452)
comedidos	(1,5616), (1,14304)
llevaosla	(1,7092)
nogal	(4,438), (1,3081)
1741	(3,2299)
1740	(0,11670), (3,2298), (3,497)
enfrenara	(4,4104)
partire	(1,1314), (4,5885)
reses	(3,880), (1,16367)
cobrase	(1,8578)
coloquio	(1,48), (1,16194), (1,16227), (1,249), (1,13897), (1,18297), (1,18283), (1,9820), (1,16190), (1,16206), (1,18286), (1,16207)
completado	(5,3141), (1,38)
1746	(3,591)
perrochiana	(4,4636)
intellectus	(2,4176)
servirla	(1,1665), (1,3747), (1,972), (1,6974)
guard	(4,5414), (4,3912), (4,3897), (4,5418), (4,3917), (4,5375), (4,5393), (4,3906), (4,5426)
superintendencias	(2,2630), (2,140)
servirle	(1,16625), (0,3010), (1,6179), (1,15830), (1,15720), (1,4861)
adversario	(5,472), (5,4984), (1,5204), (5,1993), (5,2125), (5,1919), (1,5197), (5,2050), (5,5826), (5,5779)
componentes	(5,2540), (5,7377)
ruinosas	(3,129)
1755	(5,7645)
1753	(3,2927)
acerrimos	(3,1217)
padesce	(0,9432)
propago	(5,1825)
dirigimos	(2,1566)
momia	(2,1902)
contaba	(5,2086), (5,5702), (5,5894), (1,3779), (5,1290), (4,5610), (4,8779), (5,1389), (2,7242), (5,3150), (2,2510), (5,3026), (1,13359), (1,17743), (2,1201), (5,1461), (2,4471), (5,3996), (2,7068), (1,6620), (5,7489), (5,5986), (5,1443), (4,3138)
consolar	(4,8371), (1,3393), (1,5410), (1,15012), (1,7352)
tahali	(1,5136), (1,18351)
recibalo	(0,2500)
atropella	(1,16097)
refulgente	(2,749)
traerla	(1,15254), (1,9083), (1,14367)
llamaria	(1,9929), (2,1088)
suavemente	(2,3666), (1,9864)
traerle	(1,8037), (1,6134), (5,6058), (1,2183), (1,91), (1,6348), (1,9021), (0,8461)
atropello	(5,3790)
christianos	(0,1759), (0,2594), (0,10757), (0,10791), (0,1770), (0,8426), (0,2573), (0,2605), (0,8845), (4,6355), (4,6356), (0,2579), (0,2200), (0,2586), (0,4922), (0,2140), (0,2590)
mandatario	(5,3087)
constitucionales	(2,146), (2,5465), (2,4346), (2,3773), (2,6320)
mexico	(0,13567), (0,6017), (0,1538), (0,3778), (0,4099), (0,5507), (0,651), (0,3659), (0,4303), (0,722), (0,10003), (0,10004), (0,4181), (0,4373), (0,3289), (0,3804), (5,2436), (0,8735), (0,4132), (0,3375), (0,10165), (0,1974), (0,5815), (0,4216), (0,10168), (0,10169), (0,12733)
serteros	(0,10102)
1764	(3,2302)
1763	(3,1846)
abbondio	(5,4422)
1760	(3,1000)
gatillo	(2,2450)
biografias	(5,7220), (5,5287), (5,7224), (5,7567)
traerse	(0,3241), (0,8665)
guapa	(2,5734), (2,5755), (2,7836), (2,3151)
obligandose	(3,2060), (3,1677)
1781	(3,2306), (3,1784), (3,171)
porrazos	(2,7463), (4,956)
1780	(3,2500)
ardorosas	(5,3057)
razonable	(1,964), (0,7069), (1,13710)
causando	(1,7941), (0,488), (1,2283), (5,802)
espacios	(0,13379), (5,1806), (5,6431), (5,2160)
1778	(3,2274), (3,2421)
guapo	(2,2353), (2,4425), (2,5359)
1777	(3,1706)
contrapesar	(5,4004)
1776	(5,1606)
georgia	(5,3455), (5,1792), (5,1313)
1775	(3,2404)
1774	(3,2442), (3,1694), (3,1185), (3,1617)
1773	(3,1363), (3,1541)
encorva	(1,522)
pasmo	(1,12250)
dieronme	(4,7838)
1779	(3,2455), (3,3000), (3,2573), (3,2991)
membrudos	(0,6396)
tanteo	(0,11680), (0,11667), (0,11688), (0,11627), (0,877)
servirme	(1,6367)
crisis	(5,2566), (5,4471), (5,2954), (5,4139), (5,2540), (5,301), (5,2750)
poesias	(5,6276), (5,6937), (5,7145), (5,6892), (5,6957), (5,6975), (5,6881), (5,4402), (5,6210)
temporizaba	(0,8054)
1792	(0,13356)
motejar	(4,7610)
biografica	(5,5683)
entregarselas	(0,363)
geografos	(3,2263), (3,251)
tantee	(0,11553)
1789	(5,1105)
fuerce	(1,3528), (1,16187)
1787	(5,3446), (5,1607)
descomunal	(1,18451)
1782	(3,1838), (3,255), (3,3009)
atormentaron	(5,2306), (4,8562)
alameda	(2,6669)
dieronle	(4,675), (1,12176), (5,3157), (1,1780), (0,10741), (0,10698), (1,17291), (1,2172), (1,14476), (1,2495)
biografico	(4,120), (5,6259)
castro	(0,13184), (0,2436), (0,3015), (5,7597), (5,7853), (0,2507), (0,527), (0,2703), (0,11919), (0,2768), (0,2579), (0,2707), (0,2968), (0,3033), (0,2778), (0,2972), (0,2721), (5,7686), (0,2531), (0,2979), (0,2534), (0,2796), (0,2798), (0,13168), (1,83), (0,2739), (5,7705), (0,12215), (0,12217), (0,3004), (3,1953), (5,8099)
costumbres	(1,6435), (1,13350), (0,4807), (1,1770), (1,18095), (1,13105), (5,6071), (5,7609), (1,9208), (5,4041), (1,17797), (0,9510), (2,620), (0,13482), (5,5200), (0,9388), (3,848), (0,7599), (1,4497), (1,14097), (3,218), (4,126), (5,865), (5,3619), (1,17887)
encajaba	(2,260)
fueres	(4,1136)
espantaron	(0,10741), (0,10438)
senaladisima	(1,5289)
atormentarse	(2,4168)
brillantez	(5,6116)
florones	(1,4649)
fueren	(0,4543), (0,4484), (0,2374), (0,1351), (0,1608), (1,1067), (0,5323), (0,1293), (4,4501), (0,1298), (0,1618), (0,1686), (0,3287), (0,5143), (4,2396), (0,3803), (0,1629), (1,16190), (0,1630), (0,2337), (0,4449), (0,3234), (1,2503), (0,3564), (0,3438), (0,4911), (0,3056), (1,14098), (0,1331), (0,2483), (0,4597), (4,4863)
abundan	(5,789), (2,3186), (4,6198), (2,6070), (2,6007), (0,7607), (5,6637), (5,5886)
completada	(5,3646)
pasmose	(1,15553), (1,17299), (1,1046), (1,5800)
entierre	(1,1133)
pasmosa	(2,841), (5,2846)
orificia	(4,3055)
serviros	(4,3907), (4,6245), (4,486), (4,4934), (1,15174), (1,14599), (4,5548), (4,6221), (4,5550), (1,1037), (4,2227), (1,13456), (1,14770), (4,2648), (4,4766), (4,4289), (4,7906)
1793	(0,515)
hubierase	(5,945)
guany	(4,1103)
teuquenen	(3,2059)
exaltar	(2,4960)
motivos	(5,6885), (2,3427), (5,1897), (4,106), (5,7693), (3,2508), (3,685), (5,6895), (3,1230), (5,5456), (5,5969), (3,1552), (3,2129), (5,4535), (5,633), (0,757), (2,6551), (5,5405), (5,6434)
xxivcomo	(4,8716)
estatuaria	(2,4157)
pensativo	(1,9396), (1,10420), (2,408), (1,6167)
apretarian	(1,16935)
armino	(2,3717), (2,3641)
brillantes	(5,5658), (5,3579), (5,5947), (5,5169)
tisbe	(4,1187), (2,3255)
aliviaria	(1,2890)
desastre	(5,5988), (5,7556), (5,229), (5,4486), (5,2728), (1,5492), (5,3358), (0,2603), (1,8668), (5,2241)
facilitaba	(1,15701), (5,1372)
pensativa	(2,3446)
expulsarte	(2,2450)
dirige	(3,1060), (5,4796)
tocante	(0,4593), (0,5635), (0,4279), (0,5303), (0,5656), (0,1610), (0,4364), (0,9214)
meritamente	(4,8886), (4,8432)
raptores	(4,8464)
cambiarian	(5,1762)
inocencia	(2,3956), (1,8743)
hubiere	(3,2596), (0,2371), (0,5380), (0,4741), (0,521), (1,5995), (1,16685), (0,5199), (0,4432), (3,2677), (0,4626), (0,1812), (0,5207), (1,12472), (1,7996), (0,5084), (0,4317), (0,4637), (3,2945), (1,14784), (0,4896), (0,5536), (0,4899), (0,4391), (0,3945), (1,13642), (1,15498), (1,12364), (0,4332), (0,5102), (0,4783), (3,2581), (0,4275), (1,11285), (0,5309)
hubiera	(2,2052), (2,5638), (2,3337), (3,748), (3,749), (2,2316), (5,7088), (1,12849), (5,5302), (1,6709), (1,5943), (5,2492), (5,2748), (2,5662), (5,5570), (1,10303), (2,2337), (5,2247), (1,5702), (5,6090), (2,4136), (5,5579), (2,2346), (2,3626), (5,975), (5,1488), (2,3123), (1,8532), (5,5852), (5,2793), (2,3144), (5,7149), (1,11881), (1,18542), (1,13684), (2,4438), (5,3835), (2,4441), (0,664), (5,6148), (5,5127), (1,1931), (0,8877), (5,1555), (0,3249), (1,16530), (5,1559), (1,17044), (1,11926), (0,695), (3,608), (1,12192), (1,5543), (1,4522), (2,6540), (1,7086), (1,17326), (5,563), (1,13231), (5,5428), (1,17073), (2,3987), (0,210), (5,1337), (5,1849), (3,124), (2,7837), (2,3234), (5,1353), (4,6257), (1,6606), (4,7026), (1,6607), (1,13267), (5,345), (1,5846), (3,672), (1,17631), (1,4066), (5,7537), (5,2933), (5,632), (1,8951), (1,6136), (5,5758), (5,2688), (5,3712), (5,901), (5,3719), (5,5767), (1,14595), (5,3721), (1,15369), (1,13068), (1,13070), (1,16654), (5,661), (1,17937), (2,6133), (5,6810), (1,7703)
carlota	(5,7046)
enterar	(1,15666), (1,17464), (1,13868)
adjunto	(0,394)
enteras	(5,5108), (3,102), (1,7782)
pensativos	(1,18376)
tirio	(1,16972)
llamaran	(4,7105)
pecuniam	(4,8216)
encantada	(3,1140), (3,742), (3,23), (3,999), (3,41), (3,11), (3,1), (3,3025), (1,16495)
metropolis	(5,3656), (5,4890)
hubiese	(2,7684), (1,14375), (1,3754), (1,13612), (3,2543), (1,18606), (1,12593), (3,2678), (5,1338), (4,5852), (5,6208), (5,5571), (5,3141), (1,8897), (1,2626), (1,7875), (3,522), (1,14026), (1,12491), (5,5456), (5,4691), (5,2136), (2,1209), (5,5085), (1,16485), (3,2474), (0,11272), (5,5488), (5,7152), (0,3725), (1,2033), (5,4470), (5,4471), (1,17909), (3,2488), (1,9974), (5,3836), (0,12951), (5,3837), (4,5404), (5,6145), (5,7681), (1,6659), (1,9604), (5,7049), (4,6702), (5,1552), (4,560), (5,7699), (1,12559), (5,7188), (1,11281), (5,663), (1,8084), (5,4633), (5,6811), (1,17304), (1,7067), (1,18331), (3,735), (3,608)
opulenta	(5,7140), (2,3831)
recibase	(1,5889)
nadando	(1,2151), (0,10380)
aduares	(1,656), (1,1754)
betuan	(0,10367), (0,10365)
encomendandole	(1,14843)
decente	(1,2288), (2,6433), (2,6577), (2,3091), (2,614), (2,5590), (1,12390), (2,3305), (2,3210), (2,6543)
ofensa	(1,10739), (1,8772), (2,2614), (4,8345), (1,8777), (1,14937)
valante	(4,7248)
tardaredes	(1,14995), (1,9804)
gazapos	(2,4670)
pulga	(4,6827)
vado	(3,1459), (3,1451), (4,6815)
disipadas	(5,4214), (5,7484)
paresciendoles	(0,6830), (0,6974), (0,8574)
demandalles	(4,5681)
aprendidos	(5,741)
prologuista	(5,6185), (5,6899)
asentar	(0,2815), (0,8450), (0,8770), (0,4874), (0,4875), (0,8461), (0,2830), (0,4882), (0,4883), (0,5396), (0,5398), (0,6747), (1,11325), (0,4894), (0,1633), (0,2663), (0,4842), (0,8812), (0,8494), (0,7983), (0,1840), (0,1841), (0,4658), (0,2614), (0,2871), (0,11895), (0,8763), (0,9468)
cenando	(1,12965)
sixto	(4,5491)
vade	(1,16704), (1,16800), (1,16771), (1,16774)
silguero	(1,5931)
indignarla	(1,18535)
suplicante	(2,901)
vaco	(2,2566)
contain	(1,19089), (5,9079), (2,8165), (4,9015), (0,13924), (5,8988), (3,3227), (0,13834), (1,19180), (4,9104), (3,3136), (2,8256)
emisario	(2,665)
bomba	(0,7871)
necedad	(1,15985), (1,3110), (1,16887), (1,8136), (2,5675), (2,6283), (1,15979)
bailado	(1,312)
esdrujulos	(1,18152)
rasgunas	(2,2449)
apellidando	(1,18843), (1,4348)
contais	(4,6274)
gotica	(4,199)
impulsos	(5,1988), (2,4481), (2,5912), (5,1341), (5,2893), (2,7069)
sostuvo	(5,3332), (5,4982), (1,13799), (2,1515), (2,6829)
intimas	(5,5847), (5,7242), (2,3245)
quebrare	(4,7494)
americanas	(5,6807), (5,6935), (5,6298), (5,6975)
despenaria	(5,522)
sabanas	(1,11073), (0,7314), (1,8228), (4,2872), (4,7674), (1,15879), (1,15975), (4,7666), (1,10767)
selin	(1,3751)
corruptor	(2,6131)
entretenimientos	(2,3192), (1,18541)
vaca	(4,7269), (1,16370), (4,5494), (1,17731), (1,16376)
sagrado	(1,18112), (1,4918)
zoilos	(1,104)
embargaban	(5,5129), (5,2752)
parto	(1,8961), (1,12452), (1,12488), (1,14834), (4,3446), (4,2840), (4,3224), (5,4411), (1,17527), (1,1369), (1,17530), (1,14747), (1,1373), (1,17534), (1,12447)
falto	(1,5312), (1,289), (1,12801), (1,15361), (1,5090), (1,9380), (1,10438), (4,170), (3,203), (5,6445), (1,6601), (1,7307), (0,10155), (2,7630), (1,15343), (1,2736), (1,6997), (0,8374), (5,5918), (1,18043), (1,14140), (4,4994), (1,15359)
falte	(4,8197), (4,2024), (0,3974), (0,4265), (4,1838), (4,5072), (5,7925), (1,15027), (4,1850), (0,8342), (1,11479), (2,1402), (1,2938), (1,2331), (4,5150), (1,5979), (1,6047)
cofre	(0,5442), (4,7499), (1,2569), (0,5448), (0,5450), (1,2540), (0,5483), (4,2768), (1,17166), (0,5489), (0,5460), (0,5492), (0,5494)
parte	(1,5153), (0,5186), (0,1097), (5,1966), (0,6217), (5,7086), (2,1040), (1,5168), (0,13392), (0,6225), (3,1013), (1,18484), (0,7252), (0,5208), (0,7256), (0,7257), (0,7258), (3,1024), (0,7261), (3,1025), (1,5184), (3,1028), (0,1122), (2,3110), (5,6089), (2,5161), (0,11367), (5,6093), (0,11368), (5,3027), (0,1135), (0,1137), (0,1139), (5,5080), (2,6200), (2,7224), (0,1143), (0,1147), (2,1086), (0,1148), (0,8319), (1,2147), (1,8292), (0,10374), (0,8327), (4,5134), (0,140), (1,2158), (0,1166), (1,15474), (0,146), (0,8338), (3,1079), (0,2197), (0,11417), (5,1023), (0,5275), (0,7323), (0,7324), (1,17534), (1,3202), (5,2055), (1,3203), (0,6307), (0,6308), (0,8357), (2,3176), (0,8360), (0,7337), (1,12426), (3,2125), (0,11436), (0,7347), (0,9395), (5,1049), (1,12441), (2,1147), (0,186), (1,3228), (2,1151), (1,10398), (0,2239), (0,10433), (0,6338), (0,2244), (1,5285), (0,6341), (3,1129), (1,4263), (1,5287), (0,8391), (0,7368), (0,6346), (0,7371), (4,3153), (0,8397), (1,18609), (3,1140), (0,2258), (1,1206), (5,3130), (4,8281), (3,1147), (1,3260), (0,11484), (3,1152), (1,13502), (1,16574), (0,3294), (5,5187), (0,9439), (0,8416), (1,12481), (0,13536), (1,18629), (3,1160), (1,11465), (2,172), (0,5355), (0,1260), (3,2193), (5,3155), (5,7251), (1,3280), (0,9457), (1,3284), (1,16597), (0,11511), (1,1241), (2,1210), (1,9433), (4,126), (0,250), (5,1120), (0,4347), (0,6395), (0,2301), (0,11522), (0,11523), (2,1222), (0,11524), (1,9446), (0,8454), (1,18663), (0,11528), (0,7436), (0,11533), (0,11535), (0,6420), (0,8468), (5,6272), (5,130), (0,11551), (1,7430), (1,14598), (0,1318), (5,3211), (3,2252), (0,1322), (5,6292), (0,11568), (0,10545), (0,11571), (5,5273), (5,6298), (5,155), (5,156), (5,2207), (5,4257), (5,6306), (1,14622), (0,8510), (0,3392), (0,3393), (1,291), (4,5319), (0,3396), (3,1256), (5,6317), (1,4394), (1,3372), (0,3404), (1,3374), (0,7505), (0,2387), (4,6360), (4,8410), (1,9527), (5,3264), (1,12605), (0,1374), (0,5470), (0,10593), (4,2283), (1,18761), (3,268), (1,17738), (1,10571), (1,15692), (5,209), (3,1295), (1,17741), (0,11632), (5,3287), (3,1302), (3,2326), (5,1244), (2,2361), (0,1401), (0,10617), (1,3421), (1,18786), (4,6406), (4,3335), (3,1331), (1,13681), (5,2295), (1,8565), (1,14711), (1,8568), (1,6522), (0,11677), (5,6403), (1,16768), (3,1351), (0,11684), (5,269), (0,6568), (0,1450), (5,5393), (0,2477), (0,11693), (0,1459), (1,3476), (0,3508), (0,10676), (0,1463), (2,4476), (3,1374), (0,8635), (0,1468), (5,3363), (1,417), (5,7461), (0,1474), (1,4515), (1,17833), (0,458), (3,2413), (0,7629), (0,7633), (5,314), (0,5590), (4,347), (3,378), (1,6586), (5,3392), (0,5595), (1,14783), (4,1379), (1,13760), (1,2503), (5,4427), (5,2380), (4,6514), (0,496), (0,4596), (1,17877), (4,3449), (5,347), (0,2551), (0,7671), (1,13784), (0,10745), (4,7550), (2,4544), (0,7686), (4,7566), (1,1517), (4,7568), (5,3442), (0,6672), (5,2422), (3,439), (0,8727), (1,3578), (4,7582), (0,2590), (4,7587), (0,8736), (2,3555), (5,6534), (3,2506), (0,2606), (0,9775), (0,2608), (2,6642), (0,6704), (0,5682), (1,3604), (0,7732), (2,3575), (0,8760), (0,570), (0,4668), (1,8736), (0,11839), (2,7682), (4,8644), (1,14881), (0,6722), (0,3654), (0,6734), (0,7758), (1,6705), (0,12883), (0,10836), (1,14901), (3,504), (1,3638), (1,10810), (5,5567), (1,4671), (5,4550), (0,10849), (0,12898), (4,5607), (2,7719), (0,6761), (0,2666), (1,3659), (0,6762), (0,2667), (0,10860), (5,7637), (1,14930), (2,5684), (0,3700), (3,2584), (1,14934), (0,631), (5,2524), (0,7801), (2,5693), (5,7649), (0,10876), (0,10878), (0,8831), (0,10880), (0,2689), (0,12929), (4,518), (5,1511), (0,12930), (1,3684), (4,8714), (0,8838), (2,5708), (1,12908), (3,1583), (4,8720), (0,10892), (5,5618), (0,10893), (1,18037), (0,10903), (0,6808), (0,9880), (0,10905), (0,4766), (3,580), (5,7686), (5,523), (1,8839), (0,12966), (1,14988), (0,1708), (1,16016), (5,6677), (5,6688), (0,10940), (0,4797), (5,2595), (0,6846), (2,642), (0,7872), (4,581), (0,6849), (0,5826), (4,8774), (2,5765), (0,6851), (4,8776), (1,18085), (1,5801), (1,8873), (0,6857), (5,2608), (1,12974), (5,5683), (5,564), (0,2770), (0,9938), (0,2774), (0,2777), (0,3807), (0,7905), (5,5708), (5,6733), (0,6889), (1,14027), (1,1741), (4,2672), (0,10990), (0,2808), (3,2718), (4,3715), (4,6787), (5,3688), (1,14054), (1,18151), (0,2823), (0,2824), (0,3849), (0,3854), (1,16113), (0,8980), (4,666), (5,4739), (1,8960), (0,4896), (1,13057), (0,3876), (0,6951), (5,2701), (0,9002), (1,11022), (0,4910), (1,13071), (4,5812), (0,2865), (1,14098), (0,4914), (5,1688), (0,3896), (4,5820), (5,7838), (1,8987), (0,3900), (3,2784), (1,16159), (5,5797), (0,3907), (0,1860), (4,713), (1,18214), (0,2887), (0,5966), (0,3919), (1,14129), (0,3921), (0,4948), (0,8021), (0,3930), (2,1823), (0,10077), (0,9054), (0,3936), (0,4960), (1,13121), (2,4900), (0,7010), (0,3939), (0,871), (0,3947), (3,1809), (1,4943), (2,2867), (5,4829), (1,14169), (0,11129), (1,5981), (0,1919), (1,2913), (0,3968), (2,836), (5,4841), (5,2794), (1,7015), (1,3944), (1,3946), (0,8073), (3,1845), (0,915), (0,2964), (0,8084), (0,2966), (0,2967), (3,1854), (5,1793), (2,4961), (0,6049), (0,2978), (1,7047), (5,781), (0,2984), (5,782), (5,785), (1,3982), (4,7985), (2,3953), (0,9136), (3,1876), (2,6006), (5,6939), (0,3002), (0,955), (0,4027), (0,13248), (0,8129), (0,4037), (2,2952), (4,8010), (5,6956), (5,819), (0,4046), (1,1968), (3,1910), (0,2007), (1,9144), (0,2011), (1,10173), (2,1952), (5,839), (0,2025), (5,2894), (0,13289), (3,2957), (1,8140), (0,1008), (5,7001), (0,2040), (0,2041), (3,929), (4,4996), (1,12257), (1,17377), (1,5090), (2,4045), (1,9197), (0,10252), (3,945), (2,4049), (5,2935), (4,4000), (4,2977), (0,4128), (3,1991), (4,2984), (0,5160), (0,9258), (0,7213), (0,8238), (0,7215), (5,917), (0,7219), (0,2102), (3,2009), (5,5019), (0,9271), (5,3997), (0,7225), (5,6048), (1,8221), (0,5181)
namoraba	(4,7089)
contado	(5,4262), (1,6883), (1,9124), (1,17254), (5,4332), (1,16107), (1,6828), (5,2225), (5,4019), (3,2872), (5,2303), (2,2719), (5,5059), (5,1928), (5,4808), (1,12548), (0,7849), (1,16656), (1,9041), (1,14226), (1,10965), (1,16023), (1,15064), (3,2011), (1,2138), (1,7579), (1,18204), (2,766), (0,7996), (1,16158)
parti	(1,6594), (1,7492), (4,7098), (1,7479)
oriundo	(5,7480)
chuparnos	(1,8263)
falua	(3,573)
parta	(4,3108), (1,11107), (4,3111), (4,7927), (4,457), (0,8342), (4,7934), (1,2716), (4,6816), (4,7361)
sagrada	(3,1668), (3,2806), (1,17942), (2,4136), (1,13566), (5,4115)
contact	(1,19170), (0,14018), (4,9095), (0,14019), (1,19268), (1,19269), (0,14022), (5,9069), (4,9198), (5,9167), (5,9168), (3,3217), (4,9202), (3,3315), (3,3316), (2,8246), (2,8344), (2,8345), (0,13915)
atocha	(2,4900)
diseminaba	(2,7672)
enteren	(2,7491)
tomavan	(0,9956), (0,9881)
tires	(4,3667)
tengase	(2,6784)
triunfamos	(2,6234)
mantienen	(3,1891), (3,2389), (3,2870), (1,18036), (3,1883), (3,2109)
originalisimo	(5,7360)
inmediatas	(2,7719)
durisimo	(2,259), (2,3979)
valanos	(1,15420)
parts	(5,4), (3,4), (0,13825), (2,4), (1,4), (3,3127), (0,5), (1,19080), (2,8156), (5,8979)
legalizadas	(3,1670)
party	(3,3236), (1,19189), (4,9114), (2,8265), (5,9088), (0,13933)
trasladara	(2,1213)
habaneros	(5,4982)
trasladare	(1,12096)
descarta	(1,7376)
jurisdicciones	(5,1540), (3,1189)
tejuelas	(1,16521)
presentarsela	(1,13586)
variacion	(0,9537), (2,4710), (0,13412), (0,166), (0,12104), (0,13611), (2,4704)
cohortes	(2,313)
desnudate	(2,7627), (2,7632)
falsa	(1,9296), (1,18721), (1,17842), (2,6742), (4,8216), (1,10486), (1,10504), (5,7503), (1,10718), (5,1763)
prosiguiera	(1,18515)
kantiano	(5,5077)
solicitadores	(4,7710), (1,8508), (1,8510)
resgatar	(0,10495), (0,10530), (0,7331), (0,9300), (0,7639), (0,10412)
bailaba	(1,1907)
oportunas	(2,7747), (3,2424)
lodazal	(3,1298), (3,1644), (3,1296)
queriendo	(1,12195), (0,6756), (1,2663), (1,13801), (0,2633), (0,2953), (1,3658), (0,2954), (2,7698), (1,18899), (1,18228), (0,7285), (0,2678), (0,2553), (2,4091), (5,5214), (0,5434), (4,383), (1,15038)
historia	(2,769), (5,2980), (1,7458), (1,14627), (5,4009), (5,5802), (1,14633), (0,13129), (0,74), (2,780), (5,4016), (5,6834), (1,16943), (5,1973), (5,5310), (5,3522), (2,3104), (5,5316), (5,6855), (5,5836), (1,2635), (0,109), (1,2126), (1,17999), (5,6870), (1,12883), (0,119), (5,2268), (5,4574), (5,7646), (2,4929), (5,2278), (5,3560), (1,16998), (5,5100), (5,5362), (5,7922), (1,13166), (5,6131), (5,7669), (1,12658), (0,146), (5,6649), (1,13174), (2,2136), (5,5371), (5,6653), (1,2683), (2,7517), (5,7936), (5,2817), (5,3585), (5,6913), (3,832), (3,73), (1,7559), (5,2316), (5,5132), (5,5389), (5,5648), (5,5393), (5,4114), (5,276), (5,3860), (5,6676), (5,7701), (1,7573), (0,184), (5,5406), (1,16799), (5,7460), (1,5537), (5,5669), (1,17057), (1,2210), (5,1319), (5,4137), (1,7589), (2,3207), (5,6444), (5,4910), (2,7051), (5,7728), (1,16556), (5,6707), (5,571), (5,827), (5,7231), (5,833), (4,357), (1,18882), (0,226), (2,3240), (5,5707), (4,8299), (5,1102), (5,1103), (5,4432), (1,16845), (3,400), (5,3410), (3,658), (5,3157), (5,6743), (5,7770), (1,16087), (1,15065), (5,1633), (5,7777), (5,4450), (2,5311), (5,5986), (1,13534), (2,5316), (5,7785), (0,517), (1,18150), (5,6507), (5,7788), (5,111), (1,17133), (5,6514), (0,15), (5,8309), (2,211), (5,8311), (5,5753), (5,8313), (3,185), (5,8315), (3,698), (5,8317), (1,17146), (5,8319), (5,5248), (5,8321), (0,285), (1,9727), (5,3972), (1,12544), (1,16384), (1,13058), (1,14082), (5,3975), (5,5255), (2,7397), (5,7816), (5,137), (1,16903), (5,1420), (1,7436), (5,2705), (1,7438), (1,13073), (5,7830), (5,8854), (2,2038), (2,2040), (5,1693), (0,825), (5,7840), (1,10270)
seldo	(4,3950)
placido50	(5,3889)
trasladase	(0,287)
vago	(5,7333), (5,6408), (5,1129), (5,5049), (5,6313), (5,6971), (5,7933), (5,7713)
cavendish	(3,2284)
confiesa	(0,2848), (0,2849), (1,15250), (0,2930), (1,15251), (2,4679), (1,12534), (0,2843)
xlviicomo	(4,8802)
falso	(5,7482), (3,395), (1,1689), (5,7869), (1,11774)
encantaba	(1,6143)
prosiguio	(1,15776), (1,7137), (1,11681), (2,5444), (1,4907), (1,5869), (1,7855), (1,13551), (2,3410), (1,3569), (1,11569), (2,7507), (1,12467), (2,2201), (0,7000), (1,15420), (1,17990), (3,782), (1,3789), (2,7342), (1,4559), (1,2066), (1,5525), (2,7159), (2,2106), (2,5242), (1,4506), (1,18138), (0,6075)
llevarmeian	(1,908)
cisneros	(5,6616), (2,7034), (5,8115)
vaga	(5,3864), (5,7405)
desperaendios	(4,7974)
reprimir	(5,2411)
falta	(2,3969), (3,743), (1,4520), (1,16040), (0,1096), (0,4168), (0,13640), (2,2827), (0,970), (3,877), (1,15148), (1,2477), (2,6159), (1,11311), (0,13137), (5,7741), (4,3037), (5,6974), (4,350), (0,8285), (1,9663), (2,7202), (1,11459), (2,7205), (0,740), (0,3813), (1,15046), (4,8171), (0,876), (1,7629), (1,9936), (3,1171), (5,1237), (0,3824), (0,371), (1,14036), (2,4662), (1,9173), (1,9432), (0,4472), (3,2460), (5,4318), (5,5342), (1,15450), (0,3834), (1,6107), (5,5730), (1,15454), (1,8160), (1,17504), (2,1858), (4,6537), (0,3718), (0,13318), (1,18279), (1,9192), (5,1134), (1,15211), (4,657), (4,2066), (5,4218), (0,5781), (1,2423), (0,13590), (5,5501), (0,3353), (1,6397), (1,17024), (0,7840), (4,3237), (1,515), (5,6410), (1,14854), (1,6023), (0,3623), (4,684), (0,4906), (1,1678), (1,1679), (0,3758), (3,1490), (0,3759), (3,727), (4,6201), (0,4406), (2,2553), (2,4089), (4,6334), (4,1856), (1,14109), (1,15005), (3,864), (2,2560), (1,3615)
garvea	(4,5630)
pareceis	(4,3140), (1,14946), (4,3144), (4,2329), (1,14761), (4,7069)
confieso	(4,8388), (1,4099), (1,7142), (1,18726), (1,6346), (1,2059), (1,16748), (1,6989), (2,6550), (1,13621), (1,13946), (2,4828), (1,13243), (1,13947), (1,14428), (2,4479)
confiese	(0,4514), (0,2228), (1,2549), (0,2231)
distraerte	(2,2596)
tentativas	(2,4130), (5,4508), (5,109), (2,954), (5,2688)
confieis	(0,2319)
rerum	(5,3313)
treslado	(0,4376), (0,4972)
trasnochador	(2,5624)
trasnochados	(1,7741)
tropelia	(1,7754), (1,17501)
judicaran	(4,7189)
arrojadizo	(0,13656), (1,17436)
fatigue	(1,11284)
cuyas	(5,423), (5,2472), (5,5546), (5,6507), (0,391), (1,2408), (5,685), (5,3118), (2,5645), (3,2673), (0,335), (5,6772), (3,1077), (1,6323), (2,6805), (2,982), (5,2489), (1,6651), (2,4384), (1,11519), (5,3716), (2,5729), (3,2951), (0,13031), (1,18057), (2,4012), (2,5036), (5,1105), (3,2065), (5,3740), (3,2971), (5,3936)
resuelve	(5,4789)
noruestesueste	(0,10179)
mentemos	(1,1294)
habana45	(5,3681)
chamarras	(0,7291)
warranty	(5,9092), (0,13937), (1,19186), (4,9111), (2,8262), (3,3240), (5,9085), (1,19193), (4,9118), (0,13930), (2,8269), (3,3233)
llevemos	(4,1292), (1,9198)
tertulia	(2,4896)
arrojadiza	(1,3911)
arrebol	(4,5536)
emperadores	(2,3461), (3,2781), (5,4927), (1,1132)
vais	(1,1440), (1,14465), (4,2662), (1,6403), (4,4362), (4,8266), (0,2183), (1,1993), (1,1995), (1,1997), (4,7376), (4,4913), (4,2804), (4,6389), (4,3161), (1,15030), (4,2042), (1,15032), (0,3162), (4,2656), (2,5152), (1,14335)
cabala	(2,4106)
expedido	(0,324)
pulpo	(4,3859), (1,16908), (1,16910)
canonizados	(4,3632)
eduardo	(3,2296), (3,2298)
saldra	(2,7653), (1,5670), (2,4633), (2,6569), (1,4921), (3,1004), (0,2761), (1,3004), (2,3917)
expedida	(0,13059)
localizaciones	(5,5002)
parecele	(5,7409)
gozasemos	(4,8335)
saldre	(1,5298), (0,5825), (1,18821), (1,1704)
namorado	(4,4872)
jenova	(1,2122)
works	(4,9155), (1,19232), (3,3046), (5,9128), (5,9131), (1,18986), (1,19242), (4,9166), (0,13898), (1,18987), (2,8205), (0,13900), (2,8209), (1,18992), (5,8885), (5,9141), (3,3060), (5,8886), (4,8918), (2,8213), (4,8919), (0,13908), (5,8891), (1,18999), (4,8923), (0,13911), (3,3067), (3,3324), (4,8929), (5,8898), (3,3074), (0,13921), (2,8229), (0,13923), (1,19013), (2,8231), (3,3083), (3,3086), (4,8943), (5,8912), (1,19020), (1,19277), (3,3088), (2,8239), (3,3092), (2,8243), (3,3093), (5,8919), (1,19027), (4,8951), (5,9176), (3,3097), (3,3353), (3,3100), (3,3356), (4,9213), (5,8926), (3,3101), (4,8958), (2,8253), (1,19036), (2,8255), (1,19039), (1,19041), (5,8935), (4,8967), (1,19045), (3,3112), (5,8938), (1,19046), (4,8970), (5,8940), (4,8972), (1,19050), (1,19306), (5,8944), (4,8976), (5,8945), (1,19053), (1,19309), (1,19054), (5,8949), (5,9205), (4,8981), (4,8983), (5,8952), (5,9208), (4,8984), (5,8953), (0,13973), (4,9244), (0,13976), (1,19065), (4,9247), (4,8995), (5,8964), (0,13986), (0,13734), (0,13735), (3,3149), (0,13740), (2,8305), (0,13745), (2,8308), (2,8062), (2,8318), (2,8063), (0,13757), (1,19102), (4,9029), (2,8068), (5,9001), (0,13764), (3,3176), (3,3180), (2,8075), (0,13771), (3,3184), (0,14033), (0,13781), (2,8089), (0,13784), (1,19129), (0,13786), (4,9055), (1,19133), (3,3200), (2,8096), (0,13790), (3,3202), (2,8353), (4,9059), (5,9028), (0,13791), (1,19137), (4,9063), (5,9032), (0,13795), (2,8103), (0,13798), (3,3210), (5,9036), (0,13799), (3,3214), (2,8112), (0,14062), (1,19153), (2,8115), (0,14065), (0,13810), (1,19155), (2,8117), (4,9079), (3,3224), (4,9081), (3,3226), (2,8121), (5,9052), (2,8122), (5,9054), (1,19163), (2,8126), (2,8382), (4,9089), (1,19167), (2,8129), (2,8385), (2,8130), (4,9092), (5,9062), (5,9066), (1,19177), (4,9102), (1,19179), (2,8141), (4,9104), (5,9076), (5,9078), (0,13847), (3,3276), (3,3279), (2,8178), (0,13874), (3,3033), (3,3289), (0,13878), (3,3034), (0,13882), (3,3039), (1,19229), (4,9153)
feriales	(4,2935)
figuran	(5,6530)
zahones	(1,10922)
escribille	(1,18291)
alguacil	(1,17056), (1,17120), (1,5348), (1,17124), (1,12966), (1,17126), (1,5351), (1,12775), (1,17129), (1,12970), (1,5356), (1,17068), (1,11437), (1,5294), (1,17135), (2,6033), (1,12977), (1,11442), (1,5301), (1,17082), (1,17916), (1,12991), (1,17152), (2,165), (0,1187), (1,5316), (1,17092), (1,13001), (1,17098), (1,17163), (1,17100), (1,17101), (1,5326), (1,12756), (1,11414), (0,6006), (1,12760), (1,3483), (1,5339), (1,12764), (1,17116), (1,11422)
sorcido	(4,450)
alevosas	(4,3128)
juzgando	(3,1266), (2,6929), (5,6788), (5,3013), (5,2726), (1,2358), (3,815)
encomendandose	(0,5984), (0,8693), (1,4201)
resuelto	(0,897), (3,2726), (5,2125), (0,11849), (0,746), (2,1580), (2,7053), (1,6572), (2,7054), (5,1906), (5,4210), (3,2513), (5,1431), (2,4694), (1,9461), (2,2488), (5,5788), (2,5568)
combinandose	(3,1611)
resuelta	(5,1158), (5,423), (1,18727), (5,2958), (5,563)
vale	(4,6861), (4,3663), (5,6961), (1,12212), (4,3416), (1,8118), (0,342), (0,10329), (2,1308), (2,4252), (4,2783), (1,6717), (1,18114), (2,4262), (4,5480), (2,2347), (4,5614), (1,15825), (1,212), (0,11898), (1,15835), (4,7551), (1,18269), (1,18272), (4,2310), (0,6787), (4,4617), (1,10091), (4,4752), (1,4078), (4,7956), (4,2197), (1,12530), (2,856), (4,3611), (4,1565), (4,3998), (4,7714), (4,6563), (1,18690), (1,2949), (4,7851), (0,8105), (1,5909), (4,2106), (4,5055), (1,18716), (4,5696), (1,18717)
world	(5,4), (3,4), (0,13825), (2,4), (1,4), (3,3127), (0,5), (1,19080), (2,8156), (5,8979)
parva	(5,5301)
contare	(1,4116), (1,14486), (1,2970), (1,16317)
rescatareis	(0,4664)
agradecimientos	(1,7235), (1,7277)
vala	(4,1921)
figurar	(4,101), (0,825), (2,495)
pareceme	(1,8481), (1,16337), (1,17828), (1,9189), (1,4270), (1,18286), (4,6770)
figuras	(2,834), (1,8385), (1,18082), (1,8387), (0,99), (0,6115), (1,16261), (1,8422), (2,1962), (1,9609), (0,172), (5,4433), (0,12972), (5,724), (1,17619), (1,18099), (1,8153), (0,9693)
recomendada	(4,7627)
guardias	(2,1185), (2,5089), (2,3202), (2,1187), (2,5091), (2,687), (2,5455), (2,1168), (0,2382), (2,2482), (0,371), (2,1176), (2,313), (2,2493), (2,6271), (0,13086)
cometiendo	(2,6700)
guardian	(3,1954), (0,9554), (4,5371), (1,3834), (1,8282), (1,3435), (0,9547)
mdlxv	(0,9325)
vistieron	(1,6291), (4,945), (1,7646)
paduanas	(4,3018)
tormes	(1,7619), (4,6769)
perturba	(2,1274)
contara	(4,1048), (1,16474)
lustrar	(4,7387)
cavallero	(4,4756), (0,2037), (0,2039), (0,937), (0,942)
granadinas	(4,3013)
insercion	(0,530), (0,13621)
bahias	(0,7903), (0,10177), (0,6794), (3,2302), (0,9948)
agraviar	(1,16736), (1,10852), (1,5996)
igualando	(1,8039)
debilitan	(5,6983)
despensero	(4,4084), (1,9585), (4,4085), (1,9587), (0,9554), (1,9525), (1,9797), (1,9877), (4,4107), (0,9559), (0,9548)
magistralmente	(5,7701), (5,5623), (5,6354)
sordos	(4,7340)
determinaciones	(2,1206)
refinada	(2,2676)
provocara	(2,6891)
faisan	(4,7805), (4,3534)
cogiendola	(1,8704), (1,2598)
cogiendole	(1,7016)
distraerlo	(5,7442)
soberbio	(1,11761), (2,7318)
refinado	(2,3189), (0,3742)
timbre	(5,4127)
piedra	(4,6148), (0,10880), (0,10881), (3,357), (0,10882), (1,3812), (4,2249), (4,2186), (0,6346), (4,1999), (3,369), (5,4916), (5,247), (0,1170), (1,18163), (3,1143), (0,6229), (1,18167), (2,6043), (1,2428), (0,1183), (1,642), (4,2213), (0,6689), (5,7302), (1,13062), (1,11785), (2,6059), (1,11402), (0,11369), (0,10986), (0,10156), (0,6702), (3,146), (0,9968), (0,9970), (3,1110), (0,9971), (0,6324), (3,1304), (0,11573), (4,6779), (0,11577), (3,1759), (3,1120), (5,1634)
zumbando	(2,5652)
disculpa	(1,4134), (2,6279), (1,13190), (1,6766), (1,13166), (1,14062), (1,11505), (1,15697), (1,2357), (1,10741), (1,2230), (1,15641), (1,14906), (4,8479), (1,13244), (1,10397), (1,10943), (1,16511)
publication	(2,20)
sempre	(4,7157), (4,7159), (4,7218)
envarcarse	(0,4900)
vano	(5,4805), (5,1383), (5,6281), (5,7018), (2,5608), (5,6347), (1,9677), (2,7730), (5,2711), (5,3352), (4,7096), (2,6137), (5,5987)
different	(4,9092), (2,8243), (5,9066), (0,13911), (3,3214), (1,19167)
soberbia	(4,1319), (1,3108), (5,282), (5,3916), (1,3098)
ruinosos	(3,112)
criticismo	(5,5077)
fallo	(5,1669), (5,1511), (5,2183), (5,3817), (0,517), (5,7885), (5,1520), (5,7890), (5,1844), (5,6870), (5,1563), (5,2109), (5,3072), (5,5857), (5,3011)
disculpo	(1,2862), (2,6783)
suscitada	(2,5378)
hepate	(2,1815)
tiron	(1,5424)
vana	(5,2950), (4,7095), (1,18340), (1,14600)
caritativa	(2,2593), (4,6203), (1,14666), (1,12909), (2,1728)
quebrado	(4,8020), (0,9985), (1,11394)
ruinmente	(4,6321)
preserve	(1,19040), (2,8116), (5,8939), (4,8971), (0,13785), (3,3087)
pareceos	(4,6291), (1,14994)
pudiesedes	(1,9709)
kant	(5,4297), (5,5034), (5,8378), (5,4284)
merescia	(0,6667), (0,7179)
preservo	(4,8397)
movimiento	(5,2213), (5,6981), (2,7619), (5,4681), (1,13737), (1,3084), (5,3187), (2,1490), (5,2615), (5,2968), (5,2489), (2,3737), (5,5724), (1,6426), (0,634), (5,4255), (2,5948), (5,736), (5,673), (2,5854), (5,6626), (5,1251)
vame	(1,17600)
monografia	(5,5377)
andaluza	(4,8900), (4,8903), (4,9), (4,75), (4,172), (4,3340), (4,269), (4,4752), (4,145), (4,114), (4,20), (4,183), (4,1)
caminasen	(1,13301)
caritativo	(1,1878)
cofin	(4,4196)
quebrada	(0,9857), (4,1958), (0,5458), (0,11571), (0,8660), (4,8541), (1,18682), (0,10395)
pulso	(1,630), (5,2842), (1,9272), (1,17754), (1,9451)
espontaneidad	(5,6307)
hizosenos	(0,10643)
expedian	(5,5226)
refresco	(0,1809), (0,7505), (0,4636), (0,10237)
depusieron	(5,5144), (3,2058)
torrontes	(4,1647)
cortaran	(4,3274)
castas	(1,1603), (4,6310), (2,2183), (1,17583)
palabrotas	(2,4404), (2,4475)
juliana	(1,5569), (1,5491), (1,5590), (1,5673), (1,5516), (1,5677)
repicar	(1,18510)
ballestero	(4,525)
bolsa	(4,2182), (1,5348), (1,4902), (1,5356), (1,4911), (1,4917), (4,5594), (1,17210), (4,5726), (4,5728), (4,5730), (4,5731), (1,5312), (1,5315), (4,7270), (1,4932), (1,18056), (1,18632), (4,5357), (1,4944), (1,5456), (1,5329), (1,4886), (1,5336), (1,5338), (4,2110), (1,4892), (1,4957), (4,6656)
tiros	(3,1426), (2,1187), (0,10627), (0,10596), (0,2325), (3,2152), (1,6678), (2,7660), (3,1761), (1,10959)
borraban	(5,3939)
sello	(2,6689), (1,9616), (5,4965), (2,54), (2,1622), (4,1162), (2,1642), (5,6302), (1,9967)
aborrecemos	(2,6700)
escuadra	(1,3217), (3,2372), (3,2357), (2,1717), (2,2021), (1,6103), (2,2748), (0,13147), (3,2288), (4,3922), (0,12910)
cabana	(5,1014), (5,8824), (5,1101), (5,1152)
provocase	(1,10015)
mianlu	(3,2404)
cosquillas	(1,1986)
incorpora	(3,1288)
contame	(4,5375)
parecera	(1,4934), (2,1322), (4,1804), (1,18010), (1,1691)
riqueza	(1,8674), (0,773), (1,14315), (1,14575), (2,3153), (5,122), (5,256), (3,383), (3,2177), (1,6527), (5,6915), (5,6470), (0,4774), (1,16712), (1,16715), (4,6705), (3,1171), (1,7827), (1,8149), (1,9430), (5,1436), (1,2332), (5,3552), (1,3101), (1,4189), (1,6237), (1,6557), (0,766), (5,5731)
defensor	(5,3078), (1,18916), (4,8617), (1,14952), (5,7746), (5,1379), (5,1667)
hendidura	(2,7718)
ordenandome	(2,1080)
publicamente	(5,2789), (5,4629), (0,5457), (1,15252), (1,14725), (5,1883), (1,14743), (2,6796), (4,6047), (1,15212), (5,3729), (0,4541)
descriptiva	(5,6318)
esclavista	(5,597), (5,2647), (5,2416), (5,1761), (5,2449), (5,1778), (5,2915)
imperaba	(5,2039), (5,584), (5,1162), (2,1545), (2,5211)
atada	(4,8275), (1,1025), (1,13692)
enterro	(1,2877)
esculpirme	(1,131)
ofenda	(1,15911)
aumentar	(5,725), (5,670), (5,3663)
triunfando	(1,2087)
exhibir	(5,7622)
manotear	(2,393)
atado	(1,13366), (4,522), (0,6632), (0,6457), (1,16666), (2,7852), (2,1949), (2,5727), (0,6429), (0,6398)
chalupas	(0,10687), (0,3234)
dracon	(2,6660)
apocrifo	(5,7622), (5,4862)
quepa	(1,9778)
desperte	(4,4365), (1,12715), (4,1872), (4,8242)
licito	(1,13506), (5,2103), (0,195), (3,854), (5,3064), (5,142), (5,2304), (5,4640), (5,4481), (0,2862)
marinos	(3,2552)
torcidos	(4,915), (4,428), (1,18556)
tocaba	(1,2160), (5,2981), (5,2791), (2,3287), (1,11254), (5,1999), (5,1936), (1,11788), (1,8765), (1,3359), (1,10543), (1,11631)
americanos	(5,6837), (5,6857), (5,5563), (5,6781), (5,6799), (5,1105), (5,5633), (5,6849), (5,6914), (5,2387), (5,6867)
honrarlos	(1,7633)
invencibles	(1,1121), (5,1422)
dimitte	(2,303)
tonada	(1,9716)
embadurnado	(2,5141)
vara	(4,899), (4,744), (1,7942), (1,7927), (0,9974), (2,3577), (1,8218), (1,813)
accept	(1,19024), (2,8100), (5,8923), (4,8955), (0,13768), (3,3071)
surcado	(5,4175)
milicianos	(2,7490), (2,356), (2,7173), (2,1254), (2,8006), (2,6151), (2,7176), (2,1098), (2,7115), (2,7563), (2,7698), (2,4691), (2,6966), (2,5209), (2,7705), (2,6074), (2,7546), (2,1211), (5,2783), (2,7580), (2,7261), (2,6334), (2,6079)
riesgos	(0,3697), (3,2432), (0,3677)
autentico	(0,2965)
access	(2,8194), (3,3175), (1,19113), (3,3180), (2,8204), (4,9039), (0,13899), (0,13772), (1,19118), (2,8209), (5,9012), (4,9044), (5,9017), (1,19128), (0,13785), (4,9054), (1,19133), (3,3201), (5,9027), (4,9059), (3,3075), (5,9032), (2,8230), (2,8104), (0,13798), (3,3087), (1,19154), (2,8116), (1,19028), (4,9080), (5,9053), (3,3100), (5,8927), (0,13818), (4,8959), (2,8129), (1,19040), (5,8939), (4,8971), (1,19053), (3,3120), (0,13837), (2,8149), (4,8983), (5,8952), (3,3139), (1,19073), (0,13858), (2,8168), (4,9003), (5,8972), (0,13863), (0,13873), (1,19092), (3,3160), (4,9018), (0,13878), (3,3165), (5,8991), (2,8189)
cogio	(2,4331), (2,4140), (1,717), (1,10541)
acceso	(5,7439), (5,7551)
increible	(5,1477), (1,15830), (2,6250), (1,8411)
estibarribia	(0,12258), (0,9547)
avertenian	(0,9243), (0,13596)
quemo	(0,8609), (5,793), (2,4028), (0,10699)
anfiteatros	(1,7783)
agresion	(5,967)
ladrillado	(1,5087)
clausula	(5,6824), (5,6828), (0,5579), (4,3600)
tocado	(1,7240), (1,9417), (1,6699), (4,881), (5,4691), (4,4150), (5,2136), (3,1175), (4,761), (1,18710), (1,5401), (1,6297), (2,6495)
atendieron	(2,889)
bergantines	(0,13497)
atribuimos	(1,5040)
recomendame	(4,7697)
almastiga	(4,7603)
1809	(5,1999)
viejo	(4,7748), (2,7810), (1,3878), (1,9642), (1,9515), (4,7120), (1,1582), (1,18224), (1,10420), (5,6201), (1,10039), (1,10679), (1,10168), (1,10425), (5,830), (1,1722), (1,16826), (2,6945), (1,1730), (1,8388), (1,10565), (1,10185), (2,5422), (2,948), (4,3959), (1,10715), (2,5310), (4,6145), (1,8542), (2,6720), (5,4200), (1,10212), (2,1606), (0,7044), (4,4105), (1,10470), (2,1482), (4,5390), (2,6093), (1,9964), (1,8685), (0,8466), (1,18931), (1,1656), (1,9465), (1,11773), (1,15102), (5,2819), (1,17407), (1,9474), (1,9986), (1,8452), (0,6180), (1,18950), (0,6184), (4,1966), (1,9997), (4,1713), (1,9614), (1,6031), (2,3187), (1,9492), (1,10132), (4,7096), (2,7927), (4,7099), (1,9880), (1,10136), (2,3195), (1,16410), (4,7742), (1,6044), (4,7745), (0,9790)
escritura	(2,6081), (1,16208), (0,8820), (1,6091), (1,8494)
levantando	(5,1529), (5,715), (2,394), (1,7405)
tocada	(2,1764), (1,13124), (1,1692), (1,18797), (0,8029)
quelo	(4,3401)
vate	(5,3892), (5,6436), (5,6326)
1800	(5,3596)
vaso	(2,1795), (1,7922), (2,4085), (2,1878), (2,6487), (1,8041), (2,1916)
aumentan	(1,9433), (5,5694)
intienda	(0,3089)
quejandose	(0,2450), (2,283)
cogia	(0,8298), (4,8255), (1,11500)
acuchillando	(2,865)
ornaba	(2,6149), (5,7536)
queme	(2,5165)
temblores	(2,1595)
ofende	(2,2129), (1,8920), (1,16745), (1,16602), (0,2922), (4,7182)
problemas	(5,4790), (5,6108), (5,3071), (5,113), (5,4275)
sudando	(2,6354), (1,5394), (4,2082)
inmediaciones	(3,628), (3,2852), (3,1642), (3,2635), (3,2045), (3,1105)
vieja	(1,17696), (1,5409), (4,6598), (4,8135), (1,550), (1,17446), (1,17447), (1,552), (1,17448), (1,2859), (1,5419), (1,17455), (1,17459), (1,5433), (1,17466), (1,1084), (1,18748), (1,2621), (1,10045), (1,17470), (1,2623), (4,2531), (4,2533), (1,5442), (4,6889), (1,1607), (4,2538), (4,2539), (4,6380), (1,1099), (1,2635), (1,1357), (4,755), (1,17744), (1,1363), (1,1368), (1,5469), (1,17757), (1,608), (4,2564), (4,2569), (4,2059), (1,617), (4,6670), (4,2575), (1,2413), (1,17774), (1,17777), (1,1138), (1,1394), (4,1046), (1,2165), (1,17782), (4,4122), (4,6428), (4,6175), (1,17788), (4,8736), (1,383), (1,388), (1,913), (1,12435), (4,7735), (1,405), (1,18837), (4,6970), (4,7745), (4,6982), (4,7751), (1,934), (1,18599), (4,2123), (1,18604), (4,6996), (1,2738), (1,951), (1,6077), (5,2119), (4,7273), (2,3240), (1,10445), (1,718), (3,1168), (1,10446), (4,885), (4,3193), (1,1495), (1,17623), (4,1919), (1,2780), (1,989), (1,2528), (1,10464), (1,994), (1,9962), (1,1004), (1,1517), (4,6291), (4,5781), (1,756), (4,3223), (1,5110), (0,10775), (4,7326), (1,10235), (1,17659), (1,1532), (0,6181), (1,264), (1,5384), (1,2828), (1,278), (0,4150), (1,17431), (1,280), (1,793), (4,6076), (1,18714), (4,6079), (4,6081)
mofarse	(2,5078)
1803	(5,6948)
mulantes	(1,11768)
canonjias	(2,7042)
declare	(2,1059), (2,5162), (5,7392), (5,7377)
impulsar	(5,2378), (2,6936), (2,1737)
parda	(1,7924), (1,17979)
declara	(3,1955), (1,963), (5,4814), (0,5134), (0,5167), (3,2035), (0,5488), (1,4562), (0,5651), (3,2007), (3,2072), (0,4727), (5,6910), (2,5501), (5,1537)
oportunos	(3,2549)
clausura	(1,10064), (5,2635), (5,4699), (5,4237), (1,9931)
1811	(2,5478)
trabajaba	(0,6095)
1810	(5,6291)
majestades	(1,905), (0,2154)
acusacion	(5,2309), (2,2261), (2,2166), (5,1020), (2,2265), (2,2281), (5,3836)
declaro	(2,2241), (2,7137), (0,2593), (5,5608), (2,775), (1,4199), (3,1962), (1,11496), (2,5163), (4,7054), (1,7885), (1,11373), (1,3283), (2,3671), (2,2073), (3,1568)
agresiva	(5,6815)
1815	(2,6323)
1813	(2,965), (2,1032)
psicologico	(5,5512)
1812	(0,414)
insiste	(5,2933), (0,972), (5,6945)
presumieran	(1,108)
dondequiera	(5,5858)
aprendiendo	(1,16818), (1,6133)
subgecion	(0,8962)
agresivo	(2,2337), (5,220), (5,1968)
155924	(0,3138), (0,3063), (0,11943), (0,11947)
1822	(5,5526), (5,5463), (5,5426)
1821	(2,3873), (5,4756), (2,4946), (2,3251), (2,100), (2,3209), (2,1566)
raera	(4,7032)
1820	(5,149), (2,1731), (2,983), (2,3214)
desmayar	(1,13723), (1,1454)
queso	(4,2420), (1,5473), (1,16932), (4,1567), (4,1839), (1,17006)
autentica	(2,6178), (5,7935), (5,7600)
pardo	(5,8569), (5,6782), (1,10923)
once	(0,577), (5,1350), (2,3108), (1,7621), (1,14341), (0,11845), (5,6379), (1,15881), (4,781), (1,12305), (0,242), (1,6675), (1,8664), (1,4700), (5,6337), (0,893), (2,1311), (2,6335)
soberano	(3,2788), (2,5572), (5,5834), (3,2666), (2,6507), (2,300), (2,428), (2,4364), (5,5455), (3,2769), (5,276), (5,954), (2,7095), (2,3773), (2,286), (5,5794)
contase	(1,13058), (1,15767)
emendallo	(4,1850)
1829	(5,6151), (5,6333), (5,6032), (5,6017)
impulsan	(2,3908)
1828	(5,3636)
escogidos	(3,882), (3,663), (5,1213), (5,1218)
insisto	(2,937)
1827	(5,3673), (5,6204)
soberana	(2,435), (5,127), (5,1826)
alixandroalejandro	(4,44)
1823	(5,7055), (5,5345), (5,7026)
hallardes	(0,4754), (0,4741), (0,4666)
ataba	(2,7662)
renacimiento	(5,6556), (5,6622)
cogen	(0,6402), (0,7598)
chiloe	(3,2914), (3,2467), (3,420), (3,2532), (3,2852), (3,2469), (3,2215), (3,2921), (3,2092), (3,2540), (3,2925), (3,2542), (3,2862), (3,432), (3,2545), (3,2609), (3,434), (3,2482), (3,435), (3,756), (3,1973), (3,2485), (3,2933), (3,1847), (3,2616), (3,505), (3,953), (3,3007), (3,448), (3,2496), (3,2627), (3,2503), (3,1933), (3,1363), (3,341), (3,342), (3,926), (3,929)
resolucion	(1,11360), (1,7204), (1,3495), (1,11495), (1,5608), (1,13161), (1,12522), (1,18922), (1,1899), (1,18734), (0,658), (5,3767), (1,4403), (0,5394), (1,7413), (2,2647), (1,15862), (2,5592), (1,9399), (3,2810), (1,2745), (1,7354), (1,5116), (1,1149), (2,1377), (1,7040), (5,2183), (1,8389), (3,2441), (1,7689), (0,811), (1,13004), (1,8589), (1,4174), (1,14734), (1,2383), (0,1839), (5,7700), (2,1460), (5,3544), (1,4376), (5,992), (5,3104), (5,993), (2,7102), (2,1280)
tiernecita	(2,3227)
vaya	(1,11044), (2,1288), (0,3270), (0,3398), (0,4296), (2,7563), (4,8141), (4,1230), (4,3662), (4,2258), (0,4430), (2,5777), (1,11312), (4,6102), (0,1619), (2,3862), (4,602), (1,823), (0,3803), (1,3900), (4,7647), (4,608), (0,4445), (0,2654), (4,4962), (0,2784), (4,2662), (4,3047), (4,2793), (0,5733), (4,2794), (4,2796), (2,815), (4,7538), (4,5363), (0,5232), (0,4337), (1,5715), (1,9811), (0,11892), (4,2683), (0,3320), (0,5752), (0,1660), (2,5058), (2,1859), (0,5377), (4,7685), (0,2309), (0,1930), (0,2827), (4,4501), (1,3828), (3,823), (2,5335), (4,5542), (4,7979), (0,3112), (1,9995), (0,3115), (4,6319), (2,5870), (4,8496), (0,1455), (4,7987), (1,1939), (4,4790), (1,5531), (4,577)
parar	(5,5637), (1,13185), (1,9378), (0,5733), (1,11145), (2,1131), (0,6218), (0,7274), (0,7343), (1,18192), (1,6930), (0,9234), (1,13302), (0,7638), (1,14007), (0,4856), (5,7901), (1,12218), (1,7515), (1,4703), (1,18591)
plafagonia	(1,17409)
poniendonos	(2,1819), (0,9613)
coger	(2,4770), (1,4034), (0,8673), (1,18211), (1,4037), (1,15814), (1,17222), (1,937), (1,16585), (4,5687), (4,8375), (1,13525), (2,5913), (2,4670), (1,14334)
inmediatos	(3,1666), (3,2098), (3,628), (0,482), (3,1495), (3,2153), (3,1578), (5,237), (5,1249), (3,513), (3,1505)
trataremos	(2,3028), (0,9213)
1833	(5,7652), (5,4822), (5,3705), (5,4781)
desdel	(0,11584), (0,10949), (0,11276)
1832	(5,6166), (5,6976), (5,3475)
afluyeron	(5,5188)
1831	(5,3475)
desden	(2,2657), (1,3059), (2,7397), (1,3109), (2,840), (5,6062), (5,847), (5,2658), (5,7778), (2,3408)
1830	(5,6343), (5,201), (5,4752), (5,5025)
trocando	(0,7476), (5,2061)
magnum	(5,7844)
paran	(1,16132), (4,6459), (4,2176)
parao	(0,6723), (0,6981), (0,8135), (0,9929), (0,6988), (0,7374), (0,7887), (0,7376), (0,6997), (0,6998), (0,7510), (0,7385), (0,8155), (0,7005), (0,7390), (0,7391), (0,7519), (0,7392), (0,7394), (0,7523), (0,10339), (0,10468), (0,8038), (0,7527), (0,7529), (0,10474), (0,10475), (0,10477), (0,8431), (0,10481), (0,7927), (0,7929), (0,10489), (0,8058), (0,8956), (0,7549), (0,7934), (0,7554), (0,7939), (0,10116), (0,7943), (0,9991), (0,10378), (0,10251), (0,10379), (0,8076), (0,7949), (0,10382), (0,10255), (0,7958), (0,8984), (0,7961), (0,7580), (0,7964), (0,7965), (0,10653), (0,7582), (0,6559), (0,10273), (0,10274), (0,7590), (0,10410), (0,6320), (0,7473), (0,8119), (0,7737), (0,7610), (0,7613)
febrerorelacion	(0,11831)
hallasemos	(0,4009), (0,7723)
1839	(5,6948), (5,4838)
1837	(5,3744)
entretenida	(1,18143)
1836	(3,56), (5,7066), (5,7056)
elbachiller	(5,3857)
1835	(5,6062)
magnus	(5,3412)
1834	(5,4827)
onez	(1,1305)
rialto	(4,6404), (4,218), (4,240)
entretenerse	(1,179), (1,3299), (1,2255)
vaxa	(0,10193)
desperto	(1,11009), (1,8690), (1,11010), (1,7622), (4,1882), (1,11159), (1,7512), (4,1869), (1,17371), (1,17789), (5,1090), (1,10542)
robles	(3,377), (3,1167)
entrasen	(0,6479), (1,6517), (0,8740), (0,7943), (4,4748), (3,2254), (1,2541), (0,5628), (1,3470), (1,14862)
1844	(5,3860), (5,3754), (5,3874), (5,5427)
1843	(5,3731)
1842	(5,7433), (5,3714)
1841	(5,6391), (5,7435), (5,6353)
1840	(5,3911), (5,4839), (5,4315)
ataco	(5,567)
senalaronse	(3,668)
tabardo	(4,2265), (4,2445)
1849	(5,7668)
conveniencias	(5,2490)
pescados	(4,436), (0,9811), (0,6695)
1848	(5,4138), (5,2512)
1847	(0,13028), (5,477), (5,1438), (5,4851)
rendicion	(5,6564), (2,4487)
1846	(5,2038), (5,3602), (5,6802)
1845	(5,3817)
hablillas	(2,6977)
inorante	(4,8387), (4,8361)
buscandolos	(2,3138)
moler	(4,6094), (4,5890)
quexa	(4,1082)
pacotilla	(2,4806)
equitativa	(5,7022)
garvin	(4,864)
travajar	(0,1228)
1855	(5,4415)
1854	(5,2061), (5,655), (5,2097), (5,2993), (5,642)
amenguaria	(5,5770)
1853	(5,600)
1852	(5,3238), (5,359), (5,1114), (5,1036), (5,2717), (5,7101), (5,4178), (5,387), (5,4947)
1851	(5,588), (5,465)
cavilaciones	(3,181)
1850	(5,8325), (5,396), (5,1292), (5,109), (5,8813), (5,4142), (5,5263), (5,496), (5,1042), (5,8818), (0,11629), (5,340), (5,86), (5,312), (5,1307), (5,1116), (5,1181), (5,7325), (5,607), (5,3201), (5,5346), (0,11645)
encargandome	(0,5809), (1,12516), (0,4078)
cortarle	(0,361)
halstead	(5,8283), (5,3123)
mirable	(4,4995), (4,283)
lanterna	(0,2289)
pedazuelos	(0,6382)
tirar	(4,1827), (0,6527), (1,2194), (0,10210), (0,6483), (0,10691), (4,3048), (5,634), (0,6949), (4,4605), (0,6489), (1,7946)
tiras	(5,4846)
1859	(5,950), (5,2630), (5,2758), (5,4214), (5,2696), (5,3272), (5,2466)
nordeste	(0,10431), (0,11072), (0,11201), (0,11074), (0,11076), (0,11204), (0,11332), (0,10565), (0,10949), (0,6217), (0,10953), (0,11210), (0,9675), (0,11083), (0,10956), (0,11218), (0,10965), (0,11221), (0,10839), (0,11095), (0,11225), (0,10971), (0,11101), (0,9694), (0,11230), (0,10975), (0,11104), (0,11107), (0,10985), (0,11241), (0,10606), (0,10607), (0,10991), (0,11251), (0,10996), (0,10486), (0,11254), (0,10999), (0,11129), (0,11261), (0,11263), (0,11136), (0,11011), (0,11526), (0,11016), (0,10889), (0,11147), (0,11275), (0,10894), (0,11152), (0,11025), (0,11281), (0,11409), (0,11154), (0,11028), (0,11413), (0,11159), (0,10520), (0,11160), (0,10521), (0,11417), (0,10525), (0,11039), (0,11041), (0,11044), (0,10662), (0,10918), (0,11047), (3,459), (3,466), (0,11567), (0,10929), (0,11190), (3,478), (0,10939)
1858	(5,7257), (5,2254), (5,1791), (5,2465), (5,1874), (5,2498)
1857	(4,131), (5,1338), (5,2284), (5,941), (5,1506), (5,2098), (5,931)
enroscaba	(2,3716)
equitativo	(5,3103)
tiran	(1,8736), (3,1110), (0,10101), (4,2170)
1856	(5,3332), (5,904), (5,1321), (5,1547), (5,2443), (5,3214), (5,4947), (5,2068), (5,1174), (5,729), (5,3068), (5,8828), (5,1021), (5,1182), (5,1186)
conjurar	(1,17513)
desalados	(1,15603)
collar	(2,3601), (2,3617), (1,7380), (1,6294), (2,3672), (1,17068), (1,16445), (1,9231), (1,17311)
capitaneada	(0,560), (0,262)
acoceando	(1,1737)
vieredes	(1,14097), (1,2006), (0,4341), (0,3079), (4,6110), (1,1052), (0,3565)
agravios	(5,7124), (1,5953), (5,6776), (0,3013), (1,8791), (5,5137), (1,5949), (0,13004)
filosofias	(5,3590), (1,16892)
olvidando	(5,5221), (1,6130), (5,6775), (2,4345), (0,249), (5,6864)
defensas	(1,1120), (5,762), (0,3013)
guante	(1,11370)
coloreros	(2,87), (2,169), (2,96)
1865	(5,7700), (5,7494), (5,6039), (5,7239), (5,7463), (5,3550)
1864	(5,1641)
vays	(0,2195)
