escuchaban	(1,9954), (1,12836), (1,9672), (1,14824), (1,365)
pasaramos	(0,10602)
lastimeros	(2,1440)
propter	(1,8255)
chiquillanes	(3,1053), (3,305)
desta	(1,2080), (4,4036), (1,9250), (4,6087), (0,6729), (1,14379), (0,8783), (0,4177), (1,9780), (1,6197), (1,14905), (4,479), (4,4064), (0,2657), (1,12868), (1,17477), (1,12358), (4,7658), (0,9830), (0,10854), (1,15432), (1,17996), (0,8812), (0,6772), (0,5749), (0,2172), (1,13921), (4,8710), (4,7690), (0,10886), (4,3598), (1,6251), (0,8844), (4,8210), (0,4242), (1,11386), (0,10905), (0,8347), (0,9884), (1,5758), (4,1573), (0,6308), (0,11429), (1,2695), (1,12423), (0,11431), (0,1192), (1,14474), (0,11439), (0,3760), (0,7348), (0,11450), (4,3135), (0,10939), (1,2717), (1,2207), (0,5313), (0,1223), (0,11463), (0,8393), (1,18094), (1,15538), (0,9938), (0,2771), (0,7891), (0,2773), (1,10934), (0,4310), (0,3287), (4,2655), (1,13503), (4,2660), (1,1730), (0,7905), (0,4324), (1,1226), (1,10954), (0,7914), (0,4331), (0,5355), (0,4845), (0,2798), (1,18128), (0,8944), (0,9457), (4,5753), (0,1270), (0,5367), (1,6361), (0,3321), (0,8441), (0,13561), (0,1275), (0,5371), (0,13563), (1,7901), (0,8957), (1,6880), (4,3204), (1,15074), (0,7940), (0,5383), (1,17133), (0,6415), (0,12048), (0,11538), (0,7955), (0,11539), (0,4374), (0,5403), (1,9470), (0,3358), (1,11520), (1,16642), (1,4868), (1,15620), (0,7972), (1,16650), (1,15628), (0,7981), (0,4400), (0,5428), (0,7992), (0,8506), (0,5438), (1,13093), (0,3399), (1,11560), (1,18221), (0,3409), (1,11570), (0,3411), (0,8019), (1,1847), (0,7511), (0,5464), (1,1850), (0,11613), (4,7906), (1,3906), (1,14660), (1,12105), (1,6986), (1,12113), (0,9073), (1,1876), (1,16219), (0,1403), (1,3421), (0,2944), (0,8577), (1,11106), (0,5509), (1,8038), (0,2951), (0,11657), (1,6508), (0,5004), (1,16237), (0,6541), (1,15214), (1,11120), (0,8080), (1,5491), (0,5523), (0,2452), (1,10615), (1,11640), (1,4473), (4,1824), (1,9597), (1,1918), (1,4991), (1,2948), (0,5539), (0,7589), (1,10632), (0,8108), (1,18830), (1,6544), (1,9106), (1,5525), (1,6552), (1,10648), (1,15768), (1,2970), (1,5531), (1,12699), (1,10652), (4,3394), (1,7584), (0,11712), (1,12705), (1,8611), (1,10661), (1,10665), (1,3498), (0,6092), (0,9164), (1,16818), (1,18867), (1,12731), (0,7643), (4,3940), (0,5600), (0,5601), (1,452), (4,8040), (0,6633), (1,12747), (0,4076), (4,3445), (4,6519), (1,9685), (1,7129), (4,4992), (0,5119), (4,4996), (4,6023), (4,394), (1,12777), (1,18412), (1,2030), (1,6135), (1,10231), (0,7704), (0,2073), (0,8217), (0,10268), (4,6561), (0,2594), (1,6660), (0,8739), (0,4132), (0,8751), (1,17936), (1,17939), (0,7734), (0,5692), (4,3009)
espantados	(2,4311)
deterioro	(5,6430)
antiespanolismo	(5,6805)
segurola	(3,269)
juntamos	(1,17580)
hoyos	(3,936), (1,744)
armoles	(1,10968)
arde	(2,7117)
atanen	(5,6799)
desastrosas	(2,4075)
mercenario	(0,518)
arca	(1,8226), (1,5097), (5,272)
vengadores	(1,11420)
cuentezuelas	(0,10634)
aprobado	(0,12896)
estrecha	(0,671), (3,1875), (5,1031), (2,7716), (2,7717), (4,6986), (3,1405), (1,4718), (2,4144)
gimen	(5,6421)
merezco	(2,3460), (2,3405), (1,6989), (4,7554)
arco	(0,6959), (0,10100), (5,1098), (0,10101), (2,88), (1,8119)
bajada	(5,4407), (1,12971)
desparecido	(1,17790)
aprobada	(0,13013)
sete	(1,4060)
terrorificas	(2,5426), (2,6069)
xpo	(4,54)
estrecho	(0,6975), (1,7073), (5,7717), (3,2788), (0,6980), (0,4037), (0,4041), (3,1645), (3,878), (1,2476), (3,623), (3,2290), (0,3151), (1,17712), (3,1908), (3,759), (1,6456), (3,2301), (1,17469), (1,17726), (3,775), (3,903), (2,3495), (5,3661), (3,652), (3,141), (3,397), (3,2320), (1,10064), (2,946), (0,7024), (1,3282), (0,12660), (3,664), (2,1336), (5,7259), (3,797), (3,544), (5,5347), (3,930), (3,933), (1,6500), (0,6915), (1,15974), (3,2345), (5,4461), (5,2159), (0,7306), (3,436), (1,7923), (3,2234), (3,700), (2,1371), (3,2236), (3,445), (3,701), (3,702), (3,2238), (3,703), (0,5788), (0,541), (3,832), (0,5789), (1,11390), (3,577), (1,10495), (3,707), (3,2243), (3,708), (3,1861), (0,7074), (3,710), (0,7076), (3,712), (0,7205), (0,7206), (3,714), (3,2763), (3,2253), (0,7210), (3,2126), (0,7212), (0,13356), (3,722), (3,473), (1,8347), (0,3899), (3,2272)
merezca	(1,6979), (1,6205), (1,6365), (5,6578)
formando	(5,6292), (1,3592), (5,560), (3,2430), (5,4080)
locanda	(4,5989), (4,4745)
ilustres	(5,2677), (1,8130), (1,4676), (5,2873), (5,1706), (1,13430), (2,6664), (2,2394), (1,6301)
chatillo	(2,181)
suavizara	(2,6802)
taciturnamente	(2,852)
percebirlo	(1,18677)
inundar	(5,273)
dagas	(1,5121), (0,466), (0,10100), (0,10212), (0,7864), (1,13773), (1,10959)
toneles	(4,7524)
formara	(2,6719)
mesmos	(0,7943), (0,4760), (0,7149)
conejo	(2,4641)
introducir	(5,4308), (2,2905), (5,2991)
metemos	(4,7596)
pediros	(1,13444)
area	(5,120), (5,243)
posaderas	(1,11914)
apartemonos	(1,15192)
plazuela	(2,2692), (2,8020), (2,1253), (2,6518), (2,88)
istrion	(1,16683)
aveislo	(0,2353)
fiske	(5,2319)
hostiles	(5,4740), (5,2304), (5,2193), (5,2737), (5,3763)
ilesia	(4,1924)
reconditos	(3,1193)
introducia	(5,2056), (5,2399)
aprecialla	(1,6717)
envistiendola	(3,1261)
jaulas	(2,97), (0,6693), (2,2250), (2,92)
aprobaba	(5,1795)
600	(0,8367), (0,9507), (0,9400), (0,7005)
bajaba	(2,276), (5,487), (1,16931), (1,17027), (1,5094), (1,16646), (1,8680), (1,17404), (1,17005)
enmudecian	(1,17006)
escuchenle	(1,1408)
otrosi	(2,3191), (0,4520), (0,4492), (0,4828), (0,4301)
doctrinados	(0,1935), (3,2669)
granero	(5,7540), (1,7807)
mercancia	(4,554), (1,6602), (1,4043), (1,11325)
formats	(5,9141), (0,13986), (3,3289), (4,8906), (1,19242), (4,9166), (0,13722), (2,8318)
oliverio	(5,2820)
vileza	(4,5508), (2,7804)
desos	(1,1728), (4,5235), (4,1796), (1,1211), (1,12059), (1,10991)
torvo	(5,5593)
despedir	(1,10160), (1,15966)
numeroso	(5,3277), (5,1183), (5,4176)
castigareis	(0,1931)
estandole	(1,14744)
liebra	(4,1827)
liebre	(1,4644), (1,1686), (1,17261)
numerosa	(5,1079), (5,1242), (5,4058), (2,185), (5,1836), (5,3196), (2,3102), (5,690), (5,6018)
pedirme	(1,1059), (1,10637)
seys	(0,9100)
caminais	(1,1996)
imprimirsele	(1,8689)
consolador	(2,4219)
proveyendo	(0,8971)
vestuario	(3,1816), (3,1513), (3,528), (3,2112)
poltron	(4,7680)
aceitunas	(1,5474), (4,1566)
aventurandolo	(1,12595)
requerido	(0,2991)
sacudiendo	(1,11712), (5,1466), (5,4127)
birviesca	(0,3132)
aparejos	(0,1090), (0,1604), (0,1575), (0,4264), (0,1065), (0,6697), (0,1999), (0,1719), (4,5692), (0,1497), (0,4314), (0,4346), (0,1595), (0,1117)
maleados	(0,7284), (0,7702)
ondina	(2,3742)
desprendio	(5,420), (5,1828)
campanilla	(2,1397)
bellaqueria	(0,6543), (0,6528), (1,17188), (1,17529), (0,6811), (1,15388), (1,1598)
convenciones	(5,3292), (5,1215), (5,3455)
evitaremos	(2,7007)
canibales	(2,7671)
contienen	(4,308), (5,4837), (0,5296), (5,7367), (3,2441), (3,2443), (4,8640)
azotan	(1,5548), (4,3473)
sexo	(4,8515), (4,8568), (2,3837)
heredasen	(1,12435)
azotar	(4,1638), (1,8181), (1,8185), (1,8186)
contienes	(1,11196)
convencimientoestos	(3,267)
previlegio	(4,8479)
acompanolos	(1,6058)
named	(4,8905), (0,13721)
preguntemosle	(1,8611)
cabalgadas	(0,1278), (4,2978)
laques	(3,1313)
durmiese	(1,9526), (4,4352), (1,9997), (1,13198), (1,10111)
deseais	(1,17568), (4,3717), (1,3564)
puntillos	(1,5877)
padescera	(0,9264)
cuantas	(4,4677), (4,2503), (4,7112), (1,15533), (1,13618), (4,2522), (5,7483), (5,700), (4,7003), (4,6879), (1,9789), (5,4674), (4,4964), (4,2021), (4,6245), (4,2919), (4,7017), (4,7020), (4,5497), (4,4986), (5,5343), (1,11742), (1,9953), (1,13155), (1,11241), (1,13675), (1,17516), (1,13677), (1,13678), (4,5650), (4,2067), (4,6803), (4,7575), (2,1244), (2,226), (1,4355), (4,7975), (1,18953), (2,7917), (1,270), (1,17935), (4,2995), (4,4404), (4,2997), (4,1466), (5,4380), (2,2170), (1,18330), (4,8002)
tosca	(1,273), (1,7093)
infanteria	(1,7677)
jueguen	(2,2249)
xvi	(0,12415), (0,11840), (0,12808), (4,209), (0,12622), (0,12559), (0,12815), (0,12753), (0,12690), (0,12819), (0,12692), (5,6714), (0,12568), (0,12570), (0,12251), (0,12829), (0,13022), (0,12831), (5,7813), (0,12512), (0,12193), (4,2151), (0,12772), (0,12711), (4,114), (5,2708), (2,4338), (5,5849), (0,12405), (0,12725), (0,12343), (5,6623), (0,12157)
contienda	(5,661), (0,2880), (5,2153), (0,2839), (0,2632), (5,3583), (5,2305)
guiarnos	(1,4993), (3,2054)
durmiere	(4,8534)
aparejan	(0,829)
pesquisas	(2,606), (2,3520)
esguizaros	(1,5681)
shadows	(5,7403)
salvaria	(5,2187)
esparcia	(5,1979)
mortificar	(2,755)
monopolio	(5,3960)
dispongais	(4,617)
quales	(0,7616), (0,1089), (0,8514), (0,8132), (0,8645), (0,9029), (0,1354), (0,1611), (0,6475), (0,6990), (0,4816), (0,7121), (0,7122), (0,4309), (0,4823), (0,1882), (0,3930), (0,4570), (0,7386), (0,7770), (0,731), (0,8155), (0,2653), (0,2142), (0,8159), (0,6497), (0,7271), (0,8167), (0,6890), (0,7018), (0,8042), (0,9450), (0,8685), (0,2031), (0,8432), (0,2674), (0,1011), (0,4596), (0,4726), (0,1527), (0,3191), (0,7543), (0,4089), (0,6778), (0,4859), (0,8187), (0,8188), (0,7167), (0,8063), (0,5248), (0,8448), (0,6659), (0,8579), (0,1157), (0,3333), (0,6918), (0,9479), (0,6409), (0,6410), (0,6794), (0,1163), (0,8203), (0,3084), (0,4496), (0,2449), (0,8593), (0,3733), (0,1175), (0,1303), (0,7319), (0,1945), (0,3739), (0,9500), (0,1182), (0,1566), (0,2206), (0,1697), (0,6306), (0,8226), (0,8740), (0,3109), (0,8101), (0,4390), (0,2983), (0,4903), (0,6827), (0,1711), (0,6319), (0,1072), (0,4657), (0,7729), (0,8243), (0,5179), (0,6716)
recebirte	(1,6185)
mason	(5,2506), (5,1484), (2,2731), (5,2350), (5,2928), (5,8465), (2,1648), (5,692), (5,852), (5,789), (5,2933), (2,6866), (2,1651), (5,440), (2,2106), (5,318), (5,2910), (2,6683), (5,320), (2,2621)
acometimos	(1,2084)
aplauso	(5,5173), (5,5717), (1,8977), (5,6998), (5,4727), (5,5671), (5,7836), (5,6721), (2,4128), (5,5283)
experimentariamos	(3,1213)
bogando	(1,4416)
carcamo	(1,2851), (1,2740), (1,2820), (1,2662), (1,2743), (1,2810), (1,2636), (1,2637), (1,2861)
esparcir	(3,207)
esparcio	(5,6947)
caracteristico	(5,7703), (5,7807), (5,1426), (5,2818), (5,7330), (5,6355)
catalanes	(4,2167), (4,5628), (1,18634)
mostralles	(0,7896)
soyle	(4,2377), (4,3657)
concederme	(1,3335)
sagaces	(5,246), (1,18644), (5,1401), (5,6124), (5,4957), (5,5728)
suavizado	(5,4230)
convencional	(5,4365)
hallaredes	(0,4783), (1,2423), (0,4937), (0,5114), (0,5051)
xxi	(0,12641), (0,12354), (0,12339), (0,12755), (0,12518), (4,3003), (0,12343), (0,12503), (2,5998)
basos	(0,8836)
xxj	(0,13053)
sendos	(1,5120), (1,5109), (1,4823), (2,218), (0,4489)
rebelado	(5,3510), (5,5743)
consentirian	(4,3605)
carcano	(1,17739)
avenir	(1,3744)
names	(0,9983), (0,10307), (0,10213), (0,6375), (0,7176), (0,7374), (0,7183), (0,10384), (0,10481), (0,6194), (0,7154), (0,7379), (0,7928), (0,10363), (0,10012), (0,6685)
azoten	(4,6995)
dramaticos	(5,1070)
xxv	(0,12210), (0,12755), (4,3641), (1,58), (2,7452)
attorneys	(5,7236)
brutales	(2,2276), (2,3909), (2,2268)
xxx	(4,4243), (0,12210), (0,12340), (0,12762), (0,12651)
azotes	(1,1728), (1,5537), (1,1732), (1,8006), (5,3867), (4,5802), (1,5785), (1,18943)
improcedente	(5,5272), (5,2195)
paragogicas	(5,7764)
coyuntura	(1,18177), (1,4482), (5,7271), (1,2148), (1,4868), (1,2373), (3,619), (1,18699), (1,9293), (5,2644), (1,10416), (1,15699), (1,15254), (0,9176)
concederle	(5,5831)
vieras	(4,4652)
desee	(4,3385), (4,8146)
cifras	(5,3398), (1,435), (1,13159), (2,2431)
expresar	(0,773), (3,2377), (2,2013), (5,7665)
inferida	(5,2559)
emplearla	(1,1027), (5,6281)
espronceda	(5,6408), (5,8184)
expresan	(0,13568), (3,1611), (0,13148)
encumbra	(1,11571)
describimos	(2,964)
desen	(0,2378)
deseo	(1,3873), (1,4129), (5,5285), (1,18471), (1,4136), (1,6184), (1,6952), (1,12072), (1,4143), (1,6192), (5,1720), (1,13115), (2,5408), (0,8292), (1,3400), (1,13386), (1,4173), (1,15438), (5,1747), (1,9298), (3,2581), (1,16471), (1,4186), (3,2590), (0,7804), (1,10334), (1,863), (4,6662), (4,5639), (1,10854), (1,11628), (1,11117), (1,12142), (1,15214), (1,111), (1,12657), (2,2644), (1,13171), (4,7961), (1,13686), (2,857), (1,13948), (1,12669), (1,1663), (1,133), (1,1413), (1,2950), (1,13446), (1,13702), (1,10119), (4,8493), (1,9356), (1,18060), (5,5905), (1,3984), (1,7569), (3,596), (5,1815), (4,5947), (1,10137), (1,15002), (4,3902), (1,4001), (1,13733), (1,2214), (1,15783), (1,7848), (1,2729), (1,12713), (1,6826), (1,9643), (0,8395), (1,1710), (1,4526), (1,4782), (4,8017), (1,6832), (4,2646), (1,16307), (1,7096), (1,12985), (4,605), (4,606), (1,189), (3,1666), (3,2692), (1,14276), (1,13510), (1,9417), (3,2188), (5,591), (1,7372), (1,13010), (4,3703), (1,10964), (2,4022), (1,5077), (1,14551), (1,18903), (1,8920), (1,10456), (1,14040), (4,7548), (2,957), (1,17630), (4,3715), (1,14051), (1,14563), (1,4580), (2,454), (1,4069), (5,2666), (1,11238), (1,11239), (1,9451), (1,18924), (1,10733), (1,1009), (1,14321), (1,6898), (1,8690), (1,1011), (1,16627), (3,1206), (1,11508), (1,13046), (1,16119), (1,3579), (1,9213), (1,15614), (5,2947), (0,1824), (4,1445), (1,11010), (0,1058), (1,3843), (1,6918), (1,3591), (0,3370), (4,6575), (1,3855), (1,17426), (0,9523), (1,6168), (3,220), (1,10266), (1,2331), (1,7451), (5,7072), (1,8732), (1,6686)
opinion65	(0,5645)
encendian	(2,433), (1,16119)
arrolladura	(5,1036)
salvarle	(2,6798), (2,7216)
lirica	(5,7170), (5,6307)
desea	(0,1025), (3,1413), (4,8391), (4,6572), (1,9995), (1,1010), (4,2998), (5,2584), (0,7572), (4,3450), (2,1661), (0,4859), (2,926)
vieran	(2,5585), (0,10692)
horrorizados	(5,7678)
amparo	(1,8928), (1,10979), (1,13731), (1,15076), (3,2856), (1,9382), (1,14313), (3,1964), (5,6576), (0,8848), (2,1238), (0,2519), (1,4984), (0,8859), (5,5764), (1,8064), (5,1989), (1,964), (5,3208), (0,9251), (2,1005), (1,3341), (3,2771), (3,2899), (1,16662), (2,1402), (1,94), (1,14879)
lloraba	(1,3713), (2,1286), (1,10597), (1,14565), (1,12841), (1,6427), (0,7130), (1,14764)
alembert	(5,7962)
tapandome	(1,16931)
desde	(5,6053), (1,10273), (3,998), (1,1062), (5,5039), (1,6188), (0,1100), (5,2993), (5,1971), (1,1078), (1,2105), (4,990), (1,2109), (1,6205), (3,1024), (0,13405), (3,2049), (0,7262), (3,2050), (2,1058), (1,11330), (5,4046), (0,7276), (0,7277), (0,11374), (5,3029), (1,12380), (5,5089), (0,125), (3,1060), (0,13442), (0,6276), (1,16485), (5,4077), (1,15465), (5,4078), (1,15466), (1,11373), (4,2065), (1,3186), (0,7313), (0,8339), (2,87), (2,3161), (2,1115), (1,7294), (0,160), (1,2177), (0,8357), (2,4203), (1,6282), (1,3214), (5,2070), (5,4120), (1,5270), (1,2201), (5,5152), (1,5277), (0,6332), (5,2084), (1,5281), (3,2151), (1,5288), (0,5320), (5,2097), (1,6317), (0,8397), (0,13524), (5,6205), (1,11451), (1,3262), (1,4286), (0,238), (1,16591), (4,5235), (0,240), (2,5300), (0,1270), (5,2139), (5,92), (0,1274), (0,1279), (3,1188), (0,5377), (0,4354), (5,3179), (2,6349), (0,274), (0,276), (3,2231), (5,125), (0,3354), (5,3201), (0,6428), (1,1280), (4,164), (5,3205), (5,134), (0,8481), (5,137), (5,4234), (0,8490), (2,3312), (5,1181), (1,3353), (0,3384), (0,9532), (5,1188), (1,11555), (0,3395), (4,7368), (5,4266), (5,2220), (1,7464), (1,18729), (5,3248), (2,2318), (1,4398), (5,6325), (1,17716), (1,309), (0,11604), (0,5462), (0,11607), (4,3295), (5,5317), (0,11617), (3,2309), (0,2403), (0,3427), (0,6499), (0,7523), (0,3428), (0,11621), (0,11622), (1,18759), (0,2413), (0,11630), (1,18773), (0,11637), (3,281), (2,3384), (4,251), (2,3386), (1,11609), (5,2273), (5,5345), (0,11644), (2,7488), (1,17760), (0,3457), (3,294), (5,7401), (0,11661), (5,7411), (1,14703), (5,7413), (3,311), (0,11668), (3,313), (5,7421), (0,11673), (4,8480), (3,2370), (0,11681), (0,11689), (1,7567), (5,1308), (5,3360), (1,14751), (1,18851), (3,2406), (5,3368), (5,4392), (3,359), (3,2407), (0,6597), (4,8522), (0,11718), (0,3527), (1,7594), (1,4523), (1,18860), (5,5427), (1,6576), (1,4533), (5,2362), (1,13752), (2,5530), (0,5592), (2,7579), (1,6587), (5,6465), (0,11743), (0,1510), (2,1449), (1,17866), (0,10737), (4,374), (5,7511), (5,3419), (2,4538), (0,506), (1,17884), (1,13795), (0,515), (2,4549), (0,7687), (5,2419), (0,3599), (5,7545), (0,4629), (0,8727), (5,381), (0,4635), (3,1471), (1,12798), (1,13822), (0,4638), (2,5602), (1,6657), (0,1574), (1,5639), (5,1423), (3,1487), (1,5646), (5,1428), (5,6548), (0,11823), (3,468), (1,14870), (3,481), (2,1539), (2,1540), (2,2565), (5,4520), (0,3652), (3,488), (0,5701), (0,1607), (0,3656), (0,5704), (0,3658), (0,5708), (0,3662), (3,1522), (1,2609), (0,3669), (1,12854), (0,3670), (0,12886), (5,6591), (1,573), (1,13885), (0,3679), (5,1478), (3,1543), (1,10821), (0,3687), (0,8807), (0,3691), (0,4716), (0,5741), (1,3663), (0,4718), (3,2578), (0,3695), (5,6612), (1,4695), (1,7767), (5,476), (2,1594), (1,18009), (0,3706), (1,8796), (3,544), (1,14951), (0,7827), (1,14964), (0,3732), (0,3738), (1,1660), (1,7804), (3,576), (0,3744), (0,4772), (5,2574), (0,3753), (4,6701), (3,2638), (0,3756), (1,7821), (5,3603), (4,2613), (5,4632), (1,10901), (0,3765), (5,5658), (1,10902), (5,543), (5,1570), (1,7841), (2,1671), (0,12997), (0,3784), (3,622), (1,8877), (0,11982), (5,3636), (1,15026), (5,5690), (1,2749), (5,3651), (5,6724), (0,4835), (3,647), (5,6729), (1,14022), (5,3661), (3,655), (5,1617), (5,5719), (5,3673), (3,1689), (5,5733), (5,5735), (1,7907), (0,3844), (5,6762), (0,3846), (5,6763), (1,6888), (0,3851), (0,11019), (0,5900), (5,5746), (1,1777), (5,3701), (0,8977), (2,1751), (0,3865), (0,12057), (0,3867), (1,1790), (0,3870), (0,3885), (3,1746), (5,4756), (5,5781), (1,18193), (5,2710), (0,3889), (5,4758), (1,18195), (0,3892), (0,12088), (5,3744), (1,2845), (3,2787), (0,3907), (0,5955), (0,12099), (3,2791), (0,839), (0,3911), (0,6985), (0,3914), (5,5807), (1,1836), (0,4940), (1,3892), (0,3924), (1,13109), (1,13110), (3,2811), (0,12122), (0,12125), (0,13151), (5,1735), (1,17220), (1,10054), (0,7018), (1,15183), (0,3952), (2,819), (1,2898), (1,9042), (0,3954), (0,13170), (1,14163), (5,2779), (0,3958), (2,825), (1,14169), (0,3962), (0,3964), (0,3966), (5,7908), (1,2914), (5,6887), (0,3973), (2,1867), (5,2800), (1,5997), (0,6030), (0,6031), (3,819), (4,790), (3,821), (0,7058), (3,822), (0,6039), (5,4861), (0,6041), (3,1854), (3,1861), (5,780), (5,2829), (5,3853), (5,3856), (5,2837), (0,11189), (5,2845), (0,9145), (2,4994), (3,1893), (1,4003), (0,4034), (0,4039), (0,4040), (0,4042), (0,6090), (3,878), (3,2927), (1,16306), (3,2934), (2,7062), (1,15285), (1,12216), (5,2880), (0,13275), (5,834), (5,1859), (3,2948), (5,3910), (1,17348), (1,11207), (2,6068), (1,5077), (1,14293), (1,7130), (3,925), (3,2974), (1,3041), (1,16353), (1,3042), (5,2919), (0,9218), (1,7144), (0,2062), (0,9233), (2,5084), (1,11264), (5,1928), (1,15365), (5,1937), (3,2000), (3,2001), (0,7214), (5,6041), (1,16406), (3,2009), (5,5020), (5,1954), (5,5027), (1,9247)
fortificacion	(3,946)
arme	(0,3640)
minando	(2,2210)
arma	(0,8676), (1,14278), (4,5130), (5,2157), (0,9227), (2,3534), (0,10509), (2,7696), (2,3540), (0,8754), (4,6103), (5,7546), (5,2843), (4,6106), (0,8918), (5,3005), (1,4281), (5,1280), (0,8699), (1,16572), (0,8700)
lirico	(5,6436), (5,6342), (5,6984), (5,6459), (5,7163), (5,4398), (5,6947)
ampare	(1,15841), (0,9489), (2,1230)
aguaceros	(0,4122)
reformareis	(0,4755)
mediendolos	(0,3396)
fisco	(0,1415), (0,9128)
pietro	(4,134), (5,6551), (4,205)
caminado	(1,7799), (3,1745)
encumbre	(1,2343)
restituian	(0,8087)
apoderado	(1,10456), (2,666)
ampara	(1,520)
1860lincoln	(5,8844)
cifran	(5,4968)
otorgue	(0,2043)
empecer	(4,5827), (0,4769), (4,5809), (4,5810)
inferido	(3,2997)
armo	(1,6964), (2,2253), (1,4188), (0,10685)
botalo87	(0,7869)
sonajas	(1,1398), (1,407), (1,312), (1,379)
aparentes	(1,17707), (1,16989), (1,14927)
zerro	(0,7029)
5000	(1,19280), (2,8356), (0,14036), (5,9179), (3,3327), (4,9216)
cojiesen	(0,4119)
rencorosas	(2,2321)
estanques	(2,100), (2,91)
miserias	(5,7076), (1,2900), (1,16100), (1,9450), (1,10762), (5,7138), (1,16830)
grimpolas	(5,1834)
liturgia	(2,2002), (2,2420), (2,1756)
arpa	(1,9747), (1,11178), (1,18410), (1,11181), (1,18399)
rimac	(5,6219), (5,6236)
medrosilla	(1,17513)
llorado	(1,2772)
doblarla	(1,3329)
caminaba	(1,4224), (1,1975), (1,12151), (1,11387), (1,9356), (1,1981), (1,13375)
camas	(1,11088), (1,18128), (1,17169), (0,6705), (1,12916), (1,15974), (1,18121), (1,13707), (1,13020)
catalanas	(4,3013)
salvarla	(5,5474)
voluntad	(1,1059), (4,8394), (1,1832), (1,13100), (1,13612), (1,10029), (1,3886), (0,4173), (0,9294), (0,8016), (0,1106), (0,1874), (1,3379), (0,1877), (1,4150), (1,5177), (1,6202), (1,6205), (1,11581), (1,13118), (1,14911), (2,4385), (5,5575), (5,3016), (1,6724), (2,6955), (0,1388), (1,3917), (1,15693), (1,13390), (3,785), (1,6736), (1,9553), (0,6769), (1,6739), (1,9555), (0,5235), (1,11860), (4,7160), (0,4470), (1,4185), (1,2396), (5,2528), (1,9565), (5,6626), (1,5984), (1,6240), (1,4194), (0,6022), (0,7814), (1,9319), (1,10858), (0,1932), (5,2289), (0,5772), (0,8847), (1,10353), (1,2930), (0,7571), (1,10869), (0,7062), (2,7003), (1,8826), (2,860), (0,9372), (1,13949), (2,6752), (0,1698), (1,13189), (1,1671), (0,4518), (5,2828), (4,301), (0,1705), (1,14731), (4,561), (0,4014), (0,5040), (0,8880), (1,15761), (1,10642), (1,13202), (0,4786), (2,7029), (0,8115), (1,9620), (1,1941), (5,1053), (1,3993), (1,3997), (5,1826), (0,9405), (1,13983), (5,1316), (3,2658), (0,5311), (0,3008), (1,16801), (1,4004), (2,7302), (0,5063), (5,5676), (1,12456), (1,2217), (0,8904), (1,12457), (1,13225), (4,589), (0,9161), (1,10414), (5,4148), (1,10672), (1,2225), (4,8276), (1,12722), (1,4531), (0,9427), (0,6612), (1,10678), (0,2776), (1,7865), (1,2746), (0,4057), (2,3997), (1,12988), (1,7869), (4,610), (1,4546), (4,614), (1,7875), (1,9926), (3,2444), (1,972), (1,3533), (0,6380), (1,4561), (0,4081), (1,10452), (1,10453), (1,14039), (1,17112), (1,6105), (1,4058), (4,8061), (4,7550), (1,17371), (5,1889), (5,3426), (4,8577), (2,960), (4,8579), (0,3584), (3,2980), (1,7650), (0,7937), (1,10467), (1,3048), (0,2571), (1,8941), (1,1007), (1,3055), (1,10735), (1,15855), (3,2995), (1,7665), (1,8690), (1,17652), (0,3349), (1,4855), (1,13305), (5,1406), (1,5882), (0,7193), (0,1306), (1,3581), (1,1796), (1,3588), (1,8452), (1,17928), (1,7690), (0,3370), (1,17675), (1,14092), (4,4528), (1,12301), (1,3599), (1,6161), (1,3862), (0,4662), (1,2075), (1,15131), (0,829)
llorada	(1,3508), (1,3736)
deseada	(4,6245), (1,4486), (4,7213), (0,11370), (1,9359), (2,2993), (1,1011), (1,4115), (1,4406), (1,13527), (3,2492), (5,3135), (1,2941), (0,734), (1,13535)
dichosisimos	(1,8017), (1,6235)
avanzar	(4,5489)
fundamentos	(3,711), (1,10503), (3,906), (3,2219), (5,1553), (5,7890), (3,2417), (3,2162), (3,755), (3,694), (3,825), (3,698), (1,1659)
deseado	(1,16304), (4,612), (2,3987), (0,8805), (2,617), (1,6906), (2,3388)
gritaron	(2,2299)
higos	(4,5655)
registros	(4,3636)
aumento	(1,12128), (3,2915), (1,14114), (0,6020), (2,2409), (5,2124), (5,1037), (5,2702), (1,9770), (0,490), (0,5835), (5,6193), (5,2773), (3,2941), (5,1024), (0,4764)
sacarian	(1,10153), (1,6846)
bates	(5,8017), (5,3234)
rogamos	(1,7330), (1,1384), (0,10302)
indudablemente	(5,7893), (2,2295), (2,3820)
asunto	(5,5284), (0,12992), (3,2028), (3,2926), (2,7053), (0,208), (3,1912), (5,2493), (3,2044), (3,1661), (3,1795), (5,326), (3,261), (5,6734), (0,13036), (5,6098), (0,114), (0,118), (2,3000), (2,2618), (3,2077), (2,3389), (2,5572), (2,6856), (5,7919), (0,139), (0,523), (2,592), (5,7796), (3,2999), (2,6743), (3,1849), (0,12950), (5,6398), (2,2526), (2,5215), (0,13221), (5,5387), (2,1004), (0,171), (1,10768), (0,688), (3,1235), (2,4469), (2,6645), (3,2519), (2,7290), (5,6301), (0,13113)
impelidos	(0,451)
sucedido	(1,14114), (0,1796), (0,3332), (1,9318), (0,9158), (1,7465), (1,2090), (1,15594), (1,7472), (1,17586), (1,5492), (3,759), (1,8951), (1,10808), (0,4825), (0,12057), (1,12734), (1,2111), (1,15296), (1,4481), (1,17538), (1,3267), (0,3298), (0,4772), (5,6090), (1,12358), (1,18119), (1,14536), (1,12364), (1,18191), (5,6872), (1,7572), (5,1050), (3,2777), (1,6615), (1,14487), (1,10840), (0,9145), (1,5980), (2,4927), (0,5373), (1,12254), (3,1889), (1,8991)
apersonados	(1,5601)
aumenta	(1,17954), (1,499), (3,471), (5,6446), (2,6319)
agradecidos	(5,4582), (1,5458), (1,6631), (1,16266), (1,16939)
estimarian	(5,980)
preservar	(1,1474), (5,1603), (5,2947)
iiiprosigue	(4,8650)
propensos	(3,215)
rompistes	(4,6056)
criadillas	(1,16360)
defensa	(1,3170), (1,4322), (5,167), (5,296), (1,2086), (3,1645), (0,7563), (0,7564), (5,3506), (0,3022), (3,2356), (5,3517), (2,2268), (1,4220), (0,8859), (1,4350), (1,6526), (0,5027), (5,3850), (1,6536), (5,1677), (5,2317), (0,5032), (1,2892), (5,3089), (5,1234), (5,598), (2,5171), (3,601), (1,2456), (0,696), (2,4986), (5,3806), (1,16602), (5,352), (3,1310), (5,3808), (3,2655), (3,1312), (1,4254), (3,865)
cortesanos	(4,8584), (1,12853), (1,6855)
asnal	(2,2162)
recrecer	(0,2769), (0,4690)
deseare	(1,2237)
grijalva	(1,18896), (1,18833), (1,18883), (0,12884), (1,18853), (1,18838), (1,18808), (1,18873), (0,12298), (1,18795), (0,12892)
imprudentes	(5,2998), (1,16870), (5,2960)
chapa	(1,9780), (3,1336), (1,9767), (1,9837), (1,9853)
rumoroso	(2,1568)
ulix	(4,4278), (4,4328), (4,4253), (4,4302), (4,4334), (4,4288), (4,4274)
desastrosos	(0,763)
entretener	(1,4112), (1,2500), (5,7595), (1,3310), (1,15502)
singularisimo	(2,1072)
pedian	(5,1735), (0,6406), (1,13099), (5,2960), (1,15281), (1,12274), (1,17490), (3,726), (1,12279), (2,2617), (1,10872), (1,12767), (1,18111)
molecula	(5,2861)
aparentan	(2,2673)
latinizado	(0,12934)
arboles	(0,6399), (3,2115), (0,481), (3,1156), (0,6690), (0,9989), (1,1192), (1,1612), (0,9836), (0,9773), (0,6991), (0,9075), (0,3829), (5,3931), (0,7318), (0,3831), (0,3832), (0,4217), (0,6683), (0,6939), (0,10396), (1,13341)
explotar	(5,295), (5,6625)
olvide	(4,3715), (1,8561), (2,1493), (4,5095), (1,10101), (1,16391), (2,2825), (4,1824)
mancase	(1,12178)
explotan	(3,1123)
olvido	(2,3777), (5,6245), (1,7745), (1,17665), (4,295), (5,7528), (5,2249), (2,4614), (5,4714), (3,266), (2,2448), (5,1556), (5,5529), (5,4634), (1,14038), (1,4381), (1,5439)
atrevidos	(1,7952), (1,18259), (2,4934), (1,8645), (1,8701), (2,5631)
bajase	(0,7264), (1,5815), (1,9879), (1,2843), (1,9983)
chase	(5,3221), (5,570), (5,477), (5,8109), (5,3234)
arte	(2,4098), (5,4773), (5,4774), (2,7684), (1,9385), (1,5034), (5,2225), (1,6061), (1,5040), (2,3222), (5,7738), (2,4122), (4,7138), (5,198), (4,3048), (5,4435), (4,6003), (2,2226), (4,7285), (5,4439), (0,13686), (4,6139), (4,124), (5,733), (4,2045), (2,4158), (5,4065), (2,2499), (5,5863), (1,18660), (5,6255), (1,8428), (2,2898), (5,5625), (4,283), (4,285), (3,2366), (4,6180), (1,6020), (3,1223), (5,4361), (1,5255), (4,684), (1,6026), (5,1940), (1,18450), (2,4724), (2,4087), (5,7709), (5,4001), (2,3200), (2,4096)
sortija	(1,17392), (1,13158), (2,3595), (1,17390), (1,17391)
alejandrinas	(4,7526)
precursora	(5,193)
manifestandole	(0,569)
peleo	(5,2844)
pelen	(4,8539)
escondidas	(2,3478), (3,1999), (1,10429)
canal	(1,17264), (4,6778), (1,5371), (0,13548)
fulminantes	(2,6805)
olvida	(2,162), (5,2581), (1,8100), (4,536), (5,4288), (5,4800), (1,10254)
envueltos	(1,4612), (5,1247), (2,6286)
mesmas	(1,18630)
marte	(4,6183), (4,8488), (4,8235), (4,6796), (4,6189), (4,6797), (4,6190), (4,6161), (4,8241), (4,6135), (1,437), (4,6136), (4,6137), (4,6139), (1,6680), (1,6682), (4,6146)
mudoles	(1,3178)
estolida	(2,850)
analizarlas	(3,211)
conduciendo	(5,2672)
desampararon	(3,1490), (1,6496), (3,341), (0,9246)
gallegas	(1,11652), (1,12612), (1,12325), (1,11626), (1,11276)
pediras	(1,7333)
batis	(4,1901)
resonaban	(2,1347)
salvaron	(3,2227), (3,139), (3,2699)
yaz	(4,1896)
invasiones	(3,947), (2,3266)
ropero	(1,10929), (4,5002), (1,10923)
lioselo	(1,1891)
ropera	(1,7958), (1,7967)
yba	(0,10662)
adalides	(5,4502), (1,16794), (5,691), (5,2819)
interpretaciones	(5,1526), (2,4454), (5,3116)
presidiendo	(2,1634), (0,712)
formaba	(2,7586), (5,4806)
aprobara	(5,2656)
degollar	(1,5358)
quemaronles	(0,9989)
disimulaban	(1,3061), (2,7917)
mendozas	(5,6592)
alcanzarlas	(3,132)
bebedardos	(4,2545)
iluminando	(5,5386), (2,2952), (5,723)
buscando	(5,101), (4,8582), (5,7400), (2,5959), (2,6350), (1,17197), (1,13998), (1,12470), (5,5884), (2,4188), (2,3169), (4,4451), (4,8745), (2,7849), (5,6670), (5,5135), (4,8750), (2,5933), (2,3246), (1,15698), (4,4470), (2,6009), (4,4669), (1,13722), (1,17372), (0,6140)
lamina	(2,3676)
consistiera	(1,17837)
nombrare	(0,2120)
things	(2,8114), (5,8935), (4,8967), (5,8937), (4,8969), (0,13781), (0,13783), (3,3083), (3,3085), (1,19036), (1,19038), (2,8112)
mulos	(4,8083)
dominado	(5,5396), (5,5213)
ponderacion	(3,1174), (2,6965), (3,2222)
detenian	(0,7504), (1,9160), (0,7881)
bajara	(1,12802)
emplearse	(5,5596), (2,5533)
alegre	(1,1123), (4,3912), (1,9189), (1,12646), (4,4554), (1,6119), (3,2731), (3,815), (1,6192), (2,3154), (1,3953), (4,6100), (1,14323), (1,2934), (1,15862), (4,7326), (1,1660), (1,16835), (1,11465), (3,1100), (4,1134), (4,8494), (1,2829), (1,9293), (1,718), (1,14864), (1,4433), (1,11734), (2,4858), (3,350), (1,11359)
despana	(4,5840), (4,5841), (4,5842)
partimos	(0,10213), (0,6729), (0,9866)
hizistes	(0,3071)
alegro	(5,2246), (1,6467), (2,389), (2,5834), (1,4490), (4,590), (1,7484), (1,3501), (1,13854), (1,10287)
labios	(2,7938), (5,813), (1,5424), (1,5362), (1,1460), (1,8119), (2,6748), (2,4514), (5,4038), (1,3204), (1,17732), (2,5929), (5,7310), (1,3020), (1,5260), (5,6674), (1,7054), (2,1136), (5,7317), (1,8145), (2,7924), (5,2200), (1,18391), (2,1082), (2,3962), (2,1341), (1,11549)
caravajales	(4,6209)
limitamos	(2,2415)
yda	(0,3123), (0,567), (0,13449), (0,732), (0,3100), (0,3518)
despertallos	(4,1927)
salvarse	(3,724)
morenico	(1,5774)
formada	(2,6673), (0,7730), (1,8979), (5,1032), (3,760), (2,3212), (2,6253), (5,6018)
mendigos	(4,8453)
parida	(4,3172), (4,869), (1,12499), (4,3512), (4,3528), (4,4552), (1,14917), (1,409), (1,396), (4,3184)
doblasen	(2,6655)
imponella	(4,550)
judaica	(2,1640)
parido	(1,8976), (1,12736), (1,15222), (1,17528), (1,1371), (1,15259), (1,10925)
dorotea	(4,6244), (4,6279), (4,3802), (4,3055)
parabien	(1,12176), (1,7281), (1,7595), (1,10830)
alquiceles	(1,4044)
maletis	(0,7556), (0,12361)
aprehendio	(0,9072)
pobreza	(3,451), (1,16097), (2,615), (1,18184), (4,7821), (4,398), (4,4690), (1,18383), (5,1078), (4,5589), (1,8627), (4,6361), (1,9431), (1,699)
bayonetas	(2,305)
detubo	(0,6807), (0,8442)
merecedora	(5,5365)
valemos	(4,5540), (2,6452), (2,2442), (4,6301), (4,5119)
baten	(4,3133)
batel	(0,8512), (0,6465), (0,7490), (0,8519), (0,7496), (0,7370), (0,10187), (0,10189), (0,7375), (0,7377), (0,7505), (0,7508), (0,6998), (0,7382), (0,7129), (0,6494), (0,7518), (0,6880), (0,10080), (0,7522), (0,7524), (0,7525), (0,6630), (0,7526), (0,7528), (0,6893), (0,6638), (0,6894), (0,6640), (0,10354), (0,7924), (0,8564), (0,7928), (0,7546), (0,7930), (0,7035), (0,9979), (0,9980), (0,7933), (0,6791), (0,10375), (0,8586), (0,10379), (0,6156), (0,6796), (0,6924), (0,10381), (0,10126), (0,7951), (0,6160), (0,6800), (0,7957), (0,4886), (0,6806), (0,7190), (0,6808), (0,7960), (0,7961), (0,7963), (0,6557), (0,6558), (0,6815), (0,10271), (0,10911), (0,6819), (0,6824), (0,7465), (0,8489), (0,8490), (0,7467), (0,7469), (0,6830), (0,7472), (0,6833), (0,6835), (0,7091), (0,6837), (0,6839), (0,7480), (0,10682), (0,6972), (0,6461), (0,10173)
perdigones	(1,7519)
colorido	(5,5865), (5,1134), (5,739)
aprehendia	(0,9072)
formado	(1,5680), (3,1843), (3,2919), (3,1352), (3,2378), (3,2415), (2,3470), (3,2881)
sospechara	(0,692)
caudalosos	(3,2003), (5,5290)
coradas	(4,3401)
lampadosa	(1,4404)
prometidos	(1,7313)
alchaudetealcaudete	(4,44)
expresaban	(3,1655)
miercoles	(0,11010), (0,6212), (0,6404), (0,10053), (0,6471), (0,9671), (0,11144), (0,6859), (0,10955), (4,2064), (0,11468), (0,9741), (0,6866), (0,11092), (0,11220), (0,9624), (0,11033), (0,10075), (0,9822), (0,9889), (0,10977), (0,9699), (0,11301), (0,10086), (0,11175), (0,6251), (0,6253), (0,8944), (0,11121), (0,9651), (0,11059), (0,11254), (0,9720), (0,6202), (0,7354), (0,11386), (0,9596), (0,11197), (0,11325)
multa	(5,909)
governar	(0,6239), (0,6287), (0,6275), (0,5687), (0,6122), (0,11450), (0,6027), (0,9611), (0,11291), (0,11307)
choque	(2,5857), (5,3077), (5,2968), (5,170), (2,5950)
escrituras	(0,5064), (5,5009)
dumana	(0,13571), (0,12238)
supremo	(2,196), (5,1579), (5,1970), (5,2099), (5,2293), (2,1555), (5,825), (5,1785), (2,1051), (5,8830), (2,1948), (5,3072), (2,2016), (5,3011), (5,2183), (5,1739), (3,2896), (5,1625), (5,1945), (3,2905), (5,1503), (5,5599), (5,4960), (2,1854), (5,1506)
publicaciones	(5,6532), (0,217)
viajero	(1,7834)
escudos	(1,12196), (1,4517), (1,10920), (1,3241), (1,12457), (1,16048), (1,3249), (1,6585), (1,10941), (1,11453), (1,5310), (1,12862), (1,3520), (1,7489), (1,12739), (1,13384), (1,1099), (1,5963), (1,6605), (1,12881), (1,1746), (1,7252), (1,1109), (1,4181), (1,983), (1,5977), (1,1114), (1,12642), (1,7267), (1,12647), (1,11497), (1,12522), (1,11501), (1,3194), (1,2173), (1,2046), (1,3198), (1,3200), (1,13315), (1,13316), (1,3206), (1,2187), (1,3727), (1,10895), (1,12176), (1,3731), (1,7188), (1,5909), (1,4886), (1,7195), (1,6941)
resultados	(5,5668), (5,1077), (5,925), (5,3101), (5,6669), (0,763), (5,1249)
trademarkcopyright	(1,19025), (2,8101), (5,8924), (4,8956), (0,13769), (3,3072)
marchase	(2,5006)
torpe	(1,4129), (2,2537), (4,4621)
trahidos	(0,9476)
pobreta	(4,3706)
adali	(4,4585)
ilustrar	(3,166), (0,13019)
calumnia	(2,7233), (0,777)
pagina	(5,5735), (5,6887), (2,40), (5,4843), (5,5261), (5,7661), (5,5329), (0,2415), (1,50), (0,13490), (0,13395), (0,12921), (0,2427)
casera	(1,15832)
calumnie	(2,5608)
elementales	(5,3972)
suprema	(5,1844), (5,1543), (5,1657), (5,266), (5,1663), (5,1762)
adornarlo	(1,16201)
altisima	(4,6165), (4,8488), (2,521)
enamorada	(1,2660), (1,13174), (1,14038), (1,7863), (1,2874), (1,14731), (1,16927)
estorbado	(1,4067), (1,2502)
pedirla	(1,6242), (1,11018)
paradoja	(5,3498), (5,7327)
rillo	(3,978), (3,928)
adornarla	(1,10626)
desglosada	(0,11714)
desvelandose	(1,8408)
sobrinillos	(2,2988)
pedirle	(5,6554), (1,1497), (5,4546)
destituyese	(5,5931)
toscas	(5,801)
altisimo	(1,5200), (5,4405), (2,5267), (3,2806), (1,17652)
enamorado	(1,992), (2,3265), (5,8548), (1,2017), (1,18529), (1,1252), (2,6533), (1,3878), (1,11239), (1,16490), (1,6444), (1,7020), (1,11564), (1,3949), (1,12077), (1,4206), (1,12335), (1,12848), (1,4850), (1,11126), (2,4504), (1,3195), (4,352), (1,11133), (5,6466), (1,2241), (1,4545), (1,6403), (1,17028), (1,18756), (1,1094), (1,11590), (1,11975), (1,2699), (1,4302), (4,5684), (5,6938), (1,14039), (1,12056), (1,15704)
escondrijos	(1,17154)
quexar	(0,2779)
pedirlo	(0,3022)
marzo	(5,932), (3,2274), (2,6275), (0,1026), (3,2854), (5,940), (5,2284), (2,6857), (0,3592), (0,7240), (0,13067), (2,4366), (0,7310), (5,312), (5,378), (2,4382), (2,3873), (2,290), (5,325), (5,2630), (0,3937), (0,13474), (0,13283), (0,7460), (3,2504), (0,4200), (0,7022), (5,340), (0,240), (5,600), (2,4342), (5,3226), (5,3421), (5,3550), (0,7354), (3,1694), (5,1506), (5,2274), (5,7458), (0,7486)
adams	(5,7946), (5,2443)
desterrar	(5,3707)
tendrian	(5,1812), (1,866), (1,9334)
puntillas	(4,8256)
detenido	(2,6033), (4,2404), (4,4743), (1,7316), (0,4197), (5,4989), (0,170), (1,12541), (4,8561), (0,286)
maletec	(0,7040), (0,7105), (0,7012), (0,12359)
pesadumbres	(1,1010), (1,4750)
metenle	(2,6412)
setiembre	(3,2068), (4,6933), (0,5507), (4,219), (3,876), (1,1836), (0,3131), (3,2991), (0,5708), (3,961), (0,3166)
corondas	(1,16972)
bromas	(2,757), (2,761), (2,2540)
detenida	(3,2310)
ulua	(0,12861), (0,13006)
pediria	(0,8544), (4,7970)
alcala	(4,3507), (2,5415), (4,668), (1,16282), (1,11053), (5,6739)
tendrias	(2,5777), (2,5778), (2,3667)
tirase	(1,6508)
alegra	(4,8329), (1,11126)
capitulacion17	(0,907)
inmunidades	(1,5278)
torre	(4,3395), (0,384), (0,2049), (4,4360), (0,2053), (2,6407), (0,13256), (0,2060), (4,3728), (1,5997), (0,12492), (1,7023), (0,12494), (4,4436), (4,218), (4,1371), (0,7255), (0,2074), (2,94), (4,672), (0,7455), (0,2081), (0,2211), (0,12196), (0,2149), (5,4618), (0,2215), (0,6760), (0,2153), (0,6761), (4,241), (0,6765), (0,2163), (0,1850), (4,5502), (0,2044)
pelos	(1,1888), (4,8099), (1,1889), (1,5506), (2,3607), (2,6922), (1,12218), (4,6894)
enternecer	(1,10280)
apetecible	(3,2873)
dagno	(0,5361), (0,4690), (0,5035)
pelon	(1,16095)
cycl	(5,2327)
patillas	(2,1904)
velozmente	(5,2616), (5,2158)
diques	(5,3046), (5,1593)
nationale	(3,29)
aprovecharnos	(1,16302)
estorbaba	(2,3256)
religiones	(2,1640), (2,1641), (1,8570), (2,1852)
porfiados	(1,7951)
alnado	(1,4637)
maleficio	(4,7615), (1,4319)
aterradora	(2,794)
desagradecimientos	(1,3057)
pleble	(2,2212)
alzan	(2,434), (0,7828)
pedido	(1,8864), (2,2567), (1,4422), (1,12295), (1,6956), (1,14477), (1,9937), (2,2579), (1,2711), (1,14617), (2,2588), (1,13084), (1,10110)
sitiales	(1,8137)
reaccion	(5,5017), (2,4218)
distraccion	(5,5884)
atrevidas	(2,3266), (5,4299), (1,14264), (1,15133)
redentor	(2,2527), (1,7566)
dejarnos	(1,7533)
rreinos	(0,739)
flores	(3,2147), (2,4162), (2,1796), (2,3720), (1,1192), (1,3112), (2,6665), (3,2733), (1,18731), (1,5229), (1,5999), (2,1812), (2,1878), (2,472), (1,16696), (2,6362), (2,4893), (2,3680), (4,6052), (1,13955), (1,15813), (4,300), (1,9610), (1,1419), (4,7088), (1,17613), (1,719), (1,15887), (1,18703), (2,3699), (2,3706)
estropadas31	(0,2308)
imparcialmente	(5,2301)
floreo	(1,5221), (1,6014)
alzar	(1,6721), (1,17825), (2,6791), (1,17847), (1,17672), (5,317), (0,8569), (1,17548), (2,5311)
golosas	(1,9562)
history	(5,8325), (5,7321), (5,8729), (5,7324), (5,8323)
campo	(0,8512), (0,8768), (0,9024), (0,9025), (0,7490), (0,8770), (5,2729), (5,170), (0,9029), (0,7494), (0,6472), (0,8520), (0,8778), (0,5454), (4,6611), (4,6868), (0,6736), (0,7504), (0,9552), (4,6869), (0,5971), (0,7251), (5,6075), (1,1336), (0,8535), (0,856), (5,6078), (3,1789), (0,7258), (3,1278), (4,1249), (0,6493), (0,7518), (0,8542), (0,9566), (5,708), (0,8800), (0,6497), (4,3047), (3,1799), (2,807), (0,8549), (0,7530), (5,1488), (0,6508), (0,5234), (0,7538), (0,8563), (0,10358), (0,6519), (0,384), (0,6528), (5,487), (5,6888), (1,16231), (0,8583), (1,15720), (1,18536), (5,3056), (5,5360), (0,1932), (1,4717), (1,8306), (4,3095), (5,2810), (0,7067), (1,17792), (1,7297), (0,7328), (0,10404), (0,6568), (4,2093), (3,2381), (3,82), (0,9136), (2,4467), (5,5659), (1,10392), (0,10681), (1,5534), (0,8637), (5,804), (4,836), (0,3009), (1,10915), (1,17320), (0,2761), (1,17579), (0,7371), (0,8653), (0,8658), (0,2516), (1,18101), (0,8919), (0,7384), (0,8664), (0,8921), (0,7898), (0,10714), (0,2523), (0,6875), (1,13503), (0,6880), (0,8673), (0,6883), (0,8675), (4,8556), (0,8938), (3,1423), (5,5201), (0,8690), (0,8948), (0,6901), (0,8949), (0,8695), (3,1435), (0,6648), (4,6013), (0,8955), (0,8701), (0,9986), (0,6659), (0,8965), (0,8969), (0,6666), (0,8714), (0,6158), (0,10769), (3,2742), (5,121), (4,5273), (0,8981), (0,6935), (5,7294), (0,8730), (0,8987), (1,7933), (1,7936), (0,8736), (0,5411), (5,393), (0,7462), (0,8489), (0,7211), (0,7467), (0,9004), (3,1233), (0,9262), (5,6036), (0,7471), (5,8085), (0,10800), (0,6705), (0,9265), (0,8754), (0,10803), (0,7479), (4,8892), (0,8507), (0,9787), (0,4412), (0,9021), (0,10301)
socios	(2,4979)
deste	(1,1824), (0,9154), (4,8520), (0,9156), (1,10789), (0,966), (0,2887), (1,10024), (0,11592), (1,17833), (0,9292), (1,6704), (0,9423), (1,18224), (1,1714), (1,2995), (1,16309), (0,4309), (1,10679), (1,14265), (1,17595), (1,3005), (0,9180), (1,2750), (0,3421), (1,17856), (4,3684), (1,7105), (1,4674), (0,4196), (1,11590), (0,11749), (1,11210), (1,1996), (1,2895), (1,17872), (0,5488), (1,17873), (0,10868), (0,3317), (1,18390), (0,2808), (0,2683), (4,5376), (0,3326), (0,8190), (0,8832), (1,11875), (1,15203), (1,5348), (0,11780), (1,15207), (1,18792), (0,2700), (0,2828), (1,10733), (0,11020), (1,13806), (0,11790), (1,3313), (1,8947), (1,14965), (4,1690), (1,14071), (1,7160), (1,1786), (1,14970), (0,4123), (0,8859), (0,7069), (1,17406), (1,1151), (1,10754), (1,2947), (1,14597), (0,3365), (1,7687), (4,3500), (1,7305), (4,4013), (0,2857), (1,1037), (1,1935), (0,10926), (1,9361), (4,8117), (1,8343), (0,11575), (0,8760), (1,1819), (1,9116), (0,9403), (1,13341), (4,7745)
verneis	(4,476)
xxxixcomo	(4,8766)
presentando	(0,623), (5,721), (2,2079)
sendas	(1,15056), (2,2019), (4,3147), (1,15129), (0,8682), (1,1998), (2,6080)
oportunamente	(5,5272), (3,2970)
desto	(1,13665), (0,1345), (1,4707), (1,4004), (0,8900), (0,8261), (0,4747), (1,2413), (0,7564), (0,8013), (4,1176), (0,4564), (1,5685), (1,17591), (0,984), (0,8858), (1,18940), (1,16957), (1,9154), (1,4548), (0,8419), (1,11973), (4,2025), (1,2378), (1,3210), (0,4841), (1,12746), (0,7596), (1,16974), (1,2642), (0,1650), (0,6194), (1,12245), (0,5365), (1,5974), (0,4791), (1,13080), (0,2105), (0,3770), (4,7936), (1,4702), (1,13214), (0,1790)
angustiado	(2,3869)
asaz	(4,2778)
acordarsele	(1,11223)
tirano	(3,1379), (2,6452), (5,7017), (5,7519), (3,1376), (3,1361)
desease	(1,11011), (5,1406)
escuchemos	(1,5761)
asar	(4,2400)
torno	(4,8004), (1,5540), (1,12069), (5,2602), (4,8777), (5,1965), (2,2957), (4,3280), (1,9517), (1,10030), (1,5170), (0,5841), (0,8657), (0,10961), (1,6579), (0,7892), (1,9527), (0,8666), (5,5056), (1,9406), (1,8768), (4,5608), (1,17990), (1,5319), (1,4172), (1,9934), (1,13262), (1,5328), (1,9936), (1,4050), (1,9938), (0,6645), (4,511), (0,509), (1,11230), (1,9951), (2,5313), (1,10208), (4,1420), (1,2027), (5,2802), (4,6803), (1,9586), (1,10226), (5,3580), (1,9976), (5,765), (4,4636), (1,11003), (1,10495), (0,2981), (5,4492), (1,10634), (1,3341), (1,10125), (1,10004), (4,6201), (1,9878), (1,1048), (1,16408), (2,2426), (4,829), (4,2111), (4,2751), (1,10141), (0,8765), (1,9886), (1,2591)
hincando	(1,7415)
pondreis	(0,2364)
higas	(1,11696)
enclavijar	(1,12510)
escurecen	(1,18247)
mentaron	(0,10747)
torne	(4,452), (4,8549), (0,1858), (0,5923), (4,3754), (0,3017), (4,2578), (4,8540), (4,8542), (0,5917), (0,9693), (4,610), (0,2654)
enclavijan	(1,12507)
torna	(4,8005), (4,1671), (4,8681), (4,3276), (4,5773), (4,910), (4,3504), (4,7761), (4,5555), (4,8663), (0,661), (4,4121), (4,6265), (4,2236), (4,1758), (4,8735), (1,541)
vezeis	(4,2008)
sigue36rui	(0,2400)
ociosos	(1,16529), (1,3112)
agujero	(1,10048), (1,9831), (1,17319), (1,9833), (4,1743), (1,11921), (1,10226), (1,10004), (1,9686), (1,9976), (1,10040), (2,6139), (1,10013)
nordestesudueste	(0,11494)
bailabanme	(1,15882)
escrupulos	(1,8467), (2,7336), (5,718), (2,7278)
pedida	(1,1337)
alternativa	(5,3938)
honramos	(0,2253)
estandose	(0,10131), (0,8375), (4,8385)
gimio	(1,8926)
toros	(4,7337), (1,16345), (1,2858)
chaveta	(2,3220)
refutarse	(5,2127)
llamolos	(1,14859), (1,2830)
marcando	(0,104)
masas	(5,2871), (5,2184), (5,1465), (5,1769)
echartela	(2,2441)
maximiliano	(4,5839)
barro	(1,9779), (1,10980), (0,6200), (5,3154), (1,17470), (1,18207)
duermete	(4,3146)
sospechaba	(1,14740), (1,13176), (1,9084), (1,13437)
supieren	(0,2303), (4,1026)
escondidos	(0,1411), (1,2103), (0,10263), (1,9277), (1,4030), (0,6990), (0,10590)
espugnar	(1,9644)
toditas	(2,752)
castigueis	(0,2316)
granos	(3,1155), (0,11783), (0,11756), (0,11758), (4,8213), (3,376), (3,1273), (4,3708), (0,11736), (0,11738), (0,11739), (0,11771), (0,11740), (0,11772)
tropezaba	(2,4273)
barra	(1,8737), (1,2194), (1,1844), (1,17190), (1,7241), (1,2187)
marca	(5,3300), (1,5120), (2,53), (1,5844), (1,17204), (3,1579), (4,8030), (4,2927), (1,16718)
culinariamente	(2,1698)
ignoran	(3,1720), (0,6613)
mantener	(5,3620), (5,2949), (5,583), (5,4168), (1,16644), (5,4073), (5,5161), (3,2825), (2,4136), (3,2986), (1,18056), (4,1903), (5,5782), (4,6006), (5,2681), (4,1466), (4,4890), (5,3105)
barre	(1,1640), (4,7265)
ignoras	(1,2950)
ibabao	(0,12626), (0,12039), (0,12679)
ignorar	(0,775)
desmazalada	(1,15072), (1,17669)
you	(3,3043), (2,8194), (4,9157), (5,9126), (3,3045), (2,5), (2,8198), (4,9160), (2,7), (2,8), (5,9133), (5,9136), (2,8206), (3,3057), (2,8208), (2,8212), (3,3062), (2,8214), (2,8218), (3,3070), (3,3072), (3,3073), (2,8225), (3,3075), (2,8226), (3,3076), (3,5), (3,3077), (2,8228), (3,3078), (3,7), (3,8), (2,8233), (3,3083), (2,8235), (3,3085), (3,3086), (2,8238), (2,8242), (2,8244), (3,3095), (3,3096), (3,3099), (3,3102), (3,3105), (4,4), (3,3107), (3,3108), (3,3109), (2,8267), (3,3117), (2,8268), (2,8270), (2,8272), (2,8273), (2,8276), (2,8277), (2,8278), (3,3128), (2,8279), (2,8280), (3,3130), (2,8281), (3,3131), (3,3132), (2,8283), (2,8284), (2,8286), (3,3138), (5,5), (2,8290), (3,3140), (5,7), (5,8), (2,8303), (2,8310), (2,8313), (3,3163), (3,3165), (3,3169), (3,3177), (3,3179), (3,3183), (3,3185), (3,3189), (3,3196), (3,3197), (3,3199), (3,3204), (3,3206), (3,3209), (3,3213), (3,3215), (3,3238), (3,3239), (3,3241), (3,3243), (3,3244), (3,3247), (3,3248), (3,3249), (3,3250), (3,3251), (3,3252), (3,3254), (3,3255), (3,3257), (3,3261), (3,3274), (3,3281), (3,3284), (0,13736), (0,13742), (0,13743), (0,13744), (0,13754), (0,13759), (0,13767), (0,13769), (0,13770), (0,13772), (0,13773), (0,13774), (0,13775), (0,13781), (0,13783), (0,13784), (0,13793), (0,13794), (0,13797), (0,13800), (0,13803), (0,13805), (0,13806), (0,13807), (0,13815), (0,13826), (0,13828), (0,13829), (0,13836), (0,13838), (0,13861), (0,13863), (0,13867), (0,13875), (0,13877), (0,13881), (0,13883), (0,13887), (0,13894), (0,13895), (0,13897), (1,18988), (0,13902), (0,13904), (1,18994), (0,13907), (1,18996), (1,18998), (0,13910), (0,13912), (1,19010), (1,19015), (1,19023), (0,13935), (0,13936), (1,19025), (1,19026), (0,13938), (1,19028), (0,13940), (1,19029), (0,13941), (1,19030), (1,19031), (0,13944), (0,13945), (0,13946), (0,13947), (1,19036), (0,13948), (0,13949), (1,19038), (1,19039), (0,13951), (0,13952), (0,13954), (0,13958), (1,19048), (1,19049), (1,19052), (1,19055), (1,19058), (0,13971), (1,19060), (1,19061), (1,19062), (0,13978), (0,13981), (1,19070), (1,19081), (1,19083), (1,19084), (1,19085), (1,19091), (1,19093), (1,19116), (1,19118), (1,19122), (1,19130), (1,19132), (1,19136), (1,19138), (1,19142), (1,19149), (1,19150), (1,19152), (1,19157), (1,19159), (1,19162), (1,19166), (1,19168), (1,19191), (1,19192), (1,19194), (1,19196), (1,19197), (1,19200), (1,19201), (1,19202), (1,19203), (1,19204), (1,19205), (1,19207), (1,19208), (1,19210), (1,19214), (1,19227), (1,19234), (1,19237), (5,8887), (4,8920), (5,8893), (4,8925), (4,8926), (5,8895), (4,8928), (5,8897), (4,8940), (5,8909), (4,8945), (5,8914), (5,8922), (4,8954), (5,8924), (4,8956), (5,8925), (4,8957), (5,8927), (4,8959), (5,8928), (4,8960), (5,8929), (4,8961), (5,8930), (4,8962), (5,8935), (4,8967), (5,8937), (4,8969), (5,8938), (4,8970), (4,8978), (5,8947), (4,8979), (5,8948), (4,8982), (5,8951), (5,8954), (4,8986), (4,8988), (5,8957), (4,8990), (5,8959), (4,8991), (5,8960), (4,8992), (5,8961), (4,9000), (5,8969), (4,9010), (5,8980), (5,8982), (5,8983), (5,8984), (4,9018), (4,9020), (5,8990), (5,8992), (2,8064), (2,8070), (2,8072), (2,8074), (4,9042), (4,9044), (5,9015), (2,8086), (4,9048), (5,9017), (5,9021), (2,8091), (4,9056), (4,9058), (5,9029), (2,8099), (4,9062), (5,9031), (2,8101), (2,8102), (4,9064), (2,8104), (5,9035), (2,8105), (2,8106), (4,9068), (5,9037), (2,8107), (5,9041), (2,8112), (4,9075), (2,8114), (4,9076), (2,8115), (4,9078), (5,9048), (5,9049), (5,9051), (4,9083), (4,9085), (2,8124), (2,8125), (5,9056), (4,9088), (5,9058), (2,8128), (4,9091), (5,9061), (2,8131), (4,9093), (2,8134), (5,9065), (0,6), (2,8136), (5,9067), (2,8137), (0,8), (2,8138), (0,9), (2,8146), (4,9116), (4,9117), (2,8157), (4,9119), (2,8159), (4,9121), (5,9090), (2,8160), (4,9122), (5,9091), (2,8161), (5,9093), (4,9125), (4,9126), (5,9095), (4,9127), (5,9096), (1,5), (4,9128), (2,8167), (4,9129), (1,7), (4,9130), (5,9099), (1,8), (2,8169), (5,9100), (4,9132), (5,9101), (4,9133), (5,9102), (5,9103), (4,9135), (5,9104), (5,9106), (5,9107), (4,9139), (5,9109), (5,9113), (3,3035), (4,9151), (3,3041), (2,8192)
responsabilidad	(0,671), (2,2563), (0,664), (2,7019), (5,5471), (2,6990), (5,1970), (5,2066)
anilleros	(2,4950), (2,6781)
active	(5,9012), (1,19072), (2,8148), (0,13858), (3,3160), (4,9002), (5,8971), (1,19113), (0,13817), (2,8189), (4,9039), (3,3119)
bulle	(1,11715), (4,1610)
firme	(0,12992), (3,1893), (2,4357), (0,11651), (0,900), (1,12006), (0,262), (0,5000), (5,1839), (0,5195), (5,690), (0,1613), (5,4278), (1,9399), (0,11671), (1,3514), (0,668), (0,11484), (1,13117), (5,1540), (5,3012), (0,11551), (2,1122), (0,2977), (5,3206), (0,11553), (0,934), (5,7308), (5,525), (0,2792), (0,941), (1,17615), (5,4948), (3,1300), (0,5746), (0,11699), (0,10869), (0,12981), (5,5851), (0,8823), (2,4668), (0,11516)
transformaba	(5,4665)
activa	(2,1123), (5,2935), (5,6764), (2,491), (2,1151)
firma	(5,7236), (0,9088), (0,274), (1,4003), (1,17411), (5,7225), (5,2381), (0,3032), (1,7337), (2,5070), (1,17277)
infantesca	(4,4736)
enfade	(1,9197)
asco	(1,17738), (1,17452), (1,10989)
contiene	(0,5696), (0,11648), (0,13377), (0,13379), (1,1190), (0,966), (0,5516), (4,83), (4,8403), (0,1430), (0,5528), (0,1436), (0,1054), (0,2398), (1,17535), (0,1313), (0,5601), (4,102), (3,395), (0,1452), (0,1455), (0,5423), (5,6100), (0,11696), (0,1013), (3,347), (3,605), (1,10268)
asci	(4,1059), (4,1066)
imprudentemente	(5,4175)
fuercen	(1,1718)
enfado	(1,11507), (2,7288)
tiricia	(0,6402)
pronostico	(4,4391), (1,6312)
marat	(2,5423)
activo	(5,7238), (5,697), (5,701), (5,2144), (5,6674)
elocuentemente	(5,3479), (5,4249)
firmo	(3,1828), (0,2050), (0,9058), (0,2788), (0,11685), (0,5543), (0,2056), (0,9129), (0,11693), (3,1617), (5,5907), (0,11633), (5,3608), (0,11640), (0,11677), (0,510), (0,11646)
acongojado	(5,4481)
calma	(2,4482), (2,1027), (2,2179), (0,11141), (0,11270), (1,6634), (2,3566), (5,7447), (5,6074), (2,7800), (2,6714), (0,11194), (5,6400), (1,9404), (1,12028)
fraccionado	(5,3141)
recibieron	(0,419), (1,1525), (0,213), (1,11896), (0,13479), (1,4042), (3,2382)
jocoseria	(5,6464)
acusarme	(2,2820)
calmo	(0,11560)
destruicion	(4,8884), (1,17225), (4,8430), (1,5836), (1,5839)
fraccionada	(0,498)
sospechado	(0,7283), (1,6619), (5,5697)
cibdades	(4,580), (4,378)
esparcirle	(1,9103)
extasis	(3,221)
marea	(0,10672), (0,10801), (2,2350)
surgidero	(0,6339), (0,7015), (0,6152), (0,6153), (0,6348)
elogio	(5,4772), (5,6679), (5,6232), (5,5178)
trabasen	(0,7903)
barut	(4,581)
mordere	(1,16761)
traslados	(0,1963)
calla	(4,7171), (4,902), (4,4870), (4,5126), (4,5255), (1,12006), (4,4748), (4,3475), (4,3731), (4,2388), (1,3634), (4,3548), (1,1722), (4,5472), (4,7776), (1,11773), (4,4129), (4,6629), (4,6952), (1,904), (4,3691), (1,11336), (4,6956), (4,7212), (1,1934), (3,529), (1,1103), (4,5299), (4,5300), (4,7165), (5,6945), (1,2654), (1,11998)
elocuencia9	(5,733)
inaugurar	(5,7367)
ivamos	(0,10594), (0,10563), (0,9958), (0,10582), (0,10152), (0,10154), (0,9964)
metense	(4,7286)
calle	(2,1025), (1,2080), (1,16928), (4,7108), (2,7682), (2,6147), (1,8739), (1,1318), (2,4871), (1,9511), (2,7689), (1,9512), (1,14891), (2,7696), (2,1553), (2,3089), (4,2518), (2,277), (1,18740), (1,573), (2,4895), (2,2849), (1,1089), (2,7714), (2,4900), (1,5188), (2,1574), (2,7719), (2,3883), (2,4907), (1,18506), (1,12876), (1,17229), (2,4913), (1,18257), (1,8786), (1,9042), (1,14419), (1,12117), (1,14421), (2,7736), (2,4922), (1,8795), (1,10587), (2,5702), (2,75), (1,6762), (1,10602), (2,1100), (2,8012), (4,1299), (4,8728), (1,9589), (2,87), (1,17782), (2,88), (1,18808), (1,10107), (4,1568), (4,3872), (2,96), (2,864), (1,13439), (1,385), (2,4450), (2,355), (1,8066), (1,12163), (1,14470), (2,8040), (1,18311), (1,7304), (1,9609), (1,10633), (1,15753), (5,3598), (1,8844), (1,6031), (2,6001), (1,9877), (2,6008), (4,5691), (1,11160), (1,9881), (4,7229), (2,6012), (2,4989), (1,18333), (1,14750), (1,17056), (1,14753), (2,6019), (1,5794), (4,4678), (2,6020), (1,11174), (1,5802), (2,7575), (4,91), (2,153), (1,9913), (1,10169), (2,6046), (1,14013), (2,7839), (1,14015), (2,6051), (1,9667), (2,6053), (1,18885), (1,18376), (1,16331), (2,6062), (1,12750), (1,18894), (2,4272), (2,1458), (1,18897), (1,979), (1,1236), (1,17111), (2,6329), (2,699), (1,1242), (2,4284), (1,17118), (2,7873), (1,18402), (1,9703), (1,12263), (1,18414), (2,6099), (2,5333), (1,9462), (1,16377), (4,3489), (2,7648), (2,6628), (1,14853), (1,18694), (2,5352), (1,14343), (2,234), (2,5354), (1,17163), (1,8975), (2,5624), (1,14359), (1,15895), (4,8379), (1,16408), (2,250), (1,8986), (1,10011), (2,7680)
marco	(1,14240), (1,13857), (1,13986), (1,13860), (1,13224), (1,14248), (1,13612), (1,13870), (1,14128), (1,14001), (1,13876), (1,14133), (1,13880), (1,14008), (2,2842), (1,13889), (1,13507), (0,11749), (1,13128), (1,13769), (1,4941), (1,14029), (1,13774), (1,13903), (1,13265), (1,13777), (1,13784), (1,13658), (1,14042), (1,13147), (1,13531), (1,13788), (1,13279), (1,14048), (1,13666), (1,14050), (0,11780), (1,13797), (1,14054), (1,13159), (1,11368), (1,13035), (1,13675), (1,14189), (1,13678), (1,13934), (0,11790), (1,13300), (1,13812), (1,14197), (1,14198), (1,13815), (1,13304), (1,13818), (1,13820), (1,13567), (1,17279), (1,13697), (1,14209), (5,7046), (1,13700), (1,13190), (1,13318), (0,3495), (1,13585), (1,13586), (1,13846), (1,14231), (1,13977), (1,14235), (1,14109), (1,13598), (1,14239)
elogia	(0,586)
pendiente	(1,11249), (5,956), (1,13529)
nuera	(4,3445), (4,7094), (1,18932), (1,18948), (4,3457)
apasiona	(2,4020)
inaugural	(5,3556), (5,5167)
condes	(1,15379)
solemnemente	(5,5749), (5,2534), (5,423), (0,8732), (5,627)
aseo	(2,616), (1,303)
callo	(1,13042), (1,12547), (1,13094), (1,16631), (1,1656), (1,16905), (1,4522), (4,7869), (1,6986), (1,4541), (4,146), (2,7904)
hosterias	(1,8944), (1,7681)
protonotario	(4,7536)
marcy	(5,8455), (5,2402)
cortesanas	(1,18336), (4,2085), (4,8805), (4,8839), (4,1961), (4,2477), (4,2896), (4,3600), (4,2898), (4,5650), (4,1299), (4,3384), (4,4380), (4,7294), (1,8539), (4,3008), (4,6240), (4,7456), (4,4386), (4,6562)
adicto	(2,965), (5,7948), (5,4734)
reportandose	(1,10518)
aullido	(2,5621)
corpus	(1,18512), (5,534), (0,10979)
cursivas	(4,37), (2,29), (1,30)
pronunciare5	(2,5274)
tardanza	(1,12528), (1,18728), (0,8360), (5,2912), (2,928)
detuvo	(2,321), (2,5857), (1,15185), (2,7331), (1,6834), (2,8037), (5,4425), (2,3913), (2,458), (1,3785), (1,13546), (2,7998)
pomponio	(5,6552)
osadas	(4,4152)
conchavandola	(3,2116)
socarrado	(1,5770)
entrega	(5,1048), (0,292), (1,4182), (5,5066), (0,1606), (5,337)
azabache	(1,11247)
cumplirse	(1,7360), (5,1871)
716	(5,4579)
atanbor	(0,9134)
contrataciones	(0,4991), (0,3282), (0,4979), (0,5043), (0,564), (0,4724), (0,4645), (0,4654), (0,7598)
baron	(1,6658), (1,6395)
mares	(0,543), (3,2358), (3,2119), (5,3147)
despecho	(1,15424), (5,742), (5,4775), (5,2216), (1,8133), (1,7945), (5,975), (2,5933), (5,5522), (5,3316), (1,7602), (5,2302), (1,10908), (4,3936), (5,7361), (1,3134), (2,1376), (1,6431)
lipari	(4,8228), (4,8282), (4,8410), (4,8348), (4,8876), (4,8350), (4,8415)
dejaisla	(1,1995)
mareo	(2,3332)
atribucion	(5,2106)
embiasedes	(0,3098)
espejos	(0,10113), (0,6451), (2,3162), (1,16795), (4,1186)
proseguira	(0,5112)
nacionales	(5,726), (2,4691), (5,296), (2,6151), (2,5209), (2,6074), (2,6651), (5,1215), (2,46), (2,6334), (2,63)
reemplazarla	(2,6966)
altura	(0,5965), (0,11348), (0,11608), (0,11609), (0,12126), (0,12128), (0,6245), (0,3942), (0,11370), (0,876), (3,2319), (0,4717), (0,4718), (0,11374), (0,11631), (0,3954), (3,2326), (0,11381), (0,6262), (0,3962), (0,6266), (0,6271), (0,5761), (0,6275), (0,6282), (0,6028), (0,9612), (0,11404), (0,11405), (0,6286), (0,11664), (0,11668), (0,11414), (0,6039), (0,11672), (0,6042), (0,11675), (0,11676), (0,11427), (0,11683), (0,11431), (0,11688), (3,2126), (0,11692), (0,433), (0,4021), (0,440), (5,4125), (0,443), (0,4028), (0,4796), (0,6078), (0,6080), (0,6083), (3,2407), (2,1671), (0,6853), (0,11207), (0,6088), (0,11472), (0,6099), (0,11476), (0,11477), (0,5590), (5,6459), (0,11479), (0,5592), (0,5595), (0,9691), (0,5596), (0,6112), (0,10983), (0,11495), (0,6120), (0,11496), (0,6121), (0,13545), (0,6124), (0,11502), (2,6070), (0,11267), (0,11271), (0,3848), (0,3851), (0,5909), (0,4631), (0,11544), (0,3866), (0,3613), (0,3869), (2,1505), (0,11554), (3,457), (2,4074), (0,3881), (0,11563), (0,3887), (0,11315), (0,5685), (0,6198), (0,11063), (0,3896), (0,5689), (3,1760)
contrariaba	(5,774)
mantenia	(5,3733), (5,503), (4,6567), (5,6525), (5,990), (5,5134), (1,18940), (5,690)
thoreau	(5,2873), (5,8719)
corpinos	(1,11244), (1,11245)
anegaba	(1,2151)
entendiamos	(0,6767), (0,6330), (0,10092)
mulas	(1,13346), (1,11875), (1,12964), (1,10919), (1,11241), (1,11625), (1,11314), (1,11637), (1,14261), (1,11000), (1,14136), (1,13307), (1,14139), (4,7583), (1,13372), (1,10941), (1,11006), (4,2082), (1,11009), (1,11649), (1,11777), (1,10882), (1,1540), (1,8197), (1,13830), (1,13772), (1,10957), (1,11665), (1,8211), (1,8213), (1,1561), (1,13273), (1,13337), (1,8219), (1,10907), (1,11292), (1,1565), (1,4765), (1,8223)
vaciante	(0,10801)
bofetadas	(2,7623), (2,2543)
extinguia	(5,4246)
prevalecian	(5,1691)
lavare	(4,3746)
alcorza	(1,746)
guerreros	(5,2821), (5,3111), (3,2023), (5,7002), (3,969), (5,704)
sobrellos	(4,6078)
prelada	(1,841)
tardias	(5,5506)
mojada	(2,6347)
fomentarlas	(2,2132)
maria	(0,2113), (0,2178), (5,4135), (3,1830), (5,7208), (5,7145), (5,4715), (5,6636), (5,6892), (3,1003), (3,2285), (3,2097), (0,12367), (0,9553), (4,6166), (1,311), (2,792), (1,5048), (3,1788), (3,2172), (5,4095), (5,4230), (0,2086), (3,268), (3,2319), (5,6801), (5,6932), (5,4182), (2,6007), (5,8862), (5,6751), (1,13278)
fallescais	(0,5417)
alterar	(2,5509), (0,8262), (5,7507)
caliz	(4,452), (4,549), (2,4892), (4,528)
costosas	(0,541)
asumio	(5,2148), (5,5020)
cerrillo	(3,1119)
entrego	(0,4351), (2,1667), (1,7267), (0,4357), (1,8934), (1,6119), (0,1608), (0,4297), (0,4361), (1,11498), (1,6380), (0,4369), (3,633), (2,6041), (0,4318), (1,10818), (1,3651), (1,2821), (0,1573), (3,1674), (0,4327), (0,4266), (0,9581), (0,629), (1,15318), (1,7194), (0,4346), (1,4508), (0,1597), (1,11422), (1,11486)
yva	(0,9560)
asia	(3,920), (5,6670), (5,1251)
despierto	(1,14480), (1,3619), (1,10389), (1,11930), (1,16171), (1,13182), (1,10559)
nueve	(4,963), (5,3238), (1,18594), (0,5826), (3,1767), (0,11845), (1,18600), (4,8524), (0,9672), (0,6218), (0,10314), (0,8142), (0,11470), (0,9682), (0,11735), (0,13399), (5,6210), (1,191), (0,9825), (5,3401), (0,10344), (4,7021), (0,9706), (5,2000), (0,11755), (0,3568), (0,9712), (3,917), (0,243), (0,9715), (5,6233), (0,3320), (0,9593), (0,9721), (0,11770), (0,9724), (0,893), (1,18398), (0,9728), (0,13570), (0,9731), (0,13699), (5,2409), (0,906), (5,7024), (3,175), (3,1714), (3,1843), (5,3701), (0,11536), (0,2705), (1,6642), (0,5909), (1,18425), (0,8347), (0,3612), (5,6018), (1,10622), (0,5919), (5,7182), (1,13322), (0,10036), (0,1461), (0,3131), (0,10428), (5,930)
mojado	(1,4032), (4,7382), (0,8674)
tomemosla	(4,4983)
lavase	(4,813)
preciosisima	(1,1186), (2,3637), (2,5792)
glorias	(5,52), (5,22), (5,8873), (5,3322), (5,11), (5,59), (5,8877), (5,1)
nueva	(0,10815), (0,4674), (0,5699), (0,4676), (0,11844), (1,1574), (0,5189), (0,3142), (0,5192), (2,525), (2,6157), (0,10829), (1,10289), (0,13393), (0,3154), (0,10834), (0,11858), (5,5048), (0,1109), (0,4694), (0,12886), (0,5720), (0,603), (0,11867), (1,15421), (0,11874), (0,611), (1,12869), (0,13416), (0,8299), (5,7123), (0,2162), (0,10866), (0,5753), (5,6622), (0,11897), (0,13434), (0,3195), (0,12925), (0,641), (2,1091), (2,6723), (5,6122), (0,8325), (1,18023), (0,4231), (0,4743), (0,8328), (1,5739), (0,13452), (0,3213), (0,4237), (0,9357), (0,656), (1,5745), (0,5777), (5,7158), (0,11921), (0,4243), (5,6136), (0,12947), (0,2710), (1,6775), (0,11928), (5,510), (4,4125), (0,8349), (0,11933), (0,8351), (0,162), (0,2723), (0,4771), (5,5128), (0,12964), (5,523), (0,12966), (0,679), (0,2728), (0,11944), (2,6251), (0,8361), (0,170), (0,2731), (0,4780), (0,1709), (0,11951), (1,3218), (4,1594), (0,1208), (1,16025), (2,5244), (0,5307), (1,6812), (1,10396), (5,548), (0,1727), (0,11967), (0,1216), (0,705), (4,3653), (0,5314), (4,2121), (0,5319), (0,13001), (0,714), (0,716), (1,5805), (1,7343), (0,8398), (0,1231), (0,3792), (0,4304), (0,5328), (0,11984), (3,2165), (0,3283), (1,6325), (0,7892), (5,571), (1,7352), (0,5336), (0,3807), (4,4709), (1,3778), (5,585), (0,4324), (1,7365), (4,3178), (5,3659), (5,1102), (0,12010), (0,1259), (0,4331), (0,5355), (5,2641), (0,12012), (5,4178), (0,12013), (5,3667), (0,245), (0,3321), (2,2748), (0,2811), (0,5371), (0,5372), (0,7420), (1,18142), (0,1795), (0,3844), (0,7430), (5,7278), (0,7433), (0,3341), (1,13553), (0,3857), (1,15603), (0,789), (0,3349), (0,4374), (5,7295), (5,7809), (0,797), (1,3329), (0,12064), (0,1317), (5,5264), (0,816), (1,2833), (0,4400), (5,664), (0,3892), (0,2870), (0,3895), (0,5431), (0,3384), (1,17178), (0,12090), (5,3233), (0,9534), (3,738), (1,2850), (0,3905), (1,6435), (0,12100), (0,5957), (0,3910), (1,11560), (0,9032), (0,12108), (0,4941), (0,5965), (0,12111), (0,3920), (0,11600), (0,3409), (2,7955), (0,3411), (0,341), (4,6362), (0,12118), (5,6336), (0,3932), (0,11613), (0,862), (0,3935), (0,3427), (0,3940), (0,3429), (0,3431), (5,3276), (0,1897), (1,14666), (0,2410), (0,13675), (0,5997), (0,2417), (1,9554), (0,3447), (5,1246), (0,3961), (0,4986), (0,892), (0,2428), (5,6881), (5,3300), (5,2277), (5,3301), (0,3457), (5,233), (0,3973), (0,5509), (0,2438), (0,391), (0,11658), (0,2444), (0,910), (0,3474), (0,2451), (0,5523), (0,13204), (0,2454), (5,5371), (0,13206), (0,11672), (1,16251), (0,13212), (0,3998), (5,1796), (0,2975), (1,6532), (3,1353), (1,7559), (5,3852), (0,1449), (1,15242), (5,2832), (5,4881), (1,6543), (4,4915), (0,1457), (0,4017), (0,4018), (0,5555), (3,2391), (0,6069), (1,14232), (0,1464), (0,4024), (0,5561), (5,6431), (1,5021), (0,10684), (0,2494), (0,3008), (0,9152), (0,1989), (0,9157), (0,6598), (5,301), (1,2473), (0,8137), (0,4045), (0,8653), (0,1488), (0,2512), (0,9168), (0,12755), (5,825), (0,5588), (0,5589), (0,3031), (0,5591), (1,11705), (0,12760), (0,10713), (0,12762), (2,3485), (0,13275), (1,18364), (0,8161), (5,2889), (0,5605), (1,7112), (0,3049), (0,4585), (1,7115), (0,3051), (5,8529), (0,4077), (5,3411), (0,9198), (0,1007), (0,3064), (0,5625), (1,11227), (0,3067), (1,2525), (0,2046), (5,4451), (5,4458), (0,6663), (0,1545), (0,2058), (3,942), (0,5644), (0,4622), (0,1039), (0,3088), (0,8720), (0,1553), (0,3601), (5,3446), (0,5141), (0,11285), (0,1561), (0,2073), (5,3456), (0,3612), (1,15869), (0,6688), (5,3466), (5,4491), (1,6665), (0,1067), (1,13324), (0,556), (0,1072), (0,561), (0,3122), (0,565), (0,10806), (0,4151), (0,5687), (0,10812), (0,11837), (2,512)
michael	(0,14064), (4,9094), (5,9207), (3,3355), (4,9246), (1,19308), (2,8384)
toque	(1,15489), (2,7782), (1,17318), (0,2375), (1,16056), (1,1737), (5,1022), (3,384)
asis	(4,9139), (2,8290), (5,9113), (0,13958), (3,3261), (1,19214)
despierta	(1,8817), (1,10311), (1,14958), (4,5794)
sospechosos	(2,2708)
740	(0,443)
asumia	(5,3463), (5,1896), (0,628), (5,2065)
nuevo	(3,738), (5,6820), (1,11808), (5,933), (5,1190), (1,13859), (0,1092), (4,8136), (2,4359), (5,941), (5,1458), (2,4368), (1,7220), (1,4408), (0,8791), (5,2493), (5,2750), (0,8797), (5,3780), (5,2757), (1,17219), (0,99), (1,16452), (5,714), (5,1227), (1,12871), (5,3277), (1,4426), (5,465), (2,4398), (5,5589), (0,625), (4,7677), (5,480), (1,6493), (5,6625), (0,6785), (1,17256), (5,1264), (5,5616), (2,2127), (1,3439), (5,6387), (5,3319), (2,1109), (2,8021), (1,3446), (1,2682), (5,6654), (1,379), (2,5214), (1,6784), (5,1029), (5,7687), (1,18051), (1,9348), (1,12932), (2,4711), (1,9866), (1,12685), (0,8877), (5,1558), (1,7827), (5,5144), (1,14229), (1,15766), (5,7707), (0,951), (3,2394), (1,14232), (2,4986), (1,6042), (1,16031), (0,7871), (2,7554), (1,7585), (1,6818), (3,102), (1,2981), (1,4005), (1,5541), (5,6702), (5,5424), (0,3789), (5,5171), (5,5431), (1,10676), (1,12985), (1,3261), (1,3262), (5,5186), (5,7746), (3,642), (1,1986), (5,2375), (3,646), (4,8295), (1,8388), (4,7017), (5,331), (5,5454), (5,1871), (3,2701), (1,3275), (2,5548), (5,8531), (1,5328), (1,10192), (5,4182), (1,10194), (3,2197), (5,3929), (1,13269), (0,5109), (5,5722), (3,2203), (2,956), (2,957), (1,4828), (1,8926), (5,4195), (1,8927), (1,11490), (1,13539), (0,5636), (3,1704), (1,6886), (5,2923), (1,9962), (1,16106), (3,183), (3,1724), (2,7644), (5,6783), (1,1532), (1,18684), (1,8959), (5,644), (5,2693), (0,7712), (3,2756), (2,6116), (1,18180), (1,15369), (5,2449), (1,18189), (5,3218), (1,15886), (2,1265), (1,13073), (5,154), (3,217), (1,3095), (1,14106), (0,571)
triste	(5,6374), (1,1123), (5,7271), (1,7979), (5,1712), (5,2673), (1,15341), (1,15469), (4,6481), (2,2448), (1,3953), (5,3319), (1,2933), (1,3381), (1,7352), (1,12858), (4,7774), (2,3935), (2,1248), (5,4164), (2,5346), (2,7650), (1,10689), (2,4198), (5,6986), (5,3723), (1,15495), (5,7756), (1,14154), (2,3629), (5,4241), (2,623), (2,1073), (5,5204), (1,6609), (1,15505), (2,630), (5,2523), (1,11927), (5,2268), (5,7199), (2,5309), (2,1598)
asio	(1,5719), (1,18232), (1,5852)
intruso	(2,966), (2,1068)
asir	(5,614), (1,14357), (5,2462)
cordilleras	(3,1733), (5,1298), (3,2080)
guaranis	(3,841)
intrusa	(2,3128)
radicalmente	(5,5524), (5,3059)
mantenga	(3,2849)
preciosisimo	(1,316)
demonches	(2,1475)
presumido	(1,18692)
ejemplar	(3,2562), (4,181), (2,2021), (4,104), (4,251), (5,2796), (5,5630), (4,110), (2,3116), (1,16015)
lector	(2,676), (1,166), (2,973), (2,5613), (2,5646), (2,2416), (2,3346), (5,6198), (5,7740), (4,8382), (1,126), (5,7842), (3,1953), (5,5379), (5,5859)
siete	(4,2243), (4,2249), (0,1106), (4,728), (4,219), (4,4828), (0,10843), (0,10845), (1,2368), (1,17728), (1,3137), (3,1289), (4,2542), (4,8430), (0,4718), (1,8783), (0,3953), (0,12913), (4,2039), (0,9588), (1,9050), (0,3962), (5,2274), (0,7549), (0,10109), (1,17762), (0,6793), (1,4211), (1,7795), (5,6392), (0,10902), (0,11673), (0,10909), (5,2308), (1,7296), (5,2309), (0,418), (4,3622), (4,1321), (1,12934), (0,1191), (1,8586), (0,1194), (4,3128), (0,10935), (0,10169), (0,10937), (0,11457), (3,1640), (0,967), (5,4397), (0,11721), (0,6864), (1,9139), (0,7385), (5,3394), (5,5703), (4,2408), (0,9702), (0,11758), (4,8563), (5,2133), (1,5847), (4,8570), (1,6104), (5,7774), (2,2748), (1,3294), (2,3264), (5,7524), (4,4742), (4,2951), (5,1641), (0,8198), (0,11782), (0,9223), (0,11783), (0,267), (0,8205), (3,2227), (0,13328), (1,12274), (3,1717), (5,2936), (5,3961), (1,17143), (3,1722), (0,4631), (1,4601), (0,8987), (5,3457), (1,13314), (0,8994), (5,3208), (1,11012), (3,974), (3,975), (5,3474), (0,5167), (5,6548), (4,8884), (1,8978), (0,10035), (5,1434), (3,1247), (5,3490)
enferma	(1,14736), (3,2099), (1,8529), (1,4146), (1,12420), (1,12436), (4,5897), (1,12440), (1,6268), (1,6524)
importaba	(1,13072), (1,13840), (1,9154), (1,13282), (1,13413), (5,5386), (5,1261), (1,4873), (1,12730), (1,7707), (1,11054)
usaremos	(1,2041)
embozado	(3,2321)
acertamiento	(0,2187)
trahido	(0,7630)
temores	(1,3616), (1,3968), (1,17665), (1,499), (5,1447), (1,6115), (1,12308), (1,1703), (1,6855), (1,3320), (5,2751), (5,7471)
chapinero	(4,3811), (4,3814)
marcamos	(0,11336)
tanteaban	(1,5606)
750	(3,2319)
tegoantepeque	(0,3696), (0,3665), (0,3668), (0,3684), (0,3669), (0,3701), (0,3692), (0,3678)
ociosas	(1,16456)
sofistica	(5,1845), (5,2187)
pedrezan	(4,239)
embarcaciones	(3,1811), (3,949), (3,2053), (3,2086), (3,1511), (3,2951), (3,2040), (3,361), (3,1130), (3,1357), (3,3005), (3,1776)
ocurridos	(5,5255), (3,2702)
salvaje	(5,3260)
amantisimo	(1,126)
victoria	(5,3366), (1,6818), (2,6468), (5,3528), (5,521), (5,2154), (0,13351), (5,1490), (5,3188), (5,1781), (2,214), (5,6234), (5,2075), (4,6043), (1,4410), (4,6013), (5,2112), (5,3008)
vituperadores	(4,8483)
conoceremos	(2,4390)
marit	(0,13234), (0,13395), (0,13324)
alteren	(3,557)
alfaxor	(4,427)
jeroglificos	(5,6198)
mario	(1,3936), (1,4130), (1,3844), (1,3877), (1,4135), (1,3945), (1,4170), (1,3852), (1,3884), (1,3980), (4,3795), (1,3893), (1,3865), (1,3899), (1,3868), (1,3902)
bulda	(4,6409), (4,815)
llamoles	(1,17116)
hinchaba	(2,7762)
fantasia	(2,6691), (3,522), (4,5803), (5,1070), (3,2190), (2,4080), (1,17584), (1,17680), (4,600), (1,17589), (2,4089), (4,4734), (0,13563), (0,13565)
763	(3,2920)
derey	(0,13286)
recuerdese	(0,13366)
18511852	(5,1076)
aplaudir	(5,7732)
entraronse	(1,2191)
ubera	(5,6590)
enfermo	(2,1283), (2,900), (3,1958), (2,3973), (2,1222), (5,943), (1,18351), (1,18224), (2,916), (5,7095), (1,5940), (1,3703), (4,6747), (0,8535), (1,14012), (1,8509), (2,1061), (2,2284), (1,2958), (2,1136), (1,8271), (1,15759), (0,2288), (1,8273), (1,8276), (1,3413), (2,1021)
zumbon	(2,819)
aplaudio	(5,2807), (5,2561)
espada	(1,14756), (3,1511), (3,1897), (1,6441), (3,1388), (1,940), (5,4530), (4,6097), (2,784), (3,2545), (1,18352), (1,3122), (1,13622), (1,18745), (1,3131), (2,5149), (1,3133), (1,14399), (2,7849), (1,14025), (1,8267), (4,4591), (1,5708), (5,6994), (1,16974), (1,7504), (1,16976), (4,4470), (1,6752), (4,4868), (2,7620), (1,5478), (2,5192), (1,15720), (1,16104), (1,5483), (4,4367), (0,10765), (1,7023), (0,10768), (1,15731), (2,7640), (4,8092), (4,6430), (1,13827), (2,2021), (3,2503), (1,4616), (1,1930), (1,10507), (1,16014), (1,4752), (1,13712), (1,2449), (1,5137), (2,7797), (1,6678), (1,13081), (1,6559), (1,13215)
escopeta	(1,10775), (1,10394)
completaban	(2,6754), (2,2019), (2,648)
simbolos	(2,2137), (2,1852), (2,1760)
adaptarla	(5,3928)
asna	(4,8178)
amanece	(4,6249), (4,1825)
manifestasen	(0,8076), (1,2414), (1,14735)
martirizar	(1,18702)
calabaza	(4,1907), (4,1687), (4,6280), (0,12196), (2,2489), (4,3804), (4,1917), (0,6764), (4,1953), (0,6766)
hiera	(1,1444)
hiere	(1,1417), (1,1644)
revelaciones	(5,2932), (5,5433), (5,2895)
asno	(4,8388), (1,11941), (1,12197), (1,11430), (1,12198), (1,16679), (1,11432), (1,12200), (1,12203), (1,11950), (1,11312), (1,11448), (2,5658), (1,11324), (1,12221), (1,12224), (4,8164), (1,12230), (1,11466), (1,12874), (1,12240), (4,8181), (1,12242), (1,17492), (1,12249), (1,12889), (1,1116), (1,11358), (1,12256), (1,11617), (1,12770), (4,8199), (2,7624), (1,17897), (1,17901), (1,12270), (1,11504), (4,7956), (1,17906), (1,12149), (1,11510), (1,17910), (4,8221), (1,17915), (1,17917), (1,11391), (1,11392), (1,12160), (4,1701), (4,8871), (1,12165), (1,12295), (1,12296), (1,12169), (1,12170), (1,12173), (4,7986), (1,12303), (1,12178), (1,18067), (1,11924), (1,12180), (1,12184), (1,11417), (4,7613), (1,17562), (1,11423), (1,12191)
almaguer	(0,12147), (0,996), (0,1013), (0,1003)
comprimidas	(5,7385)
santiguo	(1,3963), (1,11260)
herramientas	(0,4287), (0,6707)
inmovil	(5,4997), (5,319), (5,3427)
machuchas	(4,2942)
abrira	(4,7767)
conociendose	(1,14483)
celeste	(2,6693), (2,1671)
guisadicos	(4,396)
780	(3,2526)
respetamos	(2,5508), (5,7037)
importado	(5,6993)
marchaba	(5,2068), (1,17344), (1,7841)
peludos	(1,18351)
misericordia	(0,3359), (1,16786), (1,8307), (1,6260), (1,2519), (0,13046), (1,17673), (1,13243), (1,4653), (1,9101), (1,7551)
distingue	(5,6426), (5,7227), (5,6113), (1,16718)
bienhechores	(1,5186), (1,93), (1,5183)
presumias	(1,4098)
religioso	(0,672), (1,7714), (0,7425), (0,8257), (1,8898), (5,4428), (1,3882), (1,8554), (0,586), (1,8908), (0,5645), (1,8913), (3,2100), (3,2102), (1,8596), (0,13300), (3,2457), (3,2714), (3,923), (3,2716), (1,2109), (3,2815), (5,4097), (2,1983)
5100	(0,9539)
senero	(1,1823)
envestir	(3,2243)
forzaronlo	(5,5889)
entretenia	(1,9569), (3,2327), (1,9593), (1,10844)
aspa	(0,6633)
rescatado	(0,5183), (1,7474), (1,7556), (0,4677), (0,5157), (0,1814), (0,775), (0,5101)
religiosa	(5,4101), (1,7361), (1,7397), (5,7817), (1,840), (0,856), (5,7809), (1,7470), (5,595)
salvadora	(2,1014), (5,635), (5,2812)
vallifanius	(2,3834)
errar	(0,6272), (0,7506), (1,18004), (4,8282), (0,6279), (0,3880), (0,3870), (0,3966), (0,5598)
limbaga	(0,12335), (0,13572)
profanos	(2,2147), (5,5625)
vengamos	(4,595), (1,2929)
brasero	(1,18597), (1,18670)
palabrashare	(3,606)
darselo	(1,10016), (1,9565)
calculated	(1,19137), (2,8213), (4,9063), (5,9036), (0,13882), (3,3184)
sanahuja	(2,968)
honradamente	(1,12180), (1,10684)
pelea	(1,18896), (0,7538), (1,17043), (5,2728), (0,6547), (1,13785), (3,1436), (0,7497), (5,5778), (0,478)
hayais	(0,1200), (0,1249), (0,4865), (0,1685), (0,1126), (0,1350), (0,1526), (1,17015), (0,1146), (0,4539), (0,1708)
avernos	(0,9219), (0,9255)
darsela	(1,11553), (1,12102), (1,2663), (1,6887), (1,12988), (1,11279)
alfarutia	(4,687)
proteger	(5,3448), (2,2134)
mojaos	(4,2759)
interrogante	(5,3384)
posimosle	(4,2357)
resquicio	(5,6914)
cueva	(1,17794), (1,17859), (1,4030)
atenuaciones	(5,7163)
huespeda	(1,12834), (1,17122), (1,12836), (1,17129), (1,12842), (1,12844), (1,12909), (1,15981), (4,5713), (1,12915), (4,6490), (1,12919), (1,12408), (1,12921), (1,17145), (4,6173), (1,12354), (1,9220), (1,12614), (1,12040), (1,17161), (1,12618), (1,12938), (1,12940), (1,12050), (1,12946), (1,16023), (1,17175), (4,6203), (1,12957), (1,17181), (1,12062), (1,17182)
sucedian	(5,4614)
viesemos	(0,9288), (0,9978)
fantasma	(1,7410), (5,1497), (2,4904), (1,3963), (1,8765)
acodicio	(0,8032)
marchado	(5,1492), (5,3386), (2,2316)
entretenga	(1,9196), (1,6206)
acercaba	(5,5528), (5,6026), (5,6383), (5,944)
andreilla	(2,4485), (2,3755)
nativas	(2,2863)
existentes	(5,5254), (5,3069)
palomar	(4,5950)
palomas	(1,10022), (1,10392), (4,5950), (1,5643), (1,5804), (4,4705)
nornoroeste	(0,11518)
pelar	(4,6252), (4,1453)
supieron	(1,10433), (4,742), (1,17219), (1,17925), (1,3590), (1,11398), (1,12262), (1,11177), (1,15341), (0,7120), (1,9329), (3,1428), (1,13395), (4,279), (0,7959), (5,3581), (1,2845), (1,14238), (1,15135)
lavais	(4,1527)
subvencionaria	(2,700)
genuina	(5,1237), (5,7854)
enero	(0,6212), (0,9736), (2,5263), (0,6221), (5,1971), (4,8466), (0,6291), (0,6232), (0,6298), (5,7103), (5,2240), (0,13469), (5,201), (0,3493), (5,7435), (2,2089), (0,13353), (0,426), (0,6251), (3,272), (0,6125), (3,1617), (0,2414), (1,17488), (0,433), (0,6133), (0,441), (0,6202), (2,2749), (0,12987), (5,2466)
hiena	(2,7711)
pelan	(4,6285)
trahiga	(0,3455), (0,5375), (0,4373), (0,5322), (0,5165)
salvara	(2,3009), (0,483), (2,5504)
consagrarse36	(5,2829)
genuino	(5,1899), (5,6269)
moverle	(1,14963)
filipinasc	(0,4074)
difuso	(5,7562)
grena	(2,5348)
hielo	(1,1646)
hinchada	(4,4831), (1,4879)
bulas	(1,6066), (1,4681), (1,4682)
aprisionaron	(1,7133)
presuponer	(1,16353)
setemzoneis	(4,2001)
infaliblemente	(2,6818)
hinchado	(4,7011), (4,2103), (1,7082), (4,1951)
pronunciaron	(2,5629), (2,1136)
cumplirla	(1,3992), (3,638)
entretengo	(1,2322)
indescifrable	(5,4974), (5,2547)
executareis	(0,4597)
salomon	(2,2145), (4,8275), (5,4862), (4,3166), (4,7857), (2,2144)
cccxlix	(0,11770)
nuebe	(0,3540)
estragaron	(1,16934)
mulillas	(1,11723)
ausentarlos	(1,15074)
aste	(1,7841)
acercado	(3,162)
encoronarse	(4,730)
reprimieron	(1,13874), (1,15279)
basco	(0,5504), (0,12187)
entrese	(4,4040)
catolico	(1,6560), (1,7520), (1,6440), (5,5229), (5,5230), (1,7498), (1,6251), (5,8207), (1,6188), (1,6572), (1,6445), (5,6609), (3,2704), (1,6480), (3,984), (3,634), (1,7032), (1,10267), (5,4384)
maltrecha	(0,13250)
recibieran	(2,1187), (5,7600)
exagerar	(1,17072)
descubrireis	(0,4752), (0,2110)
convulsivo	(2,1355)
siguiole	(1,17905), (2,7731)
temporal	(3,1075), (3,1734), (3,329), (5,5019), (0,9175), (3,2668), (4,8509), (3,686)
abrigo	(0,7311), (3,2963), (0,10161), (0,10082), (0,13522), (3,2470), (0,10467), (0,10483), (0,7272), (1,3290), (5,4208), (0,7243)
based	(4,8995), (5,8964), (5,8949), (4,8981), (0,13810), (0,13795), (3,3112), (3,3097), (1,19065), (1,19050), (2,8141), (2,8126)
alambique	(4,6561)
calzo	(2,5192)
assi	(0,13037)
tranquilamente	(5,6058), (5,4555), (2,4653), (2,6991)
dariades	(1,15091)
educadora	(5,3700)
condeno	(1,7187), (5,5656), (5,5081)
instantaneamente	(5,861), (5,1742), (5,2195), (5,3299)
impulso	(5,1236), (2,5858), (5,6105), (5,6923), (5,4940), (2,7307), (5,5183), (5,2096), (2,5854), (5,5025)
progresivo	(5,114)
pongais	(4,5541), (4,1165), (1,1215), (1,11935)
trasladar	(5,5185)
vaguedad	(2,4099), (2,952), (2,2672)
asta	(0,739), (0,1511)
acentuada	(5,7334), (0,13172)
mereceros	(1,14084)
cuantia	(1,5920), (5,4327), (5,2169), (1,5932)
madrina	(4,3530)
manifestaron	(0,8079), (0,482), (0,8100)
noroesteaba	(0,11392), (0,11405)
suministrados	(5,7693)
desengano	(2,4101), (1,4101), (5,6889), (2,4072), (1,4107), (5,373), (2,4019), (1,18098), (1,1685), (1,13493), (3,2200), (3,124), (5,5982), (2,4188), (5,5379)
pimenton	(2,839)
morriones	(0,3745)
tregua	(1,2913), (5,5837), (5,2063), (1,13070)
trabarse	(5,1767), (5,2161)
escuela	(2,6723), (1,13731), (2,588), (2,3212), (2,271), (5,4278), (2,340), (2,343), (2,5335), (2,4762), (2,5339), (5,3711), (5,4992), (1,16958), (5,4291), (2,674), (1,5249), (2,6115), (5,3912), (2,236), (2,3117), (5,3920), (1,16461), (2,369), (1,8016), (5,4823), (5,6106), (2,376), (2,249), (5,4958), (5,6431), (2,5309), (5,4257), (2,1472)
descuellan	(2,6002), (5,4770)
ironia	(5,6997), (5,6847)
agachan	(2,2054)
conociendo	(2,7361), (1,3048), (1,14285), (2,4815)
fundamental	(5,1526), (2,1038), (5,2323)
salvado	(5,2532), (5,1285), (3,2245), (5,5144), (5,443), (2,4810), (2,4859), (5,6433), (2,8000)
bases	(2,7044), (5,5176), (5,5321)
trencas	(4,5432)
cumpliria	(0,8817), (0,5811), (0,6603)
soy41	(0,2472)
comuniquele	(1,10637)
descubrimiento	(3,482), (0,66), (0,9538), (0,5955), (0,3142), (0,11846), (0,12105), (0,1103), (0,3155), (0,4694), (0,9046), (0,11864), (0,4442), (0,1118), (0,4191), (0,99), (0,11876), (0,3175), (0,11879), (0,104), (0,11882), (0,2411), (0,109), (0,9071), (3,2068), (3,1559), (0,3192), (0,1146), (0,894), (0,13440), (0,11905), (0,4227), (3,2599), (0,4229), (0,9350), (0,11913), (0,5514), (0,4235), (0,908), (0,9103), (0,912), (0,4241), (0,13203), (0,3476), (0,13717), (0,5526), (5,6661), (0,12965), (0,11944), (0,5803), (0,2222), (0,11951), (5,6677), (0,5809), (0,12977), (2,1141), (0,12980), (0,5557), (3,859), (0,11960), (0,1983), (0,5569), (0,9153), (0,706), (0,11970), (0,966), (0,1991), (0,11983), (0,1490), (3,118), (0,5332), (0,2005), (0,11992), (5,6721), (0,11996), (0,13279), (0,2016), (3,2179), (0,12000), (0,1249), (0,5601), (0,740), (0,5605), (0,12006), (0,999), (0,1255), (0,12008), (0,4074), (3,2192), (3,1682), (3,1939), (0,12016), (3,2198), (0,244), (3,407), (0,5621), (0,246), (0,3064), (0,12025), (0,2812), (0,12029), (3,417), (0,2), (0,4611), (3,168), (0,13062), (3,1706), (5,6509), (0,1546), (0,11), (0,1036), (0,1548), (0,3084), (0,4108), (0,5900), (0,1294), (0,3601), (0,9491), (0,1556), (0,1045), (0,9496), (3,1725), (0,1051), (0,3099), (0,284), (3,449), (0,13344), (0,3619), (0,1060), (0,12072), (0,1065), (0,5429), (0,12088), (0,5692), (0,11838)
florecio	(5,5739)
tostones	(0,8196), (0,8039), (0,8199), (0,8201), (0,8048), (0,8211), (0,8150), (0,8214), (0,9302), (0,8151), (0,8216), (0,8218), (0,8188), (0,8221)
temperatura	(5,2952)
atropellandose	(2,5972)
pobladores	(0,1335), (5,7341), (5,3171)
poniendolo	(1,8642), (1,14343)
manifestarlo	(0,9110)
nascido	(0,3292)
avivaba	(2,4009)
escalante	(0,388), (0,12933), (0,520), (0,137), (0,458), (0,12940), (0,528), (0,465), (0,13490), (0,12245), (0,13496), (0,2425), (0,445), (0,509)
escalanta	(1,6051), (1,5413), (1,5797), (1,5767), (1,5418), (1,5738), (1,5500), (1,5676), (1,5422), (1,5454)
face	(0,2126)
desas	(4,7074)
poniendole	(1,9168), (5,1781), (1,10227), (2,1817), (1,14926)
avemos	(0,9233)
fusilando	(5,5135)
nueba	(0,3540), (0,3494), (0,5703), (0,3480), (0,5608)
obligaciones	(1,4532), (1,13590), (1,15959), (1,15560), (2,5146), (2,5035), (1,13930), (2,5152)
inextricable	(5,379), (5,3282), (5,7107)
ramirez	(3,2147), (0,9571), (0,13027), (3,1671), (3,1674), (0,12439), (3,2590), (3,1953)
grullos	(4,7203)
homicidios	(2,1676), (1,6077)
veneciana	(4,1954)
deparase	(2,7738), (1,6445)
protestante	(5,4469), (5,7808)
extenderse	(5,244), (5,165), (5,649), (5,3065), (5,2925)
tuviesedes	(1,13425), (4,4218), (1,5259), (4,8110), (4,4368)
agresiones	(5,2944)
aprestaran	(0,4203)
soldan	(4,4753)
abrime	(4,3120)
fungosa	(5,3309)
reconociese	(1,17274), (1,17275)
epivames	(2,1538)
veneciano	(1,3826), (0,9555), (4,236), (4,2221)
sudista	(5,1592)
vanilla	(1,19120), (3,3172), (2,8196), (4,9046), (1,19125), (4,9050), (5,9019), (2,8201), (0,13865), (5,9024), (3,3167), (0,13870)
pestes	(2,6545), (1,3061)
copiando	(5,7917)
estubieredes	(0,5373)
pongame	(2,4739)
cumpliran	(0,4546), (0,3109)
cogerlo	(2,3367)
calvo	(4,7033), (1,16093), (4,7121)
pertenecido	(2,7009), (0,1813), (0,813)
alargar	(1,16208), (0,2273), (0,10961), (1,18681), (4,7437), (1,15404), (1,175)
alargas	(1,8645)
please	(1,19010), (1,19301), (1,19304), (4,8940), (5,8909), (0,14057), (5,9200), (0,14060), (3,3057), (5,9203), (3,3348), (4,9237), (3,3351), (2,8086), (4,9240), (2,8377), (2,8380), (0,13754)
conociendome	(4,1093)
conociendole	(1,13795), (1,11572)
luque	(4,669)
acorralado	(5,2838)
encuentranse	(5,5541), (5,2941)
familiaridad	(2,2050), (2,2917), (5,4073), (1,2072), (3,1406)
obscurecerla	(3,1436)
manifestarse	(2,4083), (1,16716), (0,1901), (5,1827)
entrevo	(1,17130)
consentimientos	(2,4525)
agradarian	(1,18209), (2,5225)
cumpliras	(2,4570)
indomito	(5,435)
pujitos	(2,609), (2,5076), (2,6389), (2,5082), (2,5643), (2,5052), (2,5628), (2,6335)
salvage	(0,6692)
trabajadoras	(1,18336)
anularse	(2,2448)
granel	(5,4901)
mayusculo	(2,5222)
pertenecian	(2,5896), (5,5917), (0,13273)
principiante	(1,5230)
cufra	(4,687)
fago	(0,2539)
intacta	(5,5574), (5,1031), (2,4948), (5,5863)
preguntaronla	(1,2648)
repartimientos	(0,6704)
rehusasen	(1,7158)
anegara	(1,12268)
calza	(4,4936)
condene	(2,2529), (1,6254)
intrepido	(5,711), (5,3768), (5,4462), (0,13357)
xixcomo	(4,8697)
cufro	(4,8037)
grinimon	(4,2926), (4,7614)
superintendente	(1,11088), (1,9544)
condena	(2,7297)
conociendoos	(1,13613), (4,6449)
regeneran	(2,1334)
argollas	(2,7643), (2,1439)
