regulaban	(3,484)
caballeresca	(2,4968)
helado	(2,5810)
traspasan	(1,1441)
rogaronme	(4,7837)
jurasen	(0,8878)
satan	(2,4183)
serviles	(2,114), (2,6387), (2,196), (2,869), (2,6917), (2,6856), (2,2697), (2,778), (2,5514), (2,6400)
hablaremos	(4,3795), (2,338), (1,3799), (4,6730), (2,3786), (2,5114), (4,5743)
oiase	(2,5621)
helada	(1,13605)
electronically	(5,9108), (0,13951), (0,13953), (3,3254), (3,3256), (1,19207), (4,9132), (1,19209), (2,8283), (4,9134), (2,8285), (5,9106)
escarmiento	(2,5544), (2,4681), (4,6511)
mirasen	(0,8159), (1,8564), (0,7446), (0,8166), (1,13369), (4,6365)
agnus	(1,13361), (1,15441), (1,15522), (1,15705), (1,15036)
cometidos	(5,5442)
escarmiente	(1,15934)
celebres	(2,866), (5,7654), (3,185), (2,7384), (5,6715), (5,8751), (5,1616), (3,623), (2,6270), (5,4034)
veriamos	(1,15542)
alcahuete	(1,8185)
rogaronle	(1,9972), (1,9982)
aristides	(2,2157)
caballeresco	(2,546), (4,153), (2,5003), (2,4959), (4,210)
condecendiendo	(0,9184), (0,4097)
bolina	(0,8443)
versos	(5,7205), (5,4395), (4,8527), (5,6963), (1,17840), (1,11954), (1,1204), (5,6200), (1,11959), (1,2872), (1,1211), (5,838), (2,4134), (1,1223), (1,3783), (1,3784), (5,7757), (1,16074), (1,3787), (1,2252), (5,6993), (1,2258), (5,6233), (1,3798), (5,7003), (1,11863), (1,3803), (5,7009), (1,2018), (0,10625), (2,4164), (0,10377), (1,3819), (1,3823), (5,6261), (4,8468), (5,7157), (0,10514), (0,10517), (5,7041), (5,6921), (1,18437), (2,6119), (5,6926), (1,12042), (1,2318), (5,7060), (5,6937), (1,2202), (1,1179), (1,284), (1,8093)
bolsico	(4,7022)
minas	(0,11717), (1,7687), (0,9126), (5,620), (5,3724), (0,3500), (0,5103), (0,11759), (0,5105), (3,695), (0,5110), (0,1275), (0,11773)
declaraban	(5,7644), (5,7122)
quebrarse	(1,8548), (0,7604)
llegabamos	(4,8240), (0,6302)
narbaez	(4,6284), (4,6286), (4,6271)
mostrar	(1,417), (1,6627), (1,8485), (1,6767), (0,3407), (2,6033), (1,8306), (1,6391), (1,12089), (2,5147), (1,17340), (2,1631), (0,2653), (1,16255), (1,961), (3,1478), (1,12292), (1,2631), (1,16711), (1,17223), (0,2860), (1,338), (4,1397), (4,1142), (3,1237), (2,7416), (0,2999), (4,1086)
favorecidos	(1,18259), (1,1916), (5,4977)
infinita	(1,4418), (5,2535), (1,7827), (1,4452), (1,12870), (1,13750), (1,5687), (1,4538), (5,5265)
bebia	(1,10777), (1,7930), (1,4812), (1,8591)
alhondiga	(4,6386)
entrotubieron	(0,7245)
sucesivamente	(0,12912), (2,4966), (2,2752)
torcia	(1,10402)
cronologico	(5,5289), (0,11796)
enteraros	(1,12113), (1,1079)
infinito	(1,6656), (5,6311), (5,6604), (4,8396), (1,4106), (1,10347), (1,6706), (1,8082), (1,14291), (1,16693), (5,3292), (5,7296), (1,14718), (1,17951)
mostrad	(4,749)
alcahueta	(1,8181)
insertadas	(5,4739)
encarecido	(1,15767)
polida	(4,150)
irrefrenable	(5,6617)
cintillo	(1,15203), (1,15923), (1,16037), (1,15159), (1,15048), (1,15049), (1,15787), (1,14556), (1,15148), (1,941), (1,15038)
terminadas	(2,1704)
gavilanes	(2,270)
exordios	(5,6477)
iman	(3,357), (3,1120)
desman	(1,1315), (2,7576), (1,14024), (1,13321), (1,11228), (1,14158)
engaste	(1,12379)
interrumpido	(1,8769), (5,6729), (1,14103)
ofrecieron	(3,1379), (1,3202), (5,2535), (1,4359), (1,2168), (3,1931), (1,4237)
heroismo	(2,1804), (2,3580), (5,2882)
abandonando	(5,4301), (2,2283)
encarecida	(5,2105)
reforzados	(3,1268)
pedanteria	(2,742)
majaderito	(2,3638), (2,3654)
bebio	(4,4988), (1,14681), (1,15578), (1,9867)
interrumpida	(5,4725), (1,14499), (5,5065), (2,588)
posistes	(4,1951)
sinuosidades	(3,313)
sepultura	(1,16032), (1,10721), (1,11816), (1,745), (1,7786), (1,16267), (4,1999), (1,9036), (1,1133), (1,8749), (1,2478), (1,17616), (1,10165), (2,951), (1,1019), (1,16699), (1,9534), (4,6210)
memoriaguarde	(0,9323)
industriosos	(1,9850)
tragica	(5,2005), (5,7461), (0,13280), (2,6020), (2,6021), (1,15310)
quebraron	(0,9975), (4,5357)
embiaran	(0,1888), (0,1819)
abuela	(1,385), (1,1089), (1,1383), (1,296), (1,1130), (1,1003), (1,2479), (1,1361), (1,1524), (1,2484), (1,9110), (1,279), (1,8985), (1,2140), (1,285), (1,2365), (1,1886), (1,991), (1,9055)
nescesarios	(0,4278)
escucharonle	(1,8637)
tragico	(5,7238), (3,120), (5,1163), (5,2908)
hazana	(1,6562), (1,9650), (2,1098), (2,6442), (2,203), (1,14987)
abuelo	(2,6881), (2,4642), (1,8966), (1,9366), (2,4809), (1,9000), (1,9016), (1,8969), (1,9245), (2,5456)
haciendas	(3,370), (3,2978), (3,1492), (0,805), (3,1272), (3,1146), (5,3084), (0,2568), (4,5980), (0,955), (1,6108), (0,7564)
curando	(2,4001), (1,13845), (1,5880)
pupilas	(5,4160)
escofia	(4,2872), (4,2410)
legislador	(5,6246), (5,3965)
celebran	(2,2698)
breckenridge	(5,3397), (5,2440), (5,3132), (5,3329), (5,3345), (5,3363)
vemos	(1,13664), (1,11586), (2,6996), (2,6870), (2,6407), (1,1640), (4,3516), (2,1579), (2,1228), (1,17838)
pasiones	(2,1569), (4,8371), (5,1593), (2,3814), (5,2090), (5,3530), (3,105), (2,2056), (2,2235), (5,5855), (1,1006)
celebrar	(1,18693), (1,2870), (1,15255), (1,14248), (0,8731)
enterado	(3,1957), (3,1848)
omnes	(4,5848)
hunde	(2,6009)
insuficiencia	(5,7311)
morrioncete	(2,6079)
inusitada	(1,6796), (5,7313)
preocuparse	(2,1764)
repulgar	(4,1704)
respuesta	(0,3266), (4,5831), (0,2501), (0,3143), (4,589), (5,5428), (1,15792), (1,6963), (0,9429), (0,3032), (3,1532), (4,8797), (0,2784), (0,2786), (0,7781), (1,1991), (3,1678), (0,3179), (1,2516), (0,2548), (1,2391), (1,7641), (1,8805), (3,424), (5,877), (0,10763), (1,13934), (4,6034), (0,5774), (1,7280), (1,18544), (0,2961), (0,2196), (0,5655), (3,1851), (0,2971), (3,2495), (0,2716), (1,16510), (3,2374), (0,2980), (1,10502), (0,6566), (2,233), (4,6067), (1,14992), (0,11952), (3,601), (5,2203), (0,2103), (4,7739), (3,605), (5,2209), (1,4126)
tornaronles	(0,10680)
agotados	(5,1863)
enterada	(1,12114), (1,7165), (1,18702)
masticando	(2,6628)
payllalao	(3,2059)
velaba	(2,2932)
deshacia	(2,3423), (1,9454)
impresor	(4,216)
benito	(4,6175), (2,14), (3,2143)
apariencia	(5,3014), (5,2666), (5,7627), (5,3116), (1,1994), (0,3305), (5,144), (5,469), (5,3513), (2,7321), (1,18009), (3,989), (1,5085), (5,6594)
refrenar	(2,931), (1,18692)
septiembrevalladoliddespacho	(0,3063)
graviel	(0,9059), (0,9083), (0,12445)
transcrito	(5,6137)
bebed	(1,9792), (4,1645), (1,9791)
halduda	(1,5111)
parciales	(0,501), (5,3037), (3,1085), (3,335)
impresos	(4,213), (5,4344), (5,4713), (5,4769)
apartarse	(1,11920), (1,6625), (2,4180), (2,5652), (0,452), (0,13111), (5,2111), (1,16269), (1,1823)
ruidosas	(5,7306)
urgente	(5,2204), (5,5472), (3,2433)
desquitaron	(0,6423)
matrimonio	(1,9185), (1,1026), (1,15620), (5,7434), (1,9191), (1,9192), (1,9321), (2,4011), (1,14922), (2,972), (1,9452), (4,7095), (1,9559), (2,987), (1,6235)
adevinando	(4,8031)
clarines	(1,6647), (1,6461)
resolverian	(5,3001)
incertidumbre	(0,875), (5,306)
inmortales	(3,1347), (5,5621), (5,6069), (5,6568), (4,2942), (5,5360)
tachaba	(5,4185), (1,8507)
velado	(1,10129), (1,10326), (1,10156)
truchas	(1,1730), (4,3856)
llevasemos	(0,10337)
beber	(0,10111), (1,10912), (4,6920), (4,6921), (4,8201), (4,6730), (4,6923), (4,6732), (4,8141), (4,1486), (2,1484), (1,4976), (4,6932), (4,8347), (0,10586), (0,6753), (1,8388), (0,10340), (4,7734), (0,7989), (0,6774), (0,7990), (0,10104), (4,4798), (4,1728), (4,4800), (4,5760), (1,11934)
conflagracion	(5,2764)
bebes	(4,7796)
imperturbable	(2,1486)
beben	(1,11317), (0,8917), (4,1484)
imprimiendo	(5,7580)
gravida	(4,8013)
rutas	(5,619)
simbolizado	(5,351)
esphera	(0,8621)
corrigiendose	(5,5266)
sirvese	(4,4567)
industrias	(0,613), (0,551)
neoyorquina	(5,3195)
perjudicar	(0,2618), (3,2864)
jitanilla	(1,256), (1,546), (1,227), (1,1283), (1,549), (1,869), (1,2696), (1,746), (1,2282), (1,716), (1,1260), (1,2860), (1,2862), (1,306), (1,2003), (1,308), (1,2039), (1,2871), (1,1848), (1,2619), (1,2526), (1,1247)
maldicion	(1,18441), (4,8530)
middleaged	(5,9142), (0,13987), (3,3290), (1,19243), (4,9167), (2,8319)
atraviesan	(3,290)
favoreciesen	(5,1041), (0,2477)
rexistro	(0,4353), (0,4788)
cordiales	(5,4373)
cordial	(4,4221)
perversos	(2,6289)
excitado	(2,5250), (5,566), (2,6275), (5,1555)
omnia	(4,8215)
indispuesto	(1,3704), (0,9480)
pongo	(2,7489), (2,4020), (0,5763), (1,4086), (1,4502), (2,5080), (3,1483), (1,13515), (2,861), (2,1517), (4,3295), (0,2683)
zumbido	(2,1569)
nietzsche	(5,3591), (5,8527)
inadvertidas	(5,1148)
convertia	(1,17491), (5,4666)
anadon	(4,5130)
excitada	(2,4002)
omnis	(1,8256), (5,1167)
regresaban	(2,6113)
agradabilisimos	(5,7720)
casualidad	(2,7537), (2,1475), (2,3251), (5,7513), (2,985), (2,4492)
ponga	(1,5444), (1,5445), (0,5924), (4,8168), (2,7878), (0,1221), (2,2727), (1,103), (4,7692), (2,4492), (2,5902), (4,5554), (4,4312), (2,1303), (2,1085), (4,6303), (0,9179), (4,1857), (2,6592), (1,18495)
valonas	(1,4611)
convertir	(2,1900), (5,7695)
lavezares	(0,12332), (0,1646)
razon	(2,2049), (0,1610), (0,1612), (0,1613), (0,2637), (0,4177), (0,1621), (3,505), (4,4571), (2,2587), (0,9306), (4,2528), (1,13885), (0,1639), (3,523), (0,1641), (0,1644), (0,5740), (4,3573), (0,1652), (0,1654), (0,2679), (2,6714), (0,2683), (0,12923), (0,1660), (0,1661), (0,1665), (0,8321), (1,9315), (1,10344), (1,13930), (0,4746), (0,2700), (1,2671), (2,1105), (1,1658), (1,17021), (3,2626), (0,1700), (4,7724), (2,6772), (1,1685), (1,5270), (0,4794), (3,2143), (1,12961), (1,16033), (1,16545), (1,1188), (1,1702), (1,12968), (1,170), (0,4297), (2,7309), (2,6290), (1,2226), (4,4696), (1,17082), (4,8287), (5,7235), (5,4164), (1,11456), (1,14016), (4,2661), (0,4321), (1,6850), (1,12997), (4,6770), (0,5362), (5,4184), (1,5848), (0,761), (1,18138), (0,1787), (1,12509), (1,13536), (0,4352), (4,6789), (1,6882), (0,2835), (3,2231), (4,2719), (4,6309), (3,197), (0,2853), (1,15623), (0,2856), (5,1167), (0,4395), (1,16140), (3,208), (0,6446), (4,4276), (4,4278), (0,4402), (0,310), (5,4763), (2,1274), (0,3386), (0,2879), (1,14626), (0,2884), (5,682), (1,18217), (1,18731), (4,5327), (0,4431), (5,1717), (1,6982), (1,13639), (1,18250), (2,813), (0,367), (1,4945), (1,4947), (1,17237), (1,2902), (2,3386), (0,2936), (4,7935), (1,4968), (2,4938), (5,1263), (4,7443), (1,14193), (0,1940), (1,16246), (3,2874), (5,7420), (0,2458), (5,1286), (2,3428), (4,3367), (1,6533), (4,4905), (0,9126), (3,2890), (4,3373), (5,3343), (1,3468), (0,8107), (0,8622), (1,17807), (5,3865), (5,4889), (4,316), (0,4537), (2,2941), (3,2399), (4,322), (0,2496), (1,14241), (0,7618), (0,2500), (4,331), (0,2505), (1,12207), (0,8655), (1,2481), (3,2420), (1,14259), (1,16820), (5,6457), (0,1495), (3,1914), (0,4568), (3,1917), (0,2011), (1,17852), (0,7645), (3,2434), (3,2946), (0,5087), (1,3011), (0,4579), (0,2021), (1,3527), (1,4551), (0,1512), (2,4012), (1,12239), (1,3538), (2,7093), (0,1525), (5,1370), (0,2552), (0,1017), (1,3551), (2,961), (1,3042), (4,2951), (4,4488), (1,2025), (2,2507), (0,5131), (3,2481), (1,6639), (1,16879), (5,3961), (1,3062), (1,3575), (4,5018), (3,2494), (0,3611), (0,7707), (1,10237), (0,5663), (2,997), (0,1571), (3,2509), (1,11281), (4,6581), (4,1974), (4,4022), (0,1587), (0,2100), (3,2009), (0,2615), (0,2616), (5,3485), (3,2526), (4,6591), (0,2622)
6773	(5,8713)
dicho65	(5,4967)
buques	(0,11969), (0,772), (0,3476), (0,13350), (0,503), (0,761), (3,141)
abstenian	(5,4163)
sotaalcaide	(2,4789), (2,4796), (2,4783)
xxxiii	(4,4539)
venturosa	(1,16835), (1,8747), (1,13563), (1,6204), (1,6318), (4,2386)
tanda	(1,4690)
simbolizaba	(5,4669)
inalterables	(2,622), (2,6174)
ofrecieren	(0,1840)
dotor	(1,756), (1,775), (4,3660)
venturoso	(1,4512), (1,11152), (1,17120), (1,4514), (4,1224), (1,8071), (1,8073), (1,8077), (1,15853)
axiomas	(5,2577)
infamaron	(0,7721)
poner	(5,2724), (1,4896), (4,2500), (3,2021), (1,8739), (1,12069), (4,1993), (1,9767), (4,6612), (2,2323), (4,8405), (1,14131), (5,2489), (0,1879), (1,9784), (1,16696), (4,3548), (1,6460), (3,2061), (4,5614), (4,8686), (0,8561), (1,16978), (3,2582), (1,9300), (2,1846), (3,2841), (1,2393), (0,11896), (2,4667), (1,6491), (1,17245), (2,6975), (5,3562), (4,5898), (2,5706), (5,7664), (1,9836), (5,498), (1,18801), (2,7259), (0,7834), (1,4225), (1,11914), (1,1933), (2,373), (0,5053), (1,17054), (1,8863), (4,5699), (1,7329), (1,4260), (3,1384), (2,2696), (1,6315), (1,18859), (1,11438), (0,719), (1,177), (0,4049), (2,6291), (2,1428), (2,3220), (4,4951), (1,4532), (5,6202), (5,3903), (0,10714), (2,7069), (0,8411), (4,8288), (5,3138), (1,14526), (1,6079), (1,15299), (2,7591), (2,4530), (1,5329), (1,15569), (4,3447), (1,5844), (4,3193), (0,7416), (1,15833), (4,5247), (2,6590), (2,5059), (2,7364), (3,678), (2,3270), (2,5062), (4,5513), (5,2667), (1,4328), (5,2413), (4,7308), (1,18154), (1,12780), (0,7437), (2,3280), (1,6385), (1,16625), (2,4564), (1,6903), (1,7927), (1,4088), (4,6301), (5,6782), (4,5022), (4,8094), (0,10270), (1,13572), (4,6312), (0,1061), (4,3498), (0,4134), (1,13063), (1,14599), (4,8365), (1,12298), (1,5388), (1,14860), (1,12046), (1,3343), (2,6385), (1,7186), (1,7705), (2,1019), (1,4381), (5,5281), (1,16415)
pones	(2,3586), (2,3634)
escudrinas	(1,16852)
mariscal	(2,807)
bebas	(4,6911)
escudrinar	(1,2184), (5,131)
ponen	(3,739), (3,2021), (2,2693), (0,8708), (1,1448), (3,1388), (3,1389), (3,1390), (2,3021), (3,1391), (4,2909), (1,8571), (5,7045), (3,1543), (0,6245), (1,11974), (1,16262), (2,2797), (0,6706), (1,10643), (3,918), (0,5880), (0,6714), (0,11579), (1,94), (4,2497)
rexistre	(0,5128)
servilon	(2,6081), (2,359), (2,152)
entretuvieron	(1,11015)
pupilos	(5,4180)
caersele	(1,7106)
ensalza	(1,11727)
inspiraban	(2,7149), (5,5138)
poned	(2,5153), (1,14525)
malvados	(2,1041), (2,6268), (2,6285)
faldas	(1,5522), (1,17770), (1,10412), (1,10207), (1,14687)
beban	(0,4933), (1,10779)
interrogar	(4,7216)
rodeleros	(0,10595), (0,10584), (0,10553)
jaraicejo	(1,18448)
preciosica	(1,567), (1,2728), (1,875), (1,557)
lendroso	(1,5505)
mandaislos	(4,7604)
reduciesen	(0,8554)
acaece	(4,5801), (3,1387), (1,18173)
republicos	(1,16793)
perfeccion	(2,2433), (2,5028), (1,6355), (2,6524), (1,6347), (1,6141), (5,4066)
daraja	(1,18014)
esguizara	(1,6679)
lobulosa	(2,6754)
venenum	(5,6823)
identicas	(5,5838), (5,6959), (5,4385), (5,4657)
veleidades	(5,99)
mandarfray	(0,4066)
sargento	(3,867), (0,9568), (0,9569), (3,2853), (1,17347), (0,9571), (0,4488), (3,1709), (0,5455), (3,2579), (0,6006), (3,1728), (3,2145)
cerraduras	(1,10633)
reservas	(5,2368), (5,7155)
reservar	(0,3256)
populo	(4,6599), (2,6582)
ejerce	(5,6603)
idearon	(5,2998)
reservan	(0,5117)
vestidura	(5,4919), (5,3134), (4,2416)
trasiegan	(1,17869)
afectando	(2,7137), (5,2091), (2,7210)
tanticas	(4,3545)
curaba	(4,7594), (4,2399)
esmerada	(0,181)
aridas	(2,4135), (5,4010), (5,6719)
codiciallas	(1,11347)
vengas	(1,15570), (2,2551), (1,3830), (1,1162), (1,3642), (2,4574)
expediente	(5,3285), (5,4823), (3,2919), (2,7049), (3,2991), (3,2512)
apaleaba	(1,16649)
vengar	(0,10135)
malogrado	(4,5635), (5,6933), (1,18769), (0,6642), (4,4618), (5,7131), (5,4336), (4,4960), (4,4546)
afirman	(5,1705), (0,4644), (0,3052)
vengan	(0,1887), (4,6020), (0,4576), (0,3745), (0,9507), (4,4776), (0,5348), (4,6381), (0,3786), (4,720), (2,6478), (1,3374), (4,7313), (1,17872), (1,15569), (4,4791), (0,1717), (1,4985), (0,5400), (0,9115), (2,2814), (0,7805)
esencialisimos	(0,116)
bebedor	(1,10265), (4,1778)
afirmar	(5,1572), (5,3334), (1,12052), (4,5832), (1,15749), (5,5002), (5,604), (5,7327), (5,3170), (5,7042)
apostolado	(5,3991), (5,952)
volvais	(4,8204), (1,1741)
possibility	(2,8273), (5,9096), (0,13941), (3,3244), (1,19197), (4,9122)
servidora	(4,3865)
afixaron	(0,9695), (0,9676)
anadia	(5,6214), (1,13676)
estirados	(1,1828)
creciente	(5,181), (5,4441), (5,3278)
industrial	(5,140)
veramente	(4,550), (4,7926), (4,1769)
untamos	(1,17633), (1,17515)
anadio	(3,1508), (2,774), (2,519), (2,4424), (2,4619), (2,1037), (2,911), (1,8113), (2,6227), (2,7827), (1,5875), (1,12343), (2,1817), (1,7800), (1,5435), (2,6942), (1,7102), (5,899), (3,514), (1,11456), (2,3619), (3,1543), (2,7335), (2,7915), (4,8429), (5,7695), (2,4270), (2,4462), (4,8883), (2,1139), (1,11218), (1,8340), (2,7350), (2,2169), (2,6969), (2,4347), (2,6907), (1,8090), (3,1821), (2,1021), (2,3006), (2,3775), (2,8000)
anadir	(3,1826), (1,7584), (2,1410), (1,17265), (0,5185), (5,6921), (1,1094), (1,16202), (1,17386), (5,4288), (3,2511), (0,5580)
curado	(1,9010), (5,952), (4,3498), (1,1899), (1,13867), (1,13869)
ponia	(1,18784), (2,1666), (2,2051), (1,16486), (0,7878), (5,6768), (2,143), (1,17391), (4,6867), (5,4405), (1,14705), (1,12979), (2,5781), (0,6166), (1,8249), (0,7578), (0,8090), (2,3869), (1,9660), (2,6174), (1,10301), (1,1662), (1,17982), (5,4419), (1,1412), (1,8390), (3,2506), (2,5548), (1,10131), (4,440), (4,6077), (4,8256)
enterarse	(2,7045), (1,11099), (1,9486)
corrigiendolo	(4,219), (4,206)
repuesto	(5,2848)
malograda	(5,2673)
pellizcasen	(1,587)
acaecimientos	(3,2210), (5,5636), (1,4484), (1,10630), (5,91), (5,1186)
rezaba	(2,6081), (1,7543)
rusos	(2,6121), (2,6124)
suspendiolos	(1,2316)
mirarte	(1,4068), (1,669)
realizable	(5,2390), (5,2364)
persuadia	(1,8938)
jueces	(1,17920), (5,2981), (5,1768), (5,777), (5,6505), (5,1674), (5,3627), (5,1644), (2,6858), (2,6860), (2,6509), (5,5717), (1,17206), (5,1565), (5,2846), (2,3164), (5,3842), (1,1599), (5,1507)
sobreviviente	(5,7240)
auxiliado	(2,2274), (5,477)
fragosos	(3,1049)
impiden	(1,1619), (3,2026)
alborotados	(2,6737), (0,9440), (3,1684), (2,6692), (2,6844), (0,9402), (1,6173)
arduidad	(3,1849)
circunloquios	(1,16914), (4,3367)
nalgas	(4,8040), (4,5419), (4,6829)
ayudada	(1,7602)
ensanche	(1,5657)
licitos	(1,6141)
paco	(2,842)
each	(0,13887), (3,3189), (1,19142), (2,8218), (4,9068), (5,9041)
mirarse	(3,2824), (1,1851)
hariades	(1,11986)
usuraria	(1,8494)
cesase	(4,2442), (5,4627)
tacita	(5,3764)
imos	(4,5539), (4,893), (4,4288)
tacito	(5,8709), (5,4696), (5,6954), (5,162)
contestacion	(2,1346), (3,2502), (2,6198), (0,13270), (0,11962)
sumio	(5,6889)
toqueis	(0,1313)
churumbelas	(1,16481), (1,16520)
destruido	(5,323)
versar	(5,7840), (5,2226)
macarela	(1,7683)
efluvios	(5,2235)
acaescido	(0,8128), (0,8340), (0,5929), (0,5931)
agujerear	(5,7506)
periodistas	(2,6330), (2,7038)
hibrido	(5,5024)
adelantando	(2,7604)
cuidadito	(2,410)
encontrandome	(1,17448)
examinado	(5,6201)
repentinamente	(5,7444)
contamos	(1,17585), (0,10218)
parabolicas	(2,2598)
alegraria	(2,5112)
obedecereis	(0,2194), (0,2119)
comienzo	(1,9826), (0,130), (5,3864), (5,441), (5,571)
preparandose	(5,2834)
atambor	(1,17363), (1,17796), (1,17924), (1,17324), (1,17340), (1,17341), (1,17327)
leese	(0,13200)
caracterizaba	(5,5263)
callare	(2,388), (4,6519), (2,2125), (4,5343)
lacerados	(4,5368)
convirtiendoles	(2,2767)
mantas	(0,7602), (0,8099), (0,7608), (0,8041), (0,8059), (0,10411), (0,9806)
goletas	(0,13355)
jerez	(1,7298), (1,17220), (1,17211)
sencilla	(2,6995), (5,7368), (3,535), (2,854), (5,7721), (5,4123), (2,6587), (5,962)
expendido	(4,2187)
tumultuosas	(5,1241)
mentiamos	(0,10496), (0,10539)
serviala	(1,15818)
examinaba	(2,759)
reunidas	(5,7320), (5,3455), (5,6975), (5,4497), (5,6738)
gustos	(1,817), (1,2868), (1,8695), (2,3225), (1,17706), (1,16459), (1,17707), (1,17708), (3,112), (2,3231)
suspensos	(1,10592), (1,14192), (1,14225), (1,15362), (1,6790), (1,11786), (1,4267), (1,716), (1,18365)
atributo	(2,428)
fortificaciones	(3,2913)
alejarte	(2,3414), (2,4463)
violin	(2,1433)
marshall	(5,1656), (5,8459)
presentase	(2,3177), (1,3612)
conoceriamos	(4,5814)
germ	(4,3813), (4,3846), (4,3862), (4,3831), (4,3818), (4,3851), (4,3837), (4,3806), (4,3823), (4,3855)
sirvieron	(5,5013), (2,7644)
perfecto	(2,3761), (5,6324), (5,3638), (2,2212), (2,2612), (2,4948), (5,4282), (5,7372), (2,6925), (5,370), (5,6322)
retraidas	(4,8396), (4,8493)
disuasiones	(1,14943)
famosos	(1,4597), (2,6118), (5,7626), (1,17211)
entregastes	(1,7094)
phrase	(3,3139), (1,19075), (1,19076), (1,19014), (2,8168), (4,9005), (5,8974), (5,8975), (4,8944), (5,8913), (0,13837), (3,3122), (3,3123), (3,3061), (1,19092), (2,8151), (2,8152), (4,9019), (2,8090), (5,8991), (0,13820), (0,13821), (0,13758)
guiaron	(1,2086)
sencillo	(2,1170), (2,6467), (2,1172), (3,518), (2,7527), (1,17944), (2,1179), (2,7164), (2,4767), (5,2051), (5,5123)
agraviados	(5,164), (5,853), (5,2737)
moriras	(2,3455)
visitacion	(4,6456)
presentare	(2,566), (0,2782)
callate	(2,3474), (2,2733)
nieta	(1,384), (1,994), (1,2738), (1,280), (1,265), (1,617), (1,793), (1,2859), (1,287), (1,1359)
moriran	(2,5100), (1,9851)
desalinadamente	(5,6186)
futraques	(2,6360)
cristalina	(2,1878)
inutil	(5,453), (2,5378), (0,4481), (2,6276), (1,17379), (5,7017), (1,17669), (2,2284), (5,2479), (5,7185), (2,7439), (5,565), (5,2105), (5,6329), (1,3094), (2,2619), (5,6403)
reto	(5,5084), (5,3117)
trapana	(1,3665), (1,3026), (1,3700), (1,3013), (1,3174), (1,3351), (1,4360), (1,3179), (1,3868)
mueran	(2,436), (4,3544)
divinas	(1,8385)
callase	(3,1234), (1,3976), (1,15994)
mueras	(2,1204), (2,326), (2,425), (1,830)
celosas	(1,1451)
silenciosamente	(5,7509), (5,3372)
malquerientes	(5,1448)
borrara	(5,6246), (5,1167)
dependencia	(2,4371)
lanternas	(0,3767)
verlos	(0,6943), (1,8128), (1,16704), (1,6785), (1,5395), (1,15571), (1,6868), (1,14165), (1,9805), (1,13357)
santiguense	(1,11695)
completos	(5,6190)
francesas	(4,3021), (4,6050)
faltandonos	(1,16996)
pertenecen	(0,2899), (5,1211), (0,2621)
carnicerias	(2,4721)
anteriormente	(0,13631)
consultar	(5,1318), (0,13161), (0,13626), (0,812)
pertenecer	(0,1413), (0,1514)
aplazo	(1,17444), (5,307)
antioco	(2,5507)
resi	(1,18920)
perteneces	(2,310)
muleto	(4,5494)
adelantas	(1,11188), (1,680)
adelantar	(3,2595), (2,4456), (3,2478), (0,700), (3,2575)
reducillos	(0,8312)
hormigos	(4,915), (4,854), (4,428)
adelantan	(1,706), (1,18260), (2,2056)
terceras	(5,5909), (1,6450), (5,3051), (1,7306)
asentarse	(0,2902), (0,1661)
ediciones	(5,6736), (5,7793)
encerrandosela	(1,18077)
xxiv	(2,7059), (0,12210), (0,12339), (0,12745), (0,12762), (0,12651), (4,3330), (0,13022)
xxix	(4,4119), (0,12339), (0,12643), (0,12776), (0,12873), (0,13354), (0,12651), (0,12733)
xxii	(0,12210), (0,12978), (2,6245), (0,13061), (4,3100), (0,12762), (0,13022)
xxij	(0,13053)
excusar	(4,7097), (0,4486)
apetecida	(2,6342)
gollete	(1,11679)
excusan	(4,2990)
pobrisima	(1,1195)
excusas	(0,623)
preston	(5,967), (5,891), (5,942)
expendian	(4,5966)
cerillas	(4,5252), (4,682)
consulto	(2,4365)
generosidad	(1,7749), (3,2600), (2,7688), (1,18791), (5,4368)
cabrer	(3,268)
prestos	(0,3237), (0,1562), (1,6492)
indecisa	(5,5797)
acomodarle	(1,12916)
moriscos	(1,17969), (1,17935)
pundonoroso	(5,3984)
hobieredes	(0,4676)
verlas	(1,9552), (1,3432), (1,16698), (1,10606)
conspirador	(2,6530), (2,1286), (2,6791)
decepcion	(5,5578)
ciego	(2,7618), (4,8518), (1,2309), (0,7108), (4,2676), (2,4084), (1,5107), (2,4182), (4,5240), (1,4152), (0,825), (2,7835), (4,3551), (1,8734)
reforzarle	(1,2066)
toviere	(0,2315)
ahorraba	(0,6598)
enferman	(0,3615)
fragmentos	(5,6181), (5,6681), (5,6189), (5,6303)
reforzarla	(3,1276), (0,5833)
formalidades	(3,1670), (0,292)
arrimadas	(0,5761)
bolsas	(1,10912), (1,12983), (1,1115), (1,12925), (1,4718)
intonso	(3,2867)
acomodarme	(1,17328), (1,4730)
destruyeran	(2,3970)
rinais	(0,2316)
corramos	(4,4983)
diamante	(3,1061), (4,2217), (2,3591), (3,1065), (2,3593), (4,2190), (2,3725), (2,3568), (4,8343), (1,7380), (2,3672), (1,14424), (2,3676), (1,6941), (1,7102)
pretas28	(0,2263)
retiradas	(5,646)
famosas	(1,14288), (1,5473), (1,7825), (5,7751), (1,17209), (3,1248), (4,6177), (5,2035)
senalais	(0,1634)
causara	(1,10448), (4,6021), (1,2291), (1,15514)
desconveniencia	(1,17355)
promesas	(1,9024), (3,874), (1,1001), (1,1708), (1,14732), (1,9262), (2,4528), (1,15599), (1,1713), (1,4213), (1,6901), (1,1016), (1,4184), (1,13116), (5,2529), (1,18878)
resarciese	(5,4626)
conosciendo	(4,2042), (0,7566)
azuaga	(4,3766)
pausas	(1,8127)
destos	(1,96), (0,1283), (1,9636), (1,15012), (1,4709), (1,6565), (1,17962), (1,9202), (1,8115), (0,5076), (0,4949), (1,8502), (1,14070), (1,6200), (1,12600), (1,8188), (1,7552), (1,7874), (0,9506), (1,15300), (1,12042), (1,9165), (1,17869), (1,8270), (0,7662), (0,11438), (0,1205), (0,8246), (0,9270), (1,18714), (1,18204), (1,16541), (0,1342)
barbudos	(0,849), (0,6198), (4,3630), (0,12574)
repartirse	(0,1626)
sempiternas	(1,7819)
vencerla	(1,10511)
rendimiento	(1,1104), (1,5679)
jumilla	(4,1123), (4,1012)
regocijan	(1,768)
altiveces	(1,4734)
quinola	(1,12240), (1,12241)
acabaredes	(1,14464)
regocijar	(1,1849)
alfenique	(1,808), (1,3052)
ciega	(1,1430), (4,8332), (1,6426), (4,4878), (4,4017), (2,3824)
disparaban	(5,4027)
brebe	(0,5316), (0,7636), (0,8404), (0,6600), (0,921), (0,4681), (0,3677)
xviiinformacion	(4,8691)
quitarmelo	(4,4349)
vestirlos	(1,16389)
extraido	(0,12053), (0,9096)
oroscoel	(0,5504)
sierpe	(4,5043), (4,6186), (4,3308), (4,5807)
negaran	(2,3125), (0,455)
ocultarsele	(0,667)
mitirillo	(4,5662)
cazuelas	(4,435), (0,7603), (4,434)
quitarmela	(1,16402)
repartirla	(5,3690)
simplificada	(5,5637)
quejaras	(2,3932)
brean	(0,9934)
cisternas	(4,7052)
confianca	(0,3076)
arzobispo9	(2,6659)
rezo	(2,7760), (1,17599)
sujecion	(1,1509), (4,5068)
bautista	(2,2001), (4,216)
bolsillo	(2,2545), (5,1434), (2,7879), (1,12458), (2,7437), (1,12460), (2,271), (1,12463)
gengibre	(0,6688)
comodidad	(1,4128), (1,7721), (1,4074), (3,2606), (1,7854), (1,11952), (1,18610), (0,8085), (1,3897), (1,11513), (1,13641), (1,15753), (3,204), (1,10826), (1,14154), (1,3532), (1,12428), (1,13708), (1,13581), (1,14285), (1,4238), (1,1872), (1,4819), (1,3543), (1,13212)
avatido	(0,11239)
zopin	(4,5500), (4,5505)
sentasen	(1,7457), (1,5382), (1,15590), (1,9167)
toparon	(0,7927), (1,14424), (0,7325)
bolsilla	(1,1098), (1,5308), (1,4878)
confirmando	(1,13434), (5,1520), (3,1934)
lusata	(5,6880)
disminuymos	(0,11063)
interceptados	(5,1476)
semejaban	(1,17731), (2,3598)
confiando	(0,1505), (0,4966), (5,1232), (0,3358)
verles	(3,2590)
amanecer	(0,10499), (2,7111), (1,17255), (0,6650), (5,2785), (1,4415)
oprime	(2,1271)
senaladas	(0,1353), (1,9740), (4,5986), (0,6046)
yndias	(0,3508), (0,709), (0,712)
decantada	(3,696)
acompanaban	(5,4232), (1,933), (0,9336), (0,410), (1,18028), (0,12077)
desaparecieron	(1,5801)
sierra	(4,8234), (3,619), (3,1006), (3,976), (0,10445), (0,10446), (3,1011), (3,1012), (4,8245), (3,1013), (3,1015), (0,10454), (4,6204), (0,10361), (3,288)
capotes	(4,5599)
trainel	(1,5529), (1,5374)
descabellada	(5,2760), (1,5498), (2,1132)
despertaba	(1,10551), (5,5885), (1,9964), (1,10172), (5,3761), (5,1459)
tomarlas	(1,15038)
repetido	(5,1927)
pronunciarlas	(1,16167)
descabellado	(2,1143)
redaccion	(5,6171), (5,6044), (5,6530)
someto	(0,2031)
intermedios	(3,2644)
repetida	(5,6311)
trascendido	(2,4940)
racionalidad	(5,5009)
ymbien	(0,3530)
tenello	(0,2128)
terceria	(0,8939)
filologo	(5,6245), (5,7913), (5,5021)
regocijen	(2,357)
incontenible	(5,2964)
estancias	(3,374), (1,2204), (0,8491), (0,3837), (3,1153)
cotejaronse	(1,12695)
pajares	(1,8593), (2,22), (1,21), (4,25), (4,8909)
xxxviicomo	(4,8759)
officiales	(0,9306)
satisface	(2,4533), (1,2312), (2,3818), (4,8060), (2,4027), (2,3308)
bougainville	(3,2344)
fortificados	(3,2159)
cabalmente	(5,1718), (5,2893), (5,3279), (5,7279)
dolorosamente	(1,10594)
yndios	(0,9108)
equidad	(1,1760), (5,2330), (5,3770), (5,5534), (5,177), (5,5857)
wwwgutenbergorg	(3,3302), (2,8198), (0,13828), (2,7), (3,3368), (0,8), (2,8331), (2,8397), (1,19122), (4,9047), (1,19255), (3,3130), (5,9021), (1,19321), (2,8159), (5,9154), (5,9220), (5,7), (3,7), (1,7), (1,19083), (0,13867), (0,14000), (5,8982), (0,14077), (3,3169)
amanecia	(1,17977)
esperarian	(0,7415)
bonetes	(1,18372), (1,16805), (0,6745), (0,7178), (0,7291)
elevaciones	(2,959)
embaularme	(2,1251)
voltease	(0,932)
acomodarse	(1,1505)
septiembrevalladolidcarta48	(0,3138)
usurpar	(0,2619)
compelidos	(0,3802)
tiranos	(2,786), (2,147), (2,436), (4,4102), (3,2118), (3,2697), (5,7036), (2,4394), (2,5451), (4,6210)
expesa	(4,5667)
muerta	(1,5537), (4,390), (2,5958), (1,15653), (4,658), (4,3411), (1,3888), (4,2453), (1,3508), (1,12728), (1,17722), (1,9275), (1,6524), (5,6400), (1,16578), (1,16582), (4,1836), (0,13096), (1,1677), (3,1491), (1,3733), (1,2390), (1,2519), (1,4183), (1,17753), (1,17755), (4,959)
director	(5,4646), (5,3787), (5,4076), (0,14025), (5,4047), (4,9204), (5,3702), (5,4055), (5,4442), (5,4219), (2,2042), (5,4061), (5,5599)
muerte	(1,1568), (1,3363), (1,4899), (0,13126), (5,2734), (4,6862), (1,18475), (2,4622), (0,5452), (1,7469), (1,3374), (1,10801), (1,13873), (1,9273), (4,8414), (1,7483), (1,4157), (0,5471), (1,10817), (1,1603), (2,3108), (1,4163), (1,17477), (1,1607), (1,6984), (2,3117), (1,6220), (5,6608), (5,6610), (3,786), (5,6101), (4,3064), (3,1560), (1,12119), (1,18264), (4,5628), (0,5496), (1,7516), (0,5501), (1,12127), (1,1124), (5,7656), (1,13924), (2,4679), (0,7560), (1,8816), (1,10358), (4,1309), (2,862), (1,3712), (1,3968), (1,4227), (5,4616), (2,6254), (5,2835), (1,17551), (1,14992), (1,5266), (5,4375), (5,7191), (1,13971), (1,3732), (1,2711), (5,5148), (5,6684), (1,13721), (2,6526), (5,7457), (0,6845), (1,671), (1,1695), (1,3232), (1,1443), (1,14244), (5,4138), (1,7334), (1,14502), (1,2471), (5,3117), (2,2699), (1,7338), (5,5680), (1,7340), (5,8753), (1,12721), (5,3894), (2,6035), (5,5945), (4,6233), (1,8631), (1,11447), (0,13015), (1,10681), (1,9916), (1,12732), (5,3137), (5,1858), (1,7358), (0,478), (5,5955), (1,16831), (5,2884), (4,6244), (5,6469), (0,13280), (5,6730), (5,5197), (0,745), (4,5741), (1,3276), (1,8653), (1,17614), (1,9425), (5,4695), (1,4564), (1,18901), (0,9974), (3,1435), (1,17626), (1,4060), (5,4706), (1,3297), (1,9185), (1,4066), (5,4456), (1,4069), (2,199), (3,1962), (1,3310), (5,7538), (5,1907), (0,272), (1,10482), (1,3315), (1,12020), (1,12021), (2,4823), (1,6646), (0,3862), (1,7162), (5,7294), (1,3323), (1,7420), (5,7041), (2,3039), (1,7166), (5,1156), (2,2529), (4,6051), (1,14592), (1,7426), (1,12034), (5,5256), (1,263), (3,970), (2,3049), (0,5415), (4,6572), (5,5774), (1,7691), (1,1548), (5,6546), (1,6927), (2,6643), (5,6039), (2,7924), (1,4885), (1,5654), (2,7162), (5,6045), (5,1438), (2,1023), (5,2978), (4,5569), (1,10270)
directos	(5,3796), (5,6869), (5,5725)
poneoslas	(4,6888)
exorbitante	(1,8302)
encargar	(0,1808), (0,5384), (0,1790)
besaba	(1,16758), (1,3962)
miraflores	(5,6612)
polidora	(4,7094), (4,7158), (4,7114)
muerto	(4,6723), (4,4552), (5,941), (3,494), (1,7086), (1,3764), (1,4148), (1,4276), (4,5720), (1,15802), (0,10587), (1,10301), (0,10588), (1,6462), (1,10177), (1,6466), (1,4035), (1,12741), (0,13284), (2,6183), (1,6471), (4,4459), (1,5576), (2,5164), (2,5165), (4,4464), (1,7885), (1,14415), (0,627), (1,7508), (4,376), (5,5210), (1,7514), (0,7545), (1,9441), (1,3170), (1,12771), (0,518), (4,1547), (1,6515), (1,3959), (1,15352), (5,2685), (1,11138), (2,3556), (4,6567), (0,10915), (1,4229), (1,14598), (0,2726), (1,3336), (2,4076), (1,11403), (1,11409), (1,2450), (1,2835), (5,2839), (1,2842), (0,10554), (0,6460), (1,6686), (1,8990), (1,7327)
maldiciones	(1,17077), (4,8605)
honren	(0,1766)
sugestiones	(3,115), (2,1070), (2,7311), (5,1795)
entremeti	(4,4379)
repetian	(2,2006), (5,4089), (2,1375)
entremeta	(1,11345), (0,2669)
rutinero	(5,7067)
corregido	(0,9089), (0,9138), (4,174)
echandome	(1,17766)
payments	(0,13889), (1,19141), (1,19303), (4,9067), (1,19144), (4,9070), (5,9040), (0,14059), (5,9202), (5,9043), (3,3188), (3,3350), (4,9239), (3,3191), (2,8217), (2,8379), (2,8220), (0,13886)
siervo	(0,5888), (1,7650), (4,527), (4,5649), (0,3326)
persas	(2,6387)
apear	(1,12580), (1,15181)
pudiendola	(1,6609)
consumar	(5,1850)
archiduque	(5,8203), (5,6610)
mortifica	(2,1027), (2,6880)
misser	(4,196)
senalare	(1,18197), (0,2762), (0,5339)
echandolo	(5,3005)
sierva	(4,2516), (1,6317)
refata	(4,6687)
asentarlo	(0,5015)
polidoro	(4,4506)
almeyda	(0,2912), (0,2514), (0,2706), (0,2499), (0,2470), (0,2487), (0,12151), (0,2904), (0,3000), (0,2809), (0,2493), (0,2734)
ajustado	(5,4567), (0,13222), (5,3532), (5,607)
marirodriguez	(4,883)
sonriendo	(2,7172), (2,581), (2,7817), (2,4778), (2,461)
prietas	(0,13079)
resabios	(2,4547)
embrutecidos	(5,2775)
conterraneos	(4,8379)
reiteraronse	(1,14153)
maretas	(1,7738)
suceso	(0,5953), (1,17572), (3,1383), (1,3110), (1,14246), (1,11432), (1,14889), (2,5003), (1,4267), (5,4527), (1,9131), (1,7852), (2,6929), (0,848), (1,15665), (1,9138), (1,13108), (1,3381), (2,6294), (1,8887), (1,11448), (1,14265), (1,4155), (5,4164), (5,1477), (2,419), (5,2886), (5,2759), (2,5541), (1,10698), (1,13386), (1,7246), (1,7887), (0,5871), (1,13264), (1,14544), (1,6869), (1,3158), (1,11478), (1,6490), (0,5883), (1,13282), (1,18530), (1,14052), (5,7657), (0,9349), (1,12518), (1,15079), (1,6636), (1,10733), (5,2931), (5,5235), (1,15600), (5,886), (1,10739), (1,6772), (1,6263), (5,892), (1,17532), (1,8958), (0,5662), (1,17536), (1,13187), (1,12548), (1,13702), (0,12071), (1,4361), (2,6640), (0,5934), (1,7442), (1,17810), (1,6931), (1,12563), (1,8852), (1,12820), (1,6549), (1,14997), (0,12085), (1,14230), (1,4248), (1,2457), (5,5407)
aforistica	(5,4837)
corregida	(5,6122)
restinga	(0,6216)
complir	(0,3009), (0,2635)
lobillo	(1,6019), (1,6025)
adelanten	(3,2648)
escoria	(3,1759)
echandose	(2,2835), (2,3853)
xxvi	(0,12191), (2,7668), (0,12210), (0,12518), (4,3759)
correrias	(5,3161), (2,5707)
conocesme	(1,7408)
retirados	(3,1773)
sabrosa	(1,15670), (4,1854), (4,3167), (3,1167)
inocentes	(2,1750), (1,17637), (5,3850), (2,5209), (1,5643), (2,6284), (5,6577), (2,6288)
provaron	(0,8183)
directly	(1,19233), (4,9157), (2,8309), (5,9132), (0,13977), (3,3280)
iriamos	(0,10581), (0,11190), (2,377), (0,9911), (0,9913), (0,7436), (0,11244)
causalo	(4,6203)
entrasemos	(1,15971), (1,15973)
sabroso	(4,2788), (4,4087), (1,18709), (4,8458), (1,16361), (4,2958), (1,175), (4,3746)
morirse	(5,4552), (2,4215)
purgado	(2,6134)
tonuyan	(3,578)
bonetas	(0,11279)
ajustaba	(5,1073)
pajaros	(1,9921), (0,849), (0,12770), (1,7860), (0,6215), (1,8057), (0,9848), (1,16684)
impusieremos	(0,1132)
pardillo	(4,3601)
juiciosos	(3,189)
senalase	(0,8912)
attached	(1,19057), (2,8133), (4,8987), (5,8956), (0,13802), (3,3104)
condensaba	(5,3182)
peraile	(1,18392)
honras	(4,5591), (4,1704), (4,5981)
honrar	(0,1153), (1,7636), (1,16101), (4,3257), (1,9222), (1,2712), (4,4923), (4,5981)
cohonestaba	(0,662)
honran	(1,8006), (1,17687)
bautismo	(5,1193), (1,12502), (3,764), (0,8845)
heredad	(1,18871), (0,1400), (1,13289), (0,13035)
truxieren	(0,5169), (0,5138), (0,2483), (0,4932), (0,5017)
irresponsable	(5,4631)
insultando	(2,6138), (2,2204)
xxxv	(4,4840)
xxxi	(0,12354), (0,12674), (0,12770), (0,12580), (0,12612), (0,12549), (0,12679), (0,12745), (0,12873), (0,12170), (0,12749), (0,12813), (0,12593), (4,4342), (0,12690), (0,12850), (0,12790), (0,12695), (0,12698), (0,12574)
detuvieronla	(2,1449)
amancebadas	(4,2893), (4,2895)
franquilana	(4,3054)
tirania	(2,147), (2,168), (5,763), (2,872), (2,6792), (2,413), (2,1085), (1,655)
costales	(1,4837), (1,4823), (1,4829)
arbolados	(5,4201)
illo	(1,8103)
pasmar	(1,9728)
candente	(2,4053), (5,2286)
plegadas	(1,18343)
franquilano	(4,2478)
diplomaticas	(5,5689), (5,5868)
vocean	(2,5073)
audiencia	(0,11712), (0,4674), (0,5571), (0,1224), (2,6802), (0,9168), (0,595), (0,1108), (0,4824), (0,5465), (0,865), (0,5347), (0,5603), (0,4324), (0,12004), (2,5418), (0,5482), (0,13418), (0,12012), (0,5357), (0,9198), (0,627), (1,5080), (0,5367), (1,10970), (0,634), (0,3068), (0,5119), (1,10976), (0,642), (0,4226), (0,5634), (0,6018), (3,423), (0,5509), (0,5383), (0,5642), (0,13066), (0,13452), (0,4749), (0,5005), (0,4238), (0,12048), (0,5649), (0,658), (0,662), (0,5533), (0,12064), (3,2501), (0,675), (0,4772), (0,681), (0,812), (0,4525), (0,4530), (0,5554), (0,5427), (5,7070), (0,13370), (0,5563), (0,5438)
purgaba	(2,4394)
carreras	(1,7305), (5,3952)
heredar	(1,834)
complicidad	(5,2310), (2,3269), (2,5550)
asentaron	(1,9858), (1,1800), (3,460)
blinglas	(0,10612), (0,10615)
cabron	(1,17571), (4,4777), (4,3310), (4,6111)
reunen	(5,4863)
compromiso	(5,388), (5,1381), (5,1413), (5,486), (5,232), (5,396), (5,496), (5,1200), (5,305), (5,2097), (5,1042), (5,467), (5,565), (5,629), (5,150), (5,310), (5,1273), (5,159), (5,515)
esfera	(2,3569), (1,11794), (1,11843), (1,452), (5,1848), (2,1862), (3,88), (1,536), (2,6957), (1,2285), (1,2287)
proclama	(5,6218), (5,987), (2,5256), (5,988), (5,1971)
jaraba	(0,3168), (0,12516), (0,3133)
esperemos	(4,4996), (4,7622), (2,5445), (2,4205), (0,3982)
magnificas	(1,10839), (2,3632)
coxin	(4,2204)
arrimados	(1,2080), (1,15779)
231245	(5,8662), (5,8499)
destruyeron	(3,2708), (3,1639), (0,10324), (3,140)
enxabona	(4,2551)
huvieran	(0,3007)
breve	(2,3969), (5,5797), (1,16865), (5,1766), (5,2408), (2,5000), (1,18090), (2,4876), (1,4715), (5,7343), (3,2478), (5,1139), (2,2128), (5,7219), (2,5906), (2,7122), (1,9905), (5,6774), (5,440), (5,4089), (5,4857), (5,5369), (1,11573), (1,6582), (1,16566), (1,6905), (5,6082), (5,4932), (2,6370), (5,7365), (2,2853), (2,3686), (0,231), (1,18122), (0,3053), (5,1555), (1,7698), (0,3124), (5,7257), (2,2999), (2,5303), (1,3159), (0,567), (5,6557), (1,90), (5,3231), (1,10014), (5,227)
consules	(2,185), (2,171)
deshonrara	(4,844)
empezo	(2,4129), (2,6337), (3,134), (2,5157), (2,7656), (2,489), (2,459), (2,7532), (2,7478), (2,6423), (2,4953), (5,1181), (5,1917), (2,3354), (3,2717), (2,382), (2,3999)
produccion	(5,6316), (0,779)
desatela	(4,8275)
angelica	(2,5597)
negarlo	(3,1524)
diplomaticos	(5,5672), (2,5513), (5,5728), (5,2385)
infiel	(2,3538)
imperfecciones	(2,2947), (5,2216)
anticamara	(4,7363)
sentaron	(3,2734), (5,5040), (1,5469), (1,9245), (1,10318)
burgales	(1,7605)
aglae	(2,127)
gigantesca	(5,2008)
proclamo	(5,2770)
graduado	(1,18433), (1,8627), (3,1632), (3,1873)
matacaballo	(4,2082)
negarme	(1,13443), (1,2006)
vivio	(5,4133), (5,1638), (1,17478), (5,2827), (3,283), (5,7342), (2,989), (5,7537)
tandil	(3,281), (3,1006), (3,288)
azahar	(1,15888), (4,4196)
vivir	(2,1025), (1,9632), (1,17696), (1,17954), (0,4807), (0,1736), (4,5964), (4,8269), (4,8654), (1,1970), (4,5717), (2,3477), (2,3222), (2,6167), (4,8409), (2,3480), (4,5723), (4,5979), (2,3227), (1,10683), (4,2914), (4,8290), (1,1222), (5,3917), (4,8304), (5,7895), (1,8917), (4,8442), (4,2943), (5,4195), (1,8927), (4,646), (4,5384), (1,9447), (1,17128), (1,6381), (4,5779), (3,2869), (4,4374), (1,15859), (2,1877), (4,4377), (4,4378), (4,8348), (2,7515), (1,7290), (0,3355), (4,2080), (0,2588), (1,8957), (4,8609), (4,8228), (4,5671), (1,7428), (0,4645), (4,8875), (1,1673), (5,7057), (0,4654), (5,6038), (4,3383), (5,5656), (1,281), (1,8217), (1,18971), (1,18333), (4,5569), (4,962), (2,2816), (1,18335)
vivis	(4,7138)
conspiradores	(2,5585), (2,6257), (5,7478), (2,1172), (2,2199), (2,7400), (2,2201)
vivit	(1,8425)
ciencias	(1,18625), (1,8483), (0,551), (5,5069), (5,4566), (5,4247), (5,5112), (1,8086), (5,6555), (5,3711), (5,4962), (5,5090), (1,10878)
negaron	(5,1822)
parecerme	(1,16241), (1,16569), (1,110), (1,13134)
enmendados	(0,10003), (4,242)
negaros	(1,13476)
promessi	(5,4420), (5,8605)
conoceisme	(1,14518)
hereden	(1,9475)
chaleco	(2,264), (2,5644), (2,272)
palermo	(1,7680), (1,3687), (1,3352), (1,7804), (1,7805)
calabre	(0,2801)
ahorrare	(1,12477)
escaseando	(0,11073), (0,11075)
ahorrara	(0,3667)
callemos	(4,3146), (4,3504)
conciudadanos	(5,2278), (5,1627), (5,349)
obtendria	(5,721)
pacifica	(0,2607), (0,2879), (1,13824), (5,454), (0,2882), (2,3101), (3,353), (5,1987)
apremiaba	(0,502)
villanos	(4,5653), (4,4758), (4,6074), (4,5598), (4,2095), (4,7826)
asimilo	(5,6622)
moriscas	(4,435), (4,1382)
condenarles	(2,5101)
mostravamos	(0,10593)
asentasen	(0,8830)
mamones	(2,6557)
conquistadoscolec	(0,11940)
desemejantes	(5,5546)
senalados	(0,4911), (0,1602), (0,308), (0,1562), (3,1038), (0,1643), (0,4251), (0,1694), (0,13150)
aprehensores	(2,1438)
reunia	(2,7671), (5,1406), (2,4976)
cosillas	(0,10114), (0,10340), (0,6373), (0,9270)
cinchas	(1,1765)
risqueria	(3,2087), (3,1993)
pudiendose	(0,3814), (2,7161)
wwwgutenbergorgcontact	(3,3317), (0,14020), (1,19270), (2,8346), (5,9169)
llenar	(2,2250), (5,239), (1,11678), (3,177)
quejarse	(1,9008), (2,7747), (1,8706), (2,7748), (1,8724), (1,4374)
llenas	(2,4162), (5,6821), (1,16449), (1,12162), (1,16359), (1,10472), (5,845), (1,17481), (2,844), (1,5363), (1,5523), (4,7574), (5,569), (1,3607), (0,9879), (5,4382), (0,9882), (2,6909)
mansos	(2,7340)
caudillo	(0,3535), (0,4879), (5,5830), (2,5609), (5,5628), (0,5433), (0,5481), (0,4684), (0,13325)
llenan	(2,4116), (1,9796), (2,7242)
reconciliados	(2,4411)
llamame	(2,2921)
reunir	(5,5351), (5,5322), (5,7802), (2,3096), (5,3804), (0,601), (5,3374), (2,7708), (5,5410), (5,6147)
reunio	(5,5116), (5,465), (5,1345), (5,2241)
bendecia	(1,2473)
extremo	(3,1314), (5,6374), (0,6785), (5,940), (5,6510), (5,3577), (5,7359), (2,3361), (0,480), (5,6600), (2,7720), (5,7051), (0,620), (5,914), (2,7729), (3,1299), (5,5209), (0,13172), (5,2460), (5,3932), (5,4956), (2,6524), (5,6817), (2,3007), (0,190), (5,4835)
available	(0,31), (0,13728), (0,13760), (2,8326), (1,19016), (0,13994), (4,8912), (4,8946), (5,8915), (1,19250), (4,9174), (2,22), (1,21), (3,3063), (5,28), (4,28), (5,9149), (3,28), (2,8092), (3,3297)
renovado	(5,5176), (0,2645), (1,2489)
oraciones	(4,8627), (1,11984), (1,12289), (1,7301), (1,5463), (1,12137), (4,2175), (5,4657)
ahorcamos	(2,6917)
manteniase	(2,2915)
salense	(4,885)
atrae	(5,7397), (5,7739)
llamalo	(4,8139)
huvieren	(0,1872), (0,5941), (0,1819)
darian	(0,8896), (3,2084), (1,10691), (0,8147), (0,8195), (1,9974), (0,6327), (0,9303), (1,4363), (0,8221), (0,8317), (0,8190)
intermedias	(0,115)
fallaron	(5,2792), (5,1644)
predicamento	(1,18645)
ventosa	(1,18343)
pataxes	(0,4208), (0,4433), (0,4217), (0,5817), (0,4138)
sentarse	(2,3381), (1,8388), (2,2682), (2,6973)
extrema	(2,3962), (5,2914)
atras	(0,6980), (0,7495), (4,140), (0,11465), (2,3853), (0,10891), (0,6222), (0,10958), (0,6353), (0,6418), (2,7509), (0,8723), (5,314), (0,6101), (0,6293), (1,2935), (1,3961), (0,7640), (4,478), (4,1822), (1,11645), (3,2240), (2,6367), (2,5472), (0,10847), (5,5317), (5,1478), (5,3910), (5,1736), (0,6243), (5,5833), (0,9766), (2,5929), (0,10984), (1,1995), (5,6927), (3,2702), (0,6830), (0,11438), (1,13327), (0,9843), (0,11189), (1,16089), (0,10489), (5,543), (0,13562)
llamala	(4,5443)
referencia10	(0,505)
parecerle	(3,2532), (1,2179), (1,9333), (1,13256), (1,10861), (1,14479)
solamente	(4,579), (5,4008), (4,328), (0,9028), (0,5189), (4,5581), (1,12202), (0,3403), (5,307), (5,7732), (4,2132), (4,8148), (5,5562), (3,1017), (0,12890), (1,17469), (0,2913), (5,3399), (3,646), (0,868), (1,3529), (4,1133), (4,6001), (5,4563), (1,3792), (4,8179), (5,2645), (1,2769), (4,1527), (4,4087), (5,7256), (0,3700), (5,1627), (0,7158), (5,5980), (4,4094), (5,3807), (4,6400), (1,12381), (0,6398), (1,12259), (5,3944), (5,5864), (1,14436), (0,3460), (4,8328), (4,396), (3,2731), (5,6253), (0,2569), (0,3210), (1,8939), (4,4368), (4,8464), (1,13553), (5,7158), (3,823), (1,16245), (5,896), (4,289), (0,3358), (5,7300), (4,7076), (5,3846), (5,4358), (1,259), (5,2701), (5,3981), (0,8616), (5,3470), (5,2192), (5,2448), (0,6062), (5,3608), (5,4633), (4,6584), (4,314), (4,571), (4,446), (0,954), (4,2238), (5,5665), (0,8893), (0,3390)
groseza	(1,5606)
obstaculo	(2,5859), (5,5494), (5,623), (1,6443)
vives	(5,8761), (5,6714), (5,4111)
besafr	(0,5889)
corcobado	(1,5940), (1,5931)
deslealtades	(5,6822)
debiose	(5,2337)
vivez	(4,375)
cebolla	(4,443), (4,4237), (1,18718)
satisfara	(1,7096)
parecerlo	(1,17605)
benevola	(2,2456)
despertase	(1,10513), (1,7622), (1,18407), (1,10024), (1,10173)
satisfare	(1,2977), (1,4001), (1,1033)
dedican	(1,88)
despacharian	(0,7629)
benevolo	(3,1164)
recorde	(4,6056), (4,8249), (1,9338)
envolviendose	(5,2091)
especially	(4,8932), (5,8902), (0,13749), (3,3050), (1,19003), (2,8079)
pilares	(4,6179), (0,6702)
dedicar	(5,2447)
delitos	(1,1738), (1,1115), (0,2394), (1,8268), (1,18942)
expend	(0,13919), (3,3222), (1,19175), (4,9100), (2,8251), (5,9074)
pronombre	(0,12949)
recordo	(4,5770)
trovato	(4,7655)
viven	(4,3049), (0,6726), (0,9382), (0,1735), (2,6730), (3,1583), (1,6990), (1,1199), (1,17935), (1,6033), (1,1586), (1,9363), (4,6423), (2,4726), (1,6901), (4,3034), (2,4025), (2,4732), (4,3744)
lavezaris	(0,5409), (0,393), (0,300)
renovada	(1,3392)
despertara	(1,16019)
quedasemos	(1,17383)
pareceria	(3,1544), (2,6878), (1,15278)
perseo	(4,5723), (4,5725)
implicitamente	(5,3531), (5,127)
besael	(0,1028)
diziembre	(0,11719)
enmascarado	(2,5032), (4,7982)
vivia	(2,97), (3,1572), (5,4550), (2,6022), (1,6085), (1,934), (5,3754), (1,9639), (0,8747), (5,4945), (1,9582), (2,3089), (2,3121), (5,4084), (4,4532), (5,1078), (0,8467), (2,6166), (5,7482), (2,121), (1,7289), (1,8730), (2,3101), (5,483)
vivid	(1,10709)
forceis	(0,1870)
asociar	(2,6699)
mintais	(1,1994)
devemos	(0,3894)
deligentemente	(0,2203)
deshicieron	(1,1398)
heredia	(5,6952), (5,7208), (5,7145), (5,6892), (5,7982), (5,8303), (5,4336), (5,7152), (5,4342), (5,7158), (5,6968), (5,6458), (5,7163), (5,6975), (5,6979), (5,6980), (5,7115), (5,7180), (5,7123), (5,6932), (5,6997), (5,7189), (5,7127), (5,6936), (5,7069), (5,6942), (5,8862), (5,6751), (5,6305), (5,7203)
rodaja	(1,7736), (1,7690), (1,7644), (1,8605)
types	(3,3266), (1,19219), (4,9144), (2,8295), (5,9118), (0,13963)
besado	(1,7796), (1,5113)
quejaron	(1,6107)
venecia	(4,4100), (4,6404), (4,583), (4,8616), (5,7625), (4,169), (4,201), (1,1832), (5,7601), (1,7821), (4,8241), (1,7824), (4,2068), (4,8596), (4,215), (4,185), (1,7769), (1,7834), (5,767), (4,8894), (5,8479)
ilte	(0,10824)
llamais	(4,5895), (4,7371), (1,1993), (1,16412), (4,3008)
matronas	(4,2509)
aires	(3,2341), (3,998), (1,485), (3,425), (3,939), (3,620), (3,1004), (3,1006), (3,2351), (3,368), (3,497), (3,1142), (3,312), (5,5434), (3,1210), (3,509), (3,130), (3,389), (5,5448), (3,649), (1,1417), (1,7178), (3,397), (3,590), (3,654), (3,272), (3,464), (1,271), (3,402), (3,470), (3,791), (3,281), (3,2397), (1,10395), (3,478), (3,415), (3,289), (5,5411)
corchetes	(1,18849), (1,5796), (1,17316), (1,11429), (1,17061), (1,17125), (1,17062), (2,5517), (1,17100), (2,3246), (1,11437), (1,18895), (1,18513), (2,1460), (1,11443), (1,4725), (1,11415), (1,17115), (1,11422), (1,17150), (1,18846)
negarse	(1,18691), (3,2127)
apeose	(1,11400), (1,13371), (1,15293)
fundasen	(3,2266)
quedico	(4,1819)
luchador	(5,1857)
combiden	(0,4927)
compromise	(5,1116), (5,7325)
temerse	(1,7030)
divinamente	(1,16483)
llamado16	(5,1243)
resgatasen	(0,8194)
pelaba	(1,4770)
dispuso	(2,2145), (2,5409), (1,15121), (1,1058), (5,2888), (2,2278), (5,2157), (2,5532), (5,3696), (5,5600), (1,8941), (2,5040)
avistarse	(0,487)
comutuan	(0,7229), (0,7230)
contallo	(1,18119)
desvanecerse	(2,3412)
tenella	(4,6006)
tenelle	(4,8180)
contratallos	(0,9426)
sucede	(5,4037), (5,7749), (0,5496), (3,2193), (1,2991), (5,3235), (0,13582)
lanzandolo	(2,3360)
besase	(1,17472)
suceda	(1,2213), (1,1942), (1,16297), (2,6715), (0,5486)
llamado20	(5,1581)
topasen	(0,7440), (0,8138), (0,8158)
cielo	(1,18209), (1,1058), (1,2339), (1,11811), (1,9511), (5,172), (1,16427), (1,6700), (1,9516), (1,4653), (1,6445), (1,10546), (2,1557), (1,11828), (1,13364), (1,14645), (1,12854), (1,6199), (1,17975), (1,3896), (1,17981), (1,11838), (1,6207), (1,3136), (1,17475), (2,4391), (2,3626), (1,8779), (1,17483), (2,3885), (1,17740), (1,6221), (1,8526), (1,1615), (1,6479), (1,13905), (1,1106), (1,13138), (4,6136), (2,4154), (1,18012), (1,3683), (4,8456), (1,1638), (1,16998), (1,18278), (1,1640), (1,9065), (4,8461), (1,16237), (1,9326), (1,11121), (1,6259), (1,15219), (1,18037), (1,14710), (1,8570), (1,3707), (1,16769), (1,4485), (2,3431), (1,9094), (1,17033), (1,15498), (1,910), (1,7823), (1,13967), (1,1424), (1,8592), (1,4497), (1,5265), (0,8624), (1,9365), (1,3738), (1,16794), (1,7580), (1,418), (1,7075), (1,15011), (1,4516), (1,9125), (1,14501), (1,4518), (1,14759), (1,424), (1,425), (1,16297), (1,427), (1,8624), (1,7601), (1,6323), (1,11188), (2,5270), (1,14520), (1,6074), (1,7610), (1,6076), (1,448), (1,960), (1,6080), (2,5795), (1,17862), (1,16842), (4,5489), (1,3793), (1,2263), (1,7386), (1,2523), (2,3004), (1,3037), (1,17885), (1,1761), (1,14049), (1,3044), (5,4458), (1,17638), (1,2280), (4,6799), (1,16621), (1,9198), (1,15854), (1,753), (1,9202), (1,2803), (1,7160), (1,5625), (1,506), (1,5114), (1,1019), (1,17148), (1,7933), (1,15613), (1,6142), (1,16382), (1,4095), (3,2754), (1,5632), (0,9759), (1,2817), (1,7684), (1,9476), (1,14084), (1,3335), (1,9479), (1,14089), (1,14091), (1,3340), (1,271), (1,10513), (1,14099), (1,4630), (1,11798), (1,14102), (1,535), (1,9241)
difuntos	(0,1891), (0,1879), (0,1895), (0,4567), (0,4583), (0,1881), (0,8202), (0,9306), (1,16267), (0,1883), (1,5182)
quejarme	(1,13571), (1,15114), (2,1071), (0,3022)
repetire	(2,2170)
relajacion	(5,2398)
impedian	(5,134), (3,965)
quebrantadores	(0,2525)
quistion	(4,676), (4,5720), (4,7982), (4,6095), (4,5552)
repartiria	(1,1470)
contalle	(1,12407), (4,6462), (4,7744)
investigaciones	(4,231), (5,2927)
xlviiicomo	(4,8805)
vejez	(1,9444), (4,7752), (4,3049), (1,6598), (1,1607), (4,7948), (5,4910), (4,6861), (1,1323), (1,9067), (4,5456), (4,6520), (1,5461), (1,9209), (3,381)
besara	(1,17451)
huespedes	(1,12387), (1,12583), (1,12938), (1,7724), (1,11180), (1,11278), (1,12302), (1,12307), (1,11092), (1,12628), (1,17142), (1,11548), (1,11037)
senalaba	(0,7632), (0,6326), (0,6390), (1,9159), (5,2643)
impresa	(5,5710), (0,12906), (5,6737), (5,6546), (0,2414), (5,3603), (0,13230), (0,976), (0,13233), (0,13265), (5,6906), (0,13269), (5,7643), (0,2426), (5,4451)
permitieron	(5,389), (1,14825)
resabiados	(0,4867)
podriamos	(2,5669), (2,7146), (0,6283)
confianza	(2,4353), (5,3367), (0,4675), (0,5317), (5,2091), (0,4422), (1,15017), (2,6541), (0,4685), (2,4246), (0,5333), (1,10807), (1,1080), (1,14777), (5,7742), (1,6075), (5,3013), (0,1508), (1,12742), (5,4944), (5,2260), (0,3185), (5,4950), (0,4468), (5,2650), (1,6358), (1,3288), (0,4343), (0,5881), (2,5436), (1,16603), (3,2590), (2,5437), (1,11488), (0,5376), (3,1956), (5,6630), (5,2663), (0,1800), (3,1965), (0,4362), (1,16236), (5,3186), (1,2037), (1,6265), (2,2913), (5,5765), (0,676), (1,14986), (1,14733), (0,4274), (5,5402), (0,5436)
limitar	(0,8903), (5,3346)
impreso	(3,2403), (5,7893), (0,13027), (4,104), (5,5193), (4,58), (5,7629), (4,238), (1,974), (5,6834), (5,6387)
maldicen	(1,17077), (1,8215)
playas	(5,7014), (5,7196)
regulan	(3,1445)
fortificadas	(3,1970)
pendian	(2,5036)
ajustase	(5,2119), (5,2503)
regular	(2,6306), (2,3107), (5,4782), (3,1342)
estraneza	(1,7442), (1,7416)
atacadas	(3,1249)
cient	(0,6500), (0,3671), (0,5998)
gastarlos	(5,2651)
recorre	(2,4643)
ocurrir	(3,2483), (5,1515), (3,2569), (0,5260)
despertado	(1,10304), (1,10439), (5,5693), (1,13213), (1,10431)
impedida	(1,17212)
disputa	(5,981), (2,5378), (5,6006), (5,6902), (5,7657), (2,5303), (5,5724), (1,18296), (3,2268)
recivireis	(0,1693)
taydes	(0,8144), (0,8147), (0,8150), (0,8141)
axorcas	(4,3129)
disputo	(5,7252)
parroquias	(1,8897), (1,18211)
ocurrio	(5,2757), (5,4585), (5,173)
sonriente	(2,3354), (2,255)
avinonesa	(4,8851), (4,7464), (4,7704), (4,7864)
avistaron	(0,433)
directas	(5,4518)
instandole	(0,570)
impulsados	(5,1752)
apela	(5,6407)
reciprocamente	(5,5287), (5,2127)
abordan	(5,2220)
justificaban	(5,1382), (5,375), (5,6059)
tributaria	(4,6598), (1,11754)
enganandoles	(2,7564)
encargue	(0,5440), (0,5843)
senalada	(4,835), (1,16467), (1,18484), (5,1997), (0,1147), (0,3132), (1,2158)
dormimos	(1,1638), (2,5278), (4,7729), (1,11167)
grosero	(2,1412), (2,5337)
nidos	(4,5948)
amotinaron	(3,339)
cabras	(0,7841), (0,8642), (0,8548), (0,7818)
celadores	(1,17968)
fiadores	(1,4989)
gloriosamente	(5,1127)
especiales	(5,2373), (5,1207), (0,2818), (5,4781), (5,3678), (3,685), (3,765), (5,5631), (0,2987), (5,3954), (5,2243), (5,4003)
mejillas	(1,17733), (2,1499), (1,3020), (1,445), (1,12078)
menendez54	(0,3491)
abordar	(2,4482)
banquero	(4,4722)
oyendo	(1,4768), (1,2659), (1,18853), (1,7143), (1,3176), (1,1450), (5,1519), (2,7756), (1,13739), (1,14508), (1,15085), (1,6256), (5,7733), (1,17779), (1,11319), (1,14392), (1,8313), (1,14398), (1,1343), (1,15362), (1,11331), (1,14212), (1,2699), (1,6670), (1,3667), (2,825), (1,2584), (1,15067), (1,10396)
amancebados	(1,16355), (1,11381), (1,17094), (1,17083)
llenos	(2,641), (5,6885), (5,3366), (2,5445), (3,1383), (1,15078), (2,3976), (1,1128), (2,6345), (1,6248), (1,4015), (1,5362), (0,6228), (2,6360), (1,12155), (1,6076), (0,6431), (2,6690), (2,1383), (1,4486), (1,1223), (1,4361), (4,879), (5,2260), (2,2430), (1,6431)
pacifico	(5,868), (5,6692), (5,3432), (1,13253), (0,102), (5,3564), (5,621), (3,2283), (2,3547), (2,1100), (0,13146), (0,12910)
administrador	(4,8509), (2,1327)
enternecerse	(1,13471)
individual	(5,8997), (1,19045), (1,19047), (0,13832), (5,8944), (4,8976), (5,8946), (4,8978), (0,13843), (3,3134), (0,13790), (0,13792), (2,8163), (2,6308), (3,3145), (2,8174), (1,19087), (3,3092), (4,9014), (3,3094), (5,8986), (2,8121), (2,8123), (1,19098), (5,4513), (4,9025)
principios	(2,513), (5,1767), (2,454), (1,13541), (5,490), (5,1708), (2,6730), (3,2799), (1,5229), (3,178), (5,3636), (1,12146), (1,16564), (5,5050), (5,1276), (2,2138), (1,699), (2,4382), (2,5471), (5,3651), (0,5093), (5,3275), (0,6694), (1,6919), (4,2989), (5,4957), (5,3166), (5,2211)
comprehende	(0,13148)
precisamente	(5,7844), (2,4803), (2,4742), (5,3500), (2,4233), (2,6540), (5,6385), (2,1105), (3,1266), (5,2616), (5,1852), (3,1403), (5,6974), (5,1279), (5,1919), (0,12955), (5,3786), (5,3982), (2,3631), (5,979), (2,1264), (5,5269), (2,2613), (5,2208), (5,7264), (5,482)
llamase	(1,14850), (0,11426), (1,13859), (1,15396), (0,8490), (3,1073), (1,8688), (1,148), (0,7731), (0,10422), (0,8631), (0,8697), (0,7035), (2,544)
orejuelos	(0,7652)
comprendiese	(3,2479)
jarana	(2,7573)
palafox	(2,3202)
person	(0,13951), (3,3077), (1,19203), (4,9128), (1,19205), (4,9130), (1,19207), (2,8106), (4,9132), (5,9102), (5,9104), (5,9106), (3,3250), (0,13775), (3,3252), (3,3254), (2,8279), (1,19030), (2,8281), (2,8283), (0,13947), (5,8929), (4,8961), (0,13949)
reflexiona	(3,2989)
impertinentemente	(5,6240)
guirnalda	(4,7089)
terceros	(1,816), (0,8083)
enunciar	(5,3067)
vastaran	(0,2300)
abstenga	(2,2416)
disparemos	(2,4509)
mansas	(0,2674)
dibidia	(0,7025)
reflexion	(5,2950), (0,694), (3,2233)
laguna	(3,1635), (3,1764), (3,1894), (3,2150), (3,1386), (3,1644), (3,1777), (1,1712), (3,2037), (3,1014), (3,1015), (3,2040), (3,1018), (0,10203), (3,2047), (3,1024), (3,2050), (3,1539), (3,1284), (3,1288), (3,778), (3,1294), (3,143), (3,911), (3,1425), (3,1300), (3,800), (3,803), (3,1573), (3,1453), (3,1711), (3,2095), (3,1713), (3,946), (3,819), (3,1716), (3,950), (3,2104), (3,1469), (3,1729), (3,1602), (3,1604), (3,1988), (3,1352), (3,1353), (3,1737), (3,1354), (3,2635), (3,1742), (3,1488), (3,1744), (3,1746), (3,2642), (3,1747), (3,1751), (3,2008), (3,1499)
vasera	(1,7928)
xara108	(0,9958)
xxvii	(0,11776), (0,3493), (2,7753), (4,2093), (4,3870), (0,12510)
dedica	(0,317)
entregaronle	(2,4815)
apend	(5,752)
supongan	(2,686)
morisco	(1,17928), (5,5808), (1,17068), (1,17932), (1,18044)
banquete	(1,4851), (4,5543), (1,5286), (1,18890)
dedico	(4,169), (4,188), (1,6700), (5,3905), (4,6161)
llamara	(1,12803), (2,5448)
relampagos	(1,1616), (5,2004)
entiendeseme	(1,5222)
tomola	(0,13248)
limites	(1,16738), (3,2343), (5,3561), (1,1190), (5,5866), (5,1199), (0,2898), (0,531), (5,5368), (1,2229), (0,918), (0,13272), (5,1470), (1,2814), (0,2846), (5,583), (0,2851), (5,333), (0,752), (1,14993), (2,6709), (5,7387), (5,1630), (0,2873), (5,4959), (0,253), (0,4990)
negarla	(1,15210)
tomole	(1,14648), (1,14655)
consulta	(5,1797), (5,5498), (3,3001), (0,140), (0,204), (2,4366), (0,1421)
llamare	(1,12993)
coalicion	(5,1032), (5,505), (5,5054)
dragones	(3,1787)
tomolo	(1,17552), (1,10139)
279281	(5,8344)
confederacion	(5,7556), (5,2277), (5,3526), (5,5318), (5,7302), (5,5897), (5,7467), (2,554), (2,5162), (5,3439), (2,5164), (5,432), (2,560), (2,2800), (2,532), (2,534), (2,566), (5,2781), (2,5274), (2,541), (5,3456), (2,544), (5,2915)
hijodalgo	(0,2307), (0,2244), (0,2247), (3,237), (0,4522), (1,8398), (0,4559), (0,5521), (0,5523), (0,2037), (0,374), (0,2039), (0,601)
limited	(2,8262), (0,13957), (0,13960), (1,19180), (3,3247), (4,9105), (1,19186), (2,8276), (5,9079), (4,9111), (5,9085), (3,3260), (3,3263), (2,8289), (1,19200), (4,9125), (2,8292), (0,13924), (5,9099), (0,13930), (1,19213), (4,9138), (1,19216), (4,9140), (5,9112), (5,9115), (3,3227), (0,13944), (3,3233), (2,8256)
solemnizar	(5,3156)
teneldo	(4,6263)
sumptibus	(4,197)
duenas	(1,10475), (1,12429), (1,10736), (1,18480), (1,8465), (1,18322), (1,725), (2,3769), (2,5594), (1,12441), (4,3069), (1,12414), (1,18367)
besalo	(4,1549)
expulsen	(2,2283)
soldados	(0,2112), (1,6689), (4,8133), (1,3368), (0,8264), (0,333), (0,8270), (0,4438), (0,9565), (0,7519), (0,352), (0,5216), (0,4449), (0,1635), (0,5219), (0,9571), (0,4455), (0,5224), (0,362), (0,4459), (0,11890), (0,6516), (0,373), (5,2778), (0,10358), (3,1306), (1,3161), (1,603), (0,8058), (0,9085), (4,8450), (0,4479), (0,8063), (4,4102), (1,3171), (2,8004), (0,4484), (0,1670), (1,4203), (0,8075), (0,9106), (1,4212), (0,5268), (0,8084), (0,406), (0,1686), (0,4247), (0,8092), (0,8348), (0,10653), (0,10656), (0,8100), (1,3207), (0,8363), (0,6574), (4,4659), (0,10416), (0,9137), (0,7610), (0,8378), (0,5821), (0,11709), (0,4543), (0,10687), (3,2147), (3,101), (1,6819), (0,8643), (0,5575), (1,17322), (0,3786), (0,10702), (0,2257), (0,3537), (4,8277), (1,4275), (1,4277), (0,8662), (1,4281), (0,477), (0,6365), (0,8669), (0,8159), (3,644), (1,4036), (3,648), (1,1734), (1,4294), (3,652), (0,2281), (0,8684), (1,4305), (1,4312), (1,10969), (3,668), (4,7037), (0,6649), (1,4317), (3,416), (0,9987), (2,2247), (3,1710), (1,4332), (0,8715), (0,12045), (3,2737), (1,4335), (1,8944), (1,8948), (4,8600), (0,10774), (3,1728), (0,2078), (0,4383), (0,8483), (1,6405), (0,4392), (0,297), (0,7468), (0,10797), (0,4142), (0,4910), (0,306), (0,8246), (0,7479), (1,8216), (0,4408), (0,9020), (0,9788)
principio77	(5,7312)
dezian	(0,2455)
morisca	(1,17936), (1,7873)
trovano	(4,8412)
descobrieredes	(0,1159)
hojear	(2,704)
imperfectisima	(2,643)
programas	(5,1767), (5,3735), (5,3737), (5,3372), (5,3996), (5,2989), (5,3042), (5,3074), (5,3059)
vivos	(0,6879), (0,4705), (5,7719), (5,4168), (1,745), (0,521), (2,2284), (5,1747), (0,3215), (1,17490), (1,4344), (4,4476), (2,251), (4,8030), (0,4701)
despolvorearme	(1,17141)
interlineal	(4,6454)
parecerse	(2,1745), (2,5423)
astigarrivia	(0,11603), (0,12121)
senalado	(1,2595), (1,6820), (1,13544), (0,4392), (0,2763), (3,2928), (0,2960), (0,3537), (0,4276), (4,1210), (0,4444), (0,5053), (3,2785)
pequenisima	(5,383)
