desmayos	(1,16493)
acuchille	(1,14918)
samanoe	(0,1462)
estrena	(1,4850), (1,4846)
inviase	(0,998)
cortasen	(0,6358), (0,7868)
reson	(0,10504)
superen	(5,6306)
olmo	(1,475)
dutch	(5,5705), (5,8635)
estreno	(2,1090)
sobradamente	(5,6635)
tocase	(1,10328), (0,13208), (0,7932), (0,7582)
acogidos	(5,4651)
medidos	(1,169), (5,2224)
callarse	(2,585)
ingenuo	(2,854)
manando	(1,18158)
entraron	(1,608), (1,12576), (1,12832), (1,14113), (1,15777), (1,2468), (1,12580), (3,807), (1,17960), (0,10120), (1,14826), (1,12844), (1,1837), (1,6510), (1,5105), (1,5361), (1,10609), (0,2577), (1,5108), (1,15349), (1,5366), (3,699), (3,703), (3,704), (1,2752), (0,8735), (2,674), (2,7714), (0,6752), (1,5122), (1,18371), (1,12676), (1,13773), (4,8562), (1,11087), (2,7601), (1,3474), (3,2261), (5,6617), (0,10740), (4,8569), (3,921), (0,8058), (0,8186), (0,4029), (1,5086)
herian	(2,4103)
humidad	(4,1453), (4,1457)
excesos	(2,6774), (2,6701)
llovidos	(3,1402)
establezca	(2,6713)
triana	(1,7297), (0,9553), (1,17229)
persona	(0,9279), (0,4675), (2,7687), (4,8139), (1,9770), (0,4682), (0,5198), (0,2127), (1,5680), (4,8149), (0,5202), (0,4179), (4,8153), (0,5718), (1,12344), (5,3008), (1,1086), (5,7619), (2,6178), (1,4677), (2,1576), (0,1638), (2,1580), (0,5231), (0,3185), (0,4215), (2,7225), (1,14939), (1,17499), (1,16988), (0,5244), (1,3678), (0,1664), (0,1153), (1,13928), (1,18539), (0,3211), (4,8209), (0,1680), (0,9360), (1,15474), (0,8851), (2,6754), (1,13954), (2,3173), (4,552), (0,3236), (1,16005), (2,615), (0,1193), (0,1711), (2,2676), (0,4789), (1,8855), (2,2682), (1,8857), (0,2240), (0,3776), (1,14497), (0,5314), (4,4167), (0,2245), (0,5317), (2,648), (0,2247), (0,3271), (0,5321), (1,8876), (0,718), (0,10448), (0,5329), (0,6354), (0,4821), (0,3288), (0,7388), (0,2272), (0,5344), (1,8900), (0,4325), (0,5352), (4,622), (1,8907), (0,5868), (1,8913), (2,4787), (0,5873), (0,1779), (0,2291), (0,1268), (0,8948), (0,4341), (0,5366), (4,124), (1,12505), (0,1787), (0,5371), (0,13051), (0,5885), (0,1790), (5,3172), (0,5375), (0,4865), (5,7271), (0,3332), (0,1799), (0,1289), (0,4873), (4,2702), (0,4362), (0,268), (0,13580), (0,4877), (0,2320), (1,16115), (0,2835), (4,1177), (4,2203), (0,2839), (1,15096), (1,8954), (0,5402), (1,14077), (5,4739), (0,4894), (1,6400), (1,1793), (0,3360), (4,1701), (4,5797), (0,5409), (0,3367), (1,9483), (0,3371), (0,5419), (0,7979), (1,18189), (5,2200), (1,3349), (0,5431), (3,1244), (1,1821), (0,2364), (0,5436), (0,1343), (0,4415), (0,5439), (1,16160), (2,3844), (0,4418), (0,2372), (0,4421), (0,5446), (2,3849), (0,13128), (4,3277), (1,8491), (0,5461), (1,17210), (1,12604), (1,6462), (1,14145), (0,5476), (0,5479), (1,5451), (1,13131), (0,5485), (0,9079), (0,1912), (0,1916), (3,2335), (1,1374), (0,1406), (1,17247), (0,1407), (0,1923), (1,10598), (0,4490), (1,18804), (4,281), (5,7424), (2,2911), (0,5534), (0,1439), (0,5537), (0,5540), (0,9124), (0,2470), (0,5545), (1,18828), (0,2989), (0,943), (4,6453), (1,18323), (0,4531), (1,6036), (0,4534), (1,2969), (2,2427), (0,4537), (1,7066), (0,967), (4,6988), (1,11177), (1,16810), (4,335), (2,6543), (0,975), (0,4050), (1,438), (1,14775), (0,3543), (2,3483), (2,7067), (1,5565), (0,2013), (2,5537), (0,992), (0,1505), (0,5089), (0,5090), (2,5544), (0,2024), (1,11721), (0,1003), (0,2032), (1,1492), (2,4021), (5,1882), (1,17367), (0,1015), (0,4603), (0,1024), (4,5509), (4,2440), (4,5512), (2,455), (0,3077), (0,3078), (1,18407), (5,5486), (2,4047), (1,14831), (1,11760), (1,16372), (4,5031), (5,1417), (4,5035), (1,10248), (0,8747), (2,1006), (1,15380), (1,10263), (0,2103), (0,2106), (1,14365)
olla	(4,2164), (1,5473), (1,11762), (4,6102), (1,17715), (4,6104), (4,443), (4,430), (1,15758)
tornan	(4,1539), (1,450), (4,6379), (4,2944)
furiosas	(1,486)
tornar	(4,579), (4,8037), (4,8485), (0,7937), (0,2306), (0,5189), (4,6383), (0,2572), (0,3052), (4,7314), (4,4953), (0,2518), (4,383), (4,1474)
passe	(0,3489)
arrecia	(2,4503)
introductor	(2,1607)
tocare	(1,4515), (1,1960), (4,8111), (1,5406)
estremo	(1,2272), (1,7776), (1,14048), (1,17634), (1,549), (1,12712), (1,14312), (1,1962), (1,6379), (1,3056), (1,15473), (1,14516), (1,6140), (0,8220), (1,15805), (1,7230), (1,15297), (1,12420), (1,9093), (1,3846), (3,1737), (1,456), (1,5898), (1,395), (1,2189), (1,4367), (1,8143), (1,275), (1,6675), (1,9940), (1,15956), (1,14551), (1,16407), (1,2267), (1,2269), (1,6174), (1,13855)
realegre	(4,8327)
cerebro	(2,658), (2,4052), (2,1013), (5,5001), (1,18648), (2,4540), (2,7869), (5,7521)
charges	(3,3138), (1,19091), (2,8167), (4,9018), (5,8990), (0,13836)
tocara	(1,590)
yancey	(5,3084), (5,3117), (5,8787)
aliviarse	(5,1730)
sanguinario	(5,5793)
domiciliados	(5,2142)
eligiendoos	(1,14056)
caxcabeles	(0,6383), (0,8473), (0,8026)
providing	(3,3139), (0,13952), (5,9031), (5,9128), (2,8168), (1,19208), (3,3179), (3,3276), (4,9133), (0,13837), (2,8208), (5,9107), (2,8305), (1,19092), (3,3255), (0,13877), (0,13973), (4,9018), (2,8284), (5,8991), (1,19132), (1,19229), (4,9153), (4,9058)
herido	(5,4456), (0,8644), (2,1159), (1,1895), (1,11495), (1,13868), (1,14124), (1,1965), (5,7538), (1,14446), (1,11439), (1,11503), (2,4053), (0,6997), (1,13878), (5,5755), (1,13815), (1,11448), (5,4031), (5,4160), (2,680), (1,11081), (1,9034), (0,7531), (1,13838), (1,13840), (5,2839), (0,9973), (1,14614), (1,11416), (2,7932), (1,11419), (1,9053), (1,1887), (1,11423)
morderlas	(1,95)
tistimonio	(0,2059)
herida	(2,4001), (1,7520), (1,4385), (5,4933), (4,518), (0,6659), (0,6661), (1,14502), (5,3307), (5,1838), (1,13867), (5,947), (1,11440), (1,9011), (1,4788), (0,6995), (1,3510), (5,5978), (1,13846), (1,151), (1,17786), (1,18107), (1,4349), (0,6525)
nececarias	(0,3521)
sobreparto	(1,1366)
gazafatones	(1,11987)
pasos	(1,14496), (1,17056), (1,6307), (4,8263), (4,5196), (1,939), (2,2065), (2,3987), (1,10546), (2,2326), (1,12725), (2,3991), (1,953), (2,923), (1,10686), (2,672), (2,7331), (0,5730), (1,18116), (1,17221), (2,1575), (2,1959), (2,1577), (1,14024), (3,1038), (2,1334), (2,5947), (2,5440), (0,8959), (2,1348), (3,296), (2,5836), (3,1070), (1,3950), (2,5841), (3,310), (3,1462), (2,2396), (1,8700), (5,5377), (1,11645), (2,5857), (2,1514), (2,7532), (2,7660), (5,3476), (2,1650), (0,10549), (2,6012)
carceles	(2,4792), (2,4715), (2,5260), (2,6909), (2,6463), (2,4704)
linked	(2,8178), (4,9028), (5,9001), (0,13847), (3,3149), (1,19102)
calbuco	(3,941)
servirse	(5,4719)
madrugada	(2,6643), (2,6869), (2,2425), (1,10650), (2,6112)
borracha	(4,1559), (4,1597), (4,6113)
aclamaciones	(2,472)
acercando	(2,7144), (5,2750)
espaciosos	(1,10898)
entorchados	(2,808), (2,814)
mandar	(0,963), (0,965), (0,1862), (4,3659), (0,3783), (0,5832), (0,2379), (4,5584), (0,3406), (0,9166), (0,3791), (0,5839), (0,3794), (2,1176), (0,599), (0,13278), (0,3807), (0,5857), (0,9186), (1,6468), (0,3812), (0,4580), (0,3559), (4,2796), (0,3564), (1,3536), (0,5872), (0,5619), (3,2331), (3,2588), (1,15834), (0,2554), (1,10587), (0,3453), (0,4095), (0,5634), (0,5251), (0,5641), (0,5773), (0,1166), (0,5779), (3,2362), (0,5783), (0,5656), (0,3098), (0,3226), (0,2463), (0,9504), (0,3105), (0,2469), (0,4005), (5,1804), (0,4011), (1,17932), (0,2988), (3,2519), (2,6392), (0,3385), (0,2492), (0,5564), (1,12317)
torcidas	(1,17573), (5,3118)
aventurero	(5,2799), (5,6065)
borracho	(4,5765), (1,17156), (4,4425), (4,3547), (4,4107), (2,8012), (1,11773), (2,7487), (4,5026)
mandas	(1,1950)
intolerante	(5,7067)
entretuviese	(1,14672), (0,564), (3,988), (1,2538), (1,9547)
favorescer	(0,8851), (0,8806), (0,8009), (0,8809)
galdos	(2,14), (2,62)
tocata	(2,325)
benerados	(0,4510)
enloquecer	(2,7307)
mandan	(1,8226), (2,2781), (0,2732), (0,3020), (1,17597)
entrarse	(1,10227), (1,2169), (1,11737), (1,13513)
telegrafo	(5,5934)
esmeriles	(3,1426)
gabinete	(5,996), (2,946), (2,4370), (5,391), (5,2311), (5,2391), (5,5656), (2,4360), (2,4377), (5,4370), (5,2403), (2,4368)
serpiente	(1,12272), (2,7716), (4,8538), (4,6188)
cabildos	(2,1208)
enfrenada	(4,6907)
enfrenado	(1,18108)
rustico	(1,18720), (1,6082), (1,5141)
escuros	(1,849)
tinientecura	(1,2785), (1,2796)
nosaltres	(4,1098)
descubrimientos	(0,5535), (0,1418), (3,2541), (0,3082), (3,590), (0,3181), (0,1679), (0,12975), (3,2163), (0,5361), (0,1972), (0,4532), (0,5620), (3,184), (3,248), (5,6682), (0,3190), (2,2873), (0,2008), (0,3128), (0,1787), (0,4060), (0,13404), (0,3070)
entrujasen	(1,5288)
encolerizar	(1,5319)
geografia	(5,3974), (3,247), (0,122)
callaron	(1,13874), (2,5845), (1,7462), (2,488), (2,5823)
conspicuos	(5,5319)
experiencias	(0,677), (0,5333)
negligence	(0,13936), (3,3239), (1,19192), (4,9117), (2,8268), (5,9091)
rustica	(1,11576)
bienhechor	(1,112)
cambio	(0,13568), (0,833), (5,1576), (5,4585), (5,2479), (2,6798), (5,501), (5,5685), (2,7828), (0,595), (5,2424), (5,2552), (5,6202), (5,3387), (1,11703), (2,3932), (1,14075), (2,6750), (5,6913), (5,3780), (1,4161), (1,7490), (5,4680), (2,6695), (0,168), (5,3406), (2,3118), (5,468), (5,2198), (2,3124), (5,1176), (0,13369), (5,5152), (1,1119), (1,15263)
maxcaras	(4,2931), (4,8004), (4,7985)
aparecera	(0,13313), (0,204), (0,13373)
espaldas	(0,8959), (1,18596), (1,421), (1,17389), (2,3794), (0,8592), (1,11253), (1,3961), (3,1728), (1,4990), (1,17218), (1,15555), (1,1736), (1,14025), (1,15434), (1,1739), (1,2315), (5,4243), (1,144), (1,4688), (1,3604), (1,14421), (1,855), (1,5851), (1,1884), (1,17692), (1,15645), (5,802), (1,14687)
perfido	(2,4176)
ropajes	(2,5515)
torneo	(5,3110)
consentirse	(5,3096)
espaldar	(1,6674)
tornen	(4,8547), (4,8536), (4,8537), (4,8543), (1,1133), (4,8544), (0,5918), (4,8546)
silvas	(5,6935), (5,6393), (5,6298)
escabecha	(1,17408)
abuelos	(1,9026), (1,8980), (3,2011), (1,9001), (1,9353), (5,7614), (1,92), (1,16700), (1,8973)
abiamiento	(0,3521), (0,3811), (0,3821), (0,11710), (0,12046)
hocicos	(1,11921)
cronistas	(2,640)
desafueros	(5,3831), (2,6292), (5,4537), (1,8694)
quiries	(1,5593)
manera	(1,3106), (4,6087), (4,7113), (1,14379), (5,2995), (1,9264), (0,6224), (2,6164), (5,7097), (0,2136), (0,5210), (5,974), (1,1100), (1,4175), (0,3191), (1,17497), (1,16474), (0,3198), (0,11391), (1,7273), (4,8210), (0,7314), (0,11410), (1,3188), (1,8309), (0,8342), (0,11416), (1,4218), (1,7290), (5,7167), (5,5122), (1,14463), (1,10373), (1,1171), (0,11448), (1,11418), (0,2235), (4,3135), (5,4128), (5,5152), (1,16540), (0,7356), (1,13469), (1,2207), (0,4295), (0,3273), (0,11472), (1,17588), (1,11447), (1,9400), (0,8408), (4,3166), (0,11485), (4,8290), (1,2242), (0,5349), (0,10470), (1,5320), (1,1226), (2,173), (2,3247), (0,4333), (4,7283), (1,16593), (0,11508), (0,5369), (5,6239), (1,12507), (0,5374), (1,12511), (0,10497), (1,13543), (4,8335), (0,2316), (0,4369), (0,2326), (4,8349), (0,13593), (2,7392), (0,2338), (1,8455), (5,6286), (1,16650), (0,2347), (1,3341), (3,2256), (1,15631), (1,16656), (2,3315), (2,1273), (4,6334), (5,7328), (1,14620), (1,14621), (0,2367), (5,6309), (4,2245), (0,2372), (1,9516), (0,2380), (1,3377), (1,11570), (1,2357), (4,6365), (1,3388), (4,8417), (0,1374), (0,1378), (1,14660), (5,7369), (2,3367), (1,4423), (1,11591), (0,1388), (1,9549), (1,17741), (3,1297), (5,3283), (1,344), (5,5340), (0,4472), (0,5499), (1,13666), (0,4485), (5,1260), (0,4492), (1,6509), (0,6541), (1,11631), (4,279), (0,1429), (4,2329), (1,10615), (1,11640), (2,346), (1,4473), (1,1402), (1,9597), (0,5536), (1,13699), (2,6501), (1,12684), (1,5520), (4,3383), (0,4532), (5,5401), (1,5525), (0,8628), (4,313), (1,8598), (1,6552), (1,15768), (1,9625), (4,3395), (1,9632), (5,6438), (0,2498), (2,4484), (1,16803), (0,4548), (2,392), (0,5575), (1,1452), (1,2477), (2,4497), (5,2358), (1,18867), (2,3477), (0,10707), (0,10710), (2,412), (4,8544), (1,10685), (0,1501), (1,4542), (1,13765), (0,4581), (1,14791), (1,6601), (0,6633), (1,7629), (1,10703), (1,15823), (4,6519), (0,2548), (4,5496), (0,5621), (0,10741), (2,2490), (1,7642), (0,5627), (2,2494), (0,1534), (1,16863), (1,10720), (1,5602), (0,4612), (4,394), (0,5639), (1,12777), (1,3563), (1,8689), (5,5499), (0,7704), (1,4605), (0,8734), (0,7715), (0,4645), (0,4646), (1,1544), (0,2602), (1,9739), (4,8624), (0,4653), (4,3506), (5,4499), (1,1553), (3,2518), (1,1557), (1,3611), (5,2474), (0,4678), (0,3656), (4,4558), (4,8654), (1,4652), (1,14894), (1,12849), (4,6613), (4,479), (1,14908), (1,12868), (0,2662), (4,7658), (1,4680), (0,9831), (0,11883), (1,17996), (1,8784), (1,8786), (1,14932), (0,6772), (4,1537), (0,1661), (1,13920), (4,7690), (1,9832), (4,3598), (1,10859), (1,11890), (1,3707), (1,5756), (4,7712), (2,1631), (4,1572), (5,1548), (0,3752), (1,9865), (0,7849), (1,13967), (1,7824), (2,2677), (0,4787), (5,7704), (0,1718), (2,2681), (1,9885), (1,5797), (5,5675), (0,4807), (4,7756), (1,3754), (0,7882), (1,10924), (0,4812), (4,6740), (1,10934), (4,3674), (0,4825), (1,7866), (1,16058), (1,1723), (5,5695), (4,5730), (1,15039), (4,2660), (1,709), (1,15046), (5,4687), (0,7914), (5,1618), (0,8944), (4,5749), (1,6867), (5,4699), (1,13016), (0,3833), (0,8957), (4,6786), (1,18144), (0,1793), (4,646), (0,4866), (1,6883), (0,7939), (0,6922), (0,2836), (1,7926), (1,16119), (1,2808), (1,18172), (1,5886), (5,7814), (1,11011), (0,10019), (0,3876), (0,7972), (5,6796), (1,8972), (0,5933), (4,690), (3,2773), (0,10034), (1,1813), (0,7996), (5,7843), (1,12063), (0,11071), (0,4929), (0,11073), (2,3846), (4,5838), (1,14129), (0,11089), (0,4946), (0,8019), (0,2900), (0,8020), (1,2871), (1,13111), (1,1850), (4,7906), (1,3906), (1,12105), (1,6986), (1,6988), (0,10096), (0,4978), (0,10099), (5,7898), (1,4951), (0,10102), (1,1882), (2,828), (0,1921), (4,1798), (0,1922), (0,3971), (0,1926), (4,7946), (1,3945), (5,6894), (1,9068), (0,3980), (0,8080), (1,1913), (0,11160), (0,9115), (2,1886), (5,1798), (0,1954), (1,6020), (4,7975), (0,5033), (0,8108), (1,13200), (1,1938), (1,9106), (1,16281), (0,7097), (0,8122), (1,13215), (5,804), (5,4900), (5,1830), (0,5058), (1,10147), (1,12195), (2,2949), (1,10148), (1,10150), (0,6092), (1,7086), (0,985), (1,1978), (0,2009), (5,4926), (1,16315), (1,956), (4,2913), (4,1893), (1,9155), (4,8040), (1,11205), (0,5094), (1,10194), (3,2969), (1,4057), (0,2042), (1,7133), (0,5118), (0,3072), (0,5128), (3,941), (0,3083), (1,18412), (1,2030), (4,2966), (0,3091), (0,9235), (5,2939), (1,6135), (0,3099), (4,6047), (1,7168), (4,2989), (0,5164), (4,2994), (4,951), (5,1955)
hociquear	(2,1444)
caracter	(5,4775), (5,1451), (2,1675), (5,2862), (2,5387), (5,5038), (5,3265), (5,1736), (5,1611), (5,5323), (5,4940), (5,7116), (2,4011), (5,976), (5,7378), (5,469), (2,2615), (5,5084), (5,4064), (5,1377), (5,3173), (5,1638), (5,1896), (5,4073), (5,5746), (5,6774), (5,759), (5,2426), (5,5501), (5,7933), (5,7422), (5,5888), (2,991), (5,4229), (5,902), (5,4616), (5,5384), (5,4361), (3,73), (5,2321), (5,1555), (5,5395), (5,5524), (5,3606), (5,2711), (5,4761), (5,1179), (5,5019), (5,2332), (0,696), (5,3998), (5,7710)
kennedy	(5,7098), (5,7100), (5,8380)
mordeduras	(1,1889), (1,1976)
macero	(2,166), (4,8698), (4,2704), (4,2593)
escanciadora	(1,9996)
estobieron	(0,6384), (0,7196)
pensareis	(4,3414)
quitole	(1,12775)
cambalaches	(5,3290)
equivocas	(2,5753)
manero	(1,9748)
convierto	(2,1271)
absalon	(4,7069), (1,10027)
equivocar	(5,6846)
viniendo	(1,3232), (0,6655), (4,7749), (3,933), (0,9475), (0,8516), (0,5317), (1,16358), (4,6606), (0,11600), (1,9587), (0,12118), (1,8766), (0,6047), (0,7776), (0,10467), (0,1893), (1,775), (1,7495), (1,17159), (1,13193), (5,5779), (4,2487), (4,6007), (4,8695), (0,5430), (2,5245)
marquele	(1,5833)
convida	(1,17666), (2,3828), (4,5083)
convierte	(5,4916), (1,2310), (1,17663)
santiguole	(1,1891)
desbocado	(1,5089)
baganga	(0,448), (0,12915), (0,13156), (0,12568)
convide	(4,5732)
quista	(4,929)
convierta	(1,12038)
comision	(1,8289), (1,8295), (0,8262), (0,3081), (5,3055), (1,8301), (0,8270), (5,2932), (3,2994), (2,1682), (3,2359), (5,2555), (0,10647), (5,2943), (0,10459), (5,2948), (1,17344), (2,5539), (3,2579), (5,5910), (0,5619), (0,3189), (3,2586), (5,2910), (5,991), (5,2912), (5,5923)
incluyendo	(5,4398), (5,6592)
acarrea	(1,9431), (3,1214)
espoleaban	(5,612)
ivprosigue	(4,8652)
maceta	(1,5091)
helas	(5,7027)
helar	(1,13385)
transmitido	(2,292)
desembargadas	(0,2893)
solitario	(5,4667), (5,7379)
enroscandose	(2,7718)
religion	(2,1666), (5,6821), (1,17953), (3,1957), (2,1735), (0,3589), (0,4808), (5,4975), (0,3339), (5,6962), (0,3344), (1,4273), (2,2004), (3,2807), (3,2813), (0,4510), (0,9374), (2,3170), (3,1669), (1,7428), (5,5770), (3,203), (2,1834), (5,6862), (0,9321), (5,4943), (3,654), (0,9387), (5,6865), (5,4114), (2,5040), (0,7599), (5,213), (2,1204), (3,2902), (5,1753), (2,1977), (2,4029), (5,4384)
governaba	(0,11336), (0,5561)
gueyte	(0,9987), (0,9975)
prominente	(5,231), (5,5778)
complision	(4,5753), (4,3341)
creida	(0,544)
magras	(2,6413)
manete	(0,10036)
urdir	(5,7897), (5,2332)
iiresponde	(4,8648)
verbigracia	(2,1207)
bolos	(1,1843), (1,17846), (1,17849)
creido	(1,2737), (5,7046), (1,17559), (5,1644), (2,7498), (4,141), (5,3007), (5,576), (2,6541), (5,6816)
desperezandose	(2,2718)
saliamos	(0,10545)
espanto	(2,7905), (1,7585), (1,13729), (2,1349), (2,5958), (1,7686), (2,1033), (1,7657), (1,2283), (1,5803), (1,5804), (1,7826), (1,3352), (1,3960), (1,5977), (2,7741)
dencima	(4,1279)
escatula	(4,7635)
alcaldes	(4,7710), (1,2095)
quisimoslo	(0,10643)
temoroso	(1,3954)
falda	(1,5136), (1,6677), (0,7029), (5,5467), (0,10424), (1,18253), (3,1088), (1,4607), (2,5728), (1,5119)
escucharos	(1,13894)
prenderte	(1,8506)
escucharon	(1,11896)
fueredes	(1,2132), (0,2137), (0,2331)
simueque	(1,16041)
hablista	(4,202)
escobeteo	(4,6490)
amaneciese	(1,8864), (1,17320)
enviome	(4,5658)
imitado	(5,6168)
mandalles	(0,2397)
apoderarse	(1,17735)
suspendio	(5,4677), (1,13713), (1,17425), (1,9864), (5,7437)
biblia	(5,4116), (5,1094), (5,2825), (5,7370), (5,7356)
desenojan	(1,1192)
cameguen	(0,10335)
agostin	(0,5646)
incuria	(2,6065)
sogorbesa	(4,1066)
industria	(1,1827), (1,2404), (1,9574), (2,5640), (1,15784), (1,5610), (1,7722), (1,9644), (3,1647), (1,15343), (5,180), (3,498), (1,1648), (1,9848), (2,92), (1,14915), (1,9413), (5,3725), (1,16781), (1,4305), (1,6485), (1,4182), (1,17302), (1,15002), (1,6559)
suspendia	(1,6080), (1,13255)
antigualla	(5,6134), (4,6889), (2,4958), (2,511), (2,1727)
crecimiento	(5,256)
espantallos	(0,6954)
governado	(0,11239)
catedratico	(5,6502), (1,10210), (5,958), (1,8618)
zenores	(1,578)
condujo	(5,2800)
prenderse	(1,7004)
mirabanse	(1,14006)
solicitos	(1,4126)
efervescencia	(5,2407), (2,5541), (2,2272), (2,2528)
checks	(3,3350), (4,9239), (1,19303), (2,8379), (0,14059), (5,9202)
vidas	(5,5124), (1,3297), (5,7654), (5,7815), (1,6502), (5,3084), (1,13224), (1,14600), (5,8751), (1,17197), (1,16816), (1,18387), (1,2868), (0,9972), (2,1047), (1,3288), (2,539), (1,17146), (3,2654), (1,17693), (1,16319)
vendidas	(0,8211)
plegarias	(1,7906)
arrancarse	(2,5913), (3,222)
updated	(4,8915), (1,17), (3,3030), (0,13731), (1,18983), (2,8059), (5,8882), (3,17)
aranjuez	(2,4643), (0,3592), (1,15887)
envidada	(1,4701)
falaz	(5,3352)
preservara	(4,8397)
derechospor	(0,9112)
sueldos	(0,791), (2,6651), (4,4575)
socorros	(0,804), (0,791), (3,2940), (1,7708), (3,2959)
medrado	(4,5501)
escucharme	(1,13884)
subiendose	(1,8564), (1,9860), (1,5801)
expresarse	(2,4614), (5,4845), (2,6957), (5,7105)
descolgar	(1,14687)
forzaron	(1,13112), (1,10716)
cubriendo	(2,7989), (1,17482), (5,994)
entreteniendo	(1,15475)
rascandose	(0,10597), (1,18391)
ronquido	(2,5624)
bunuelos	(2,1946)
visitabanse	(2,993)
circes	(1,17480)
alcazar	(1,12709), (2,4989), (1,349), (2,4975), (1,5998)
europeos	(3,839)
peripecia	(5,5408), (5,1634), (5,7250)
agradecieron	(1,5290)
finisima	(2,3527)
saltando	(4,388), (0,4819), (3,798)
correspondientes	(2,805), (3,2456), (3,2988), (3,2478)
pasaporte	(5,5228), (5,5039)
imposibilidad	(0,624), (1,14321), (1,15665), (3,2506), (1,5834)
consultaba	(3,1544)
abreviase	(1,4185)
anzuelos	(0,3874), (0,6195), (0,9811), (0,6196), (0,9812), (0,6696)
despertallo	(4,1933)
socorran	(1,1121)
atrevia	(1,12980), (0,7894), (1,2028), (1,12989)
blasone	(1,15808)
solicitan	(3,2117), (5,1261)
atrevio	(1,10850), (1,12594), (3,726), (1,5094), (0,6456), (1,4923), (1,9931), (1,17227), (1,10172), (0,8270)
solicitar	(1,1633), (1,2402), (5,4054), (1,4179), (5,2649), (5,5466), (1,7307), (5,7072), (4,7280), (5,659)
vidriera	(1,7969), (1,8609), (1,8357), (1,235), (1,8622), (1,8047), (1,8559), (1,8368), (1,8241), (1,7988), (1,8181), (1,8440), (1,8314), (1,8445), (1,7616), (1,8192), (1,8001), (1,8322), (1,8325), (1,8075), (1,8204), (1,8528), (1,8337), (1,8530), (1,8403), (1,8598), (1,8028)
desenmascarar	(2,2788)
rancios	(2,3191)
excesiva	(5,4173), (2,5180), (5,257)
friolos	(1,1888)
escucharlo	(0,7089)
remitirlo	(0,13215), (1,1713)
marque	(0,11551), (0,10944), (0,11552), (0,11490), (0,11523), (0,11526), (0,11463), (0,9675), (0,11339), (0,11212), (0,11504), (0,11409), (0,11412), (0,11422), (0,11550)
1500	(3,3314), (0,14017), (1,19267), (2,8343), (4,9197), (5,9166)
escucharle	(1,9667), (1,9670), (0,7532), (1,9983)
noroeste	(0,11423), (0,11523), (0,11525), (0,11430), (0,11368), (0,11561), (0,4716), (0,11534), (0,11535), (0,11536), (0,11505), (0,11507), (0,11478), (0,10935), (0,11511), (0,10488), (0,5594)
enhiestas	(4,6535), (4,8450)
corporal	(4,6453), (5,1535), (4,8334), (1,7132)
remitirla	(3,392)
asignaturas	(5,3961)
1504	(5,6573)
remitirle	(1,2460)
servirlos	(1,1664), (1,7649)
topariamos	(0,6257), (0,6281)
dirigiose	(2,8036)
seteno	(1,10720)
experimentasen	(5,5533)
anadiendo	(1,17446), (1,3399), (1,4425), (3,2508), (1,18571), (1,16908), (3,1679), (3,2066), (3,1588), (3,1525), (0,2131), (1,7284), (1,7030), (1,1751), (1,15577), (1,3194), (3,2974), (3,1505)
consultado	(0,7409), (1,966), (0,5046), (5,5355), (0,7176), (0,7224), (5,7795)
maguegua	(3,1791)
jubones	(1,1127), (1,10958)
rescatarian	(1,3175)
mandamiento	(0,2817), (1,15573), (1,4295), (0,5382), (1,10271)
1511	(5,6738)
resgates	(0,7807), (0,6754), (0,7906), (0,10114), (0,6885), (0,7430), (0,10310), (0,7623), (0,7624), (0,8104), (0,8712), (0,7818), (0,6379), (0,10123), (0,6828), (0,8140), (0,10412), (0,7053), (0,8462), (0,5712), (0,10226), (0,9015), (0,9239), (0,8187)
manejo	(3,1314), (2,1890), (1,7859), (5,4716), (5,2046)
1518	(0,11811), (0,11802)
desocupo	(1,15587)
dislocar	(5,2405)
atravesamos	(0,10613), (0,10429)
terrorifico	(2,5038)
apreta	(4,8040)
apretando	(2,5975), (1,12447)
suplicarte	(1,1069)
piedad	(2,865), (5,7048), (5,2795), (5,7029), (2,3827), (1,13746), (4,632), (5,3323), (2,7768), (1,8759), (5,1981), (5,1055), (2,7741), (2,1054), (5,2306)
1525	(5,6548), (0,13249), (0,13067)
incidentes	(2,5211), (5,3585)
1523	(4,164), (3,699)
1522	(0,11815)
memorias67dejar	(5,5462)
1521	(0,13474)
repartidos	(5,3034), (0,4507)
aprete	(2,4326)
apreto	(1,10720), (1,10537), (2,7421), (2,3374), (1,15549)
habialas	(2,7427)
ultimamente	(5,7829), (3,1303), (3,2169), (1,13927), (2,1565)
1529	(4,198)
fantescas	(4,4742), (4,2127), (4,7329)
1528	(4,171)
1527	(4,165), (0,13484)
1526	(0,13183), (0,11827), (0,13475), (0,13060), (5,6558), (4,190), (3,701)
surcando	(5,2013)
gentuza	(2,4691)
ordenanzas	(0,1345), (1,1811), (1,5331), (0,148), (0,1307), (1,5180)
socorrer	(0,6655), (0,8387), (4,7081), (3,2939), (0,5832), (0,9177), (1,13754)
colecde	(0,11931)
sanguinarios	(2,2338)
socorren	(2,1688), (1,5193)
acevedo	(1,2866), (1,2564), (1,2565), (1,2823)
ficticia	(2,7478)
1536	(0,13254), (5,6684), (0,13001)
1535	(0,13268), (0,12997), (3,703)
1534	(0,12994), (0,12987)
ignorantes	(1,18087), (2,1548), (1,8123), (5,5155), (1,5263), (1,16863)
1533	(4,214), (4,201), (4,218), (0,12983)
1532	(0,239), (0,12976), (0,13063)
1530	(5,6739)
beat	(4,1030), (4,999), (4,777), (4,1003), (4,844), (4,1007), (4,976), (4,851), (4,1012), (4,889), (4,921), (4,953), (4,985), (4,858), (4,3996), (4,990), (4,831), (4,863), (4,1024), (4,994)
arrancarle	(5,5157), (5,898), (2,4176)
atreves	(1,3971)
apreso	(3,969)
socorred	(4,527)
fuese	(0,9280), (4,6085), (4,6598), (1,17445), (1,550), (0,583), (1,1064), (4,7117), (0,7753), (1,8236), (1,8749), (0,7759), (1,4149), (0,12886), (0,2649), (4,4573), (4,6111), (0,7771), (0,8795), (0,7772), (5,6088), (5,3017), (3,521), (4,7667), (1,2643), (0,6261), (0,4730), (0,8828), (5,3554), (4,1027), (0,8833), (4,2566), (1,10851), (0,10372), (1,4710), (4,8201), (1,6247), (0,10374), (1,11369), (0,8330), (1,14956), (1,12913), (0,6802), (1,15988), (1,4215), (1,13946), (3,575), (5,4097), (1,11389), (1,1150), (0,6817), (0,6818), (0,6821), (4,6699), (1,2185), (1,9354), (1,5259), (1,6287), (4,567), (0,7347), (5,2585), (1,4247), (2,124), (2,642), (0,3264), (0,3776), (2,2179), (4,4681), (1,4774), (1,14503), (0,7879), (1,18603), (2,141), (0,8395), (5,4145), (1,11950), (0,5839), (0,6354), (0,7893), (5,2620), (0,6360), (1,9401), (1,11961), (0,7899), (1,11454), (0,8415), (2,6307), (0,7393), (1,11970), (1,12484), (4,8809), (0,7397), (4,623), (1,15564), (1,6349), (1,10446), (1,719), (1,4305), (1,9938), (1,5843), (0,7411), (0,7417), (0,6909), (1,6368), (0,7424), (0,258), (1,12518), (1,16615), (1,6893), (1,7918), (0,6927), (0,3856), (1,2803), (1,15091), (1,1781), (1,14581), (0,7448), (4,1693), (0,7449), (1,3837), (4,678), (1,9989), (0,9000), (4,2221), (0,8489), (5,655), (1,5899), (4,8366), (1,16652), (1,17166), (0,5424), (4,7350), (0,5427), (1,1817), (0,13114), (1,1820), (0,8507), (5,674), (0,8510), (1,18210), (4,6342), (0,1859), (4,8391), (0,11077), (5,4274), (0,8527), (1,13104), (1,14129), (0,2897), (0,6999), (1,9022), (0,2912), (4,4324), (3,1796), (1,6469), (0,10084), (0,8549), (1,9542), (1,9544), (4,3310), (0,3949), (5,5330), (0,3950), (1,13649), (1,10578), (1,5972), (2,2870), (4,3832), (0,373), (1,6999), (0,10106), (4,3843), (1,17248), (1,15201), (4,2309), (0,4481), (1,7524), (1,15204), (1,7013), (4,4361), (0,2953), (0,9609), (0,6542), (1,15219), (5,1278), (5,3839), (0,7067), (4,7970), (0,7073), (1,13698), (0,6562), (1,17795), (5,265), (0,932), (1,9605), (0,933), (0,8614), (4,4907), (0,4007), (5,1805), (0,2474), (2,877), (2,1389), (5,4369), (1,3982), (1,6034), (1,13716), (0,8121), (0,1466), (0,1471), (5,2340), (5,1829), (0,8130), (0,8134), (1,15784), (5,3374), (1,10155), (4,4945), (0,8656), (0,8149), (0,7131), (0,8156), (0,8157), (0,4574), (4,7010), (1,3521), (4,7013), (1,10693), (1,10697), (4,4463), (0,8171), (5,3921), (1,10190), (5,7509), (1,8147), (0,2035), (1,18388), (3,1431), (1,11221), (1,17368), (1,18394), (3,430), (1,12780), (1,17903), (1,17905), (3,2484), (0,10769), (3,2487), (1,13814), (0,7190), (1,14328), (0,10776), (1,14843), (0,3099), (1,14849), (1,14340), (1,4101), (4,4522), (1,12297), (4,3502), (1,7694), (2,1520), (1,7696), (1,16913), (5,2458), (5,6554), (1,11293)
1539	(0,12897), (0,11866), (3,704), (0,1038)
atreven	(3,1394), (4,7971), (2,2323), (1,18263)
1538	(0,1039), (0,13009), (0,11866), (0,1038)
1537	(0,13267)
asensio	(0,11649), (0,11697), (0,12141)
vecindario	(3,2963), (3,2920)
dominantes	(5,3490)
creian	(5,7851), (0,489), (1,13146), (0,858), (5,4960), (5,4129)
barloar	(0,5030)
bolas	(2,2311)
formularon	(5,2999)
jadeando	(1,5395)
recibidas	(5,3615)
1547	(0,2414)
acatandola	(5,1758)
1546	(0,13123)
removidos	(0,1198)
1545	(0,11348)
1544	(0,13498)
enojos	(1,18469), (1,17046)
1543	(0,2527), (0,2703), (0,2705), (0,3025), (0,13122), (0,211), (0,13351), (0,2968), (0,427), (0,2507)
1542	(0,1539), (0,13348), (0,2408), (0,2411), (0,13389), (0,273), (0,2418), (0,2163), (0,1975), (0,11929), (0,2074), (0,413), (0,2046)
redacciones	(2,4151)
1541	(0,241), (0,1026), (0,13014), (0,1035), (0,11868)
1540	(0,13013), (0,12967)
aprisionaban	(5,5182)
convido	(4,4260), (2,4418), (2,5604), (3,2167), (4,6714), (0,7990), (4,2076), (2,7580)
prendian	(1,17093)
1548	(0,521), (0,2425)
escandalizarla	(0,2602)
meca	(4,6350)
1561	(0,598), (0,618)
1560	(0,576), (0,3579)
colono	(5,2013)
sacudir	(1,4176), (1,8547), (3,1414), (5,2621)
1555	(5,5749)
1553	(0,13283)
aplaudido	(2,2346)
exacerbandose	(5,6805)
prendido	(0,8608)
colona	(4,6148)
hospital	(1,16098), (1,16229), (1,17445), (1,16102), (1,16134), (1,18118), (1,15719), (1,17447), (1,18184), (1,18121), (1,16235), (1,18224), (0,1329), (1,16114), (4,3448), (1,17397), (1,17366), (4,6747), (1,11704), (1,17752), (0,1336), (1,15738), (4,6527), (1,17439)
mauridaca	(0,10021)
1559	(0,562), (0,5618), (0,3178)
parrafo	(5,840), (5,7113), (0,614), (2,41), (5,2514), (2,7087), (5,791), (0,13139), (5,4857), (5,4314), (2,6809), (5,7134), (5,3683)
fuero	(0,5525), (0,2038), (0,2090), (0,13034)
maltratados	(1,4601), (1,4697)
bebe	(1,9792), (4,6294), (4,7078), (1,15075), (4,7623), (4,3673), (4,2827), (4,1645), (4,1647), (0,8685), (1,10990)
beba	(4,6916)
soliciten	(3,2521)
agnusdei	(1,7796)
manuscritos	(5,6022), (5,6182), (5,4712), (5,5355), (5,6251), (5,6013), (5,6189), (5,6685), (5,5727), (5,6464)
1568	(0,13300)
fuera	(0,9283), (5,1449), (0,2628), (1,5673), (2,524), (5,2480), (1,5677), (3,496), (4,2515), (1,2615), (0,5208), (1,4156), (1,10300), (0,10844), (1,2110), (1,10303), (2,5669), (0,5219), (5,969), (0,4197), (0,10853), (4,1515), (4,3051), (1,3144), (0,11369), (0,9836), (1,11341), (1,14417), (5,6104), (1,11349), (1,4702), (3,2081), (1,8801), (0,3202), (1,9828), (2,5194), (1,618), (1,15980), (1,12398), (4,5651), (1,3185), (3,564), (4,5653), (1,11378), (1,15474), (1,8308), (0,9880), (2,4190), (2,7262), (1,126), (1,14979), (1,17031), (1,9865), (1,9867), (1,11917), (2,2165), (1,3734), (2,3192), (1,8856), (4,7228), (1,18073), (1,17562), (0,9914), (2,640), (2,2176), (1,2721), (2,7810), (0,9920), (1,16549), (4,2636), (1,9897), (0,9930), (4,2129), (1,175), (1,11956), (0,2772), (1,4277), (1,16053), (2,2712), (2,5788), (1,4799), (1,13506), (4,2662), (4,1639), (5,585), (2,685), (2,686), (1,8397), (1,15053), (4,1649), (1,12494), (4,1149), (5,2660), (1,4322), (0,2820), (1,11495), (5,2158), (1,18155), (4,1167), (2,2765), (0,2827), (1,5357), (2,2256), (1,16111), (1,2288), (0,10513), (0,2324), (2,2263), (1,10491), (0,9504), (4,678), (0,9506), (1,6404), (1,10500), (0,2852), (1,15622), (4,7342), (1,16653), (4,6322), (0,7982), (2,5363), (1,12567), (4,6331), (4,6332), (1,3867), (1,18203), (1,1311), (1,16675), (5,5289), (1,6438), (0,9029), (5,5805), (2,7439), (1,1840), (4,4307), (1,14130), (1,5943), (4,7898), (2,793), (1,18232), (1,11065), (1,3901), (2,7966), (0,10080), (0,4961), (4,1256), (1,1861), (0,7525), (1,1865), (0,2922), (1,3915), (1,15180), (2,1331), (2,2867), (4,6901), (1,8532), (1,10581), (1,11093), (1,17238), (2,5947), (1,9054), (1,9056), (1,3939), (1,17763), (1,14692), (4,2824), (0,10628), (1,10598), (1,15719), (1,16231), (5,4332), (2,5962), (3,1326), (2,5965), (2,6991), (2,8015), (3,1329), (4,3858), (0,7566), (1,5488), (1,14192), (4,3860), (2,4438), (2,2904), (1,14711), (1,2424), (3,1340), (5,1278), (1,9599), (2,2914), (0,8610), (3,838), (1,14724), (1,7559), (4,4395), (0,4008), (0,10666), (1,8589), (2,884), (1,18324), (1,18844), (1,13213), (4,1858), (0,10687), (1,11171), (1,18339), (1,16810), (4,336), (4,4945), (1,5553), (1,13745), (0,10705), (0,5586), (1,9651), (0,10707), (1,1975), (0,6102), (0,10198), (4,347), (4,1885), (0,6108), (5,7489), (1,4030), (1,17343), (1,1989), (1,18889), (1,6604), (0,10731), (1,1997), (4,4466), (2,6064), (4,7027), (1,16338), (1,16339), (4,377), (4,6521), (1,6614), (1,4567), (0,8695), (2,6078), (1,2526), (0,5630), (1,8160), (1,4068), (1,18919), (4,4491), (0,4617), (0,10764), (1,6128), (1,14320), (1,15345), (2,2515), (0,5139), (0,5651), (1,12276), (0,6164), (1,15350), (1,11255), (0,3095), (1,3065), (4,927), (0,7707), (4,928), (1,11778), (1,11779), (1,6150), (1,4111), (0,9774), (2,5106), (4,1974), (3,982), (1,5653), (1,14870), (0,9782), (1,9240), (4,2492), (1,16409), (1,11291)
1567	(0,13395)
1565	(0,10818), (0,13444), (0,9190), (0,10086), (0,6856), (0,11656), (0,6125), (0,13453), (0,7310), (0,11601), (0,12115), (0,9364), (0,13397), (0,12119), (0,13625), (0,6298), (0,11802), (0,11612), (0,13436), (0,13469), (0,11582)
1564	(0,12065), (0,13441), (0,5507), (0,12099), (0,5956), (0,5988), (0,9542), (0,5671), (0,840), (0,9199), (0,13327), (0,13366), (0,5847), (0,4216), (0,5945), (0,12089), (0,9533)
1563	(0,13391), (0,621)
audace	(4,8339)
explotados	(5,1809)
favoreciendo	(5,2295), (4,301), (5,2832)
mear	(4,6950)
fuere	(0,1088), (1,16161), (0,1603), (1,14884), (1,13606), (0,2118), (0,5191), (0,1102), (0,2383), (0,4432), (0,1106), (1,1587), (0,4435), (3,2553), (0,1111), (0,5465), (1,11578), (0,3163), (1,6204), (1,6206), (0,9054), (0,3935), (1,13633), (0,9320), (1,5706), (0,9578), (0,363), (3,2576), (1,14928), (0,1907), (1,11604), (1,17502), (2,2368), (0,3710), (1,13921), (0,6786), (0,1672), (0,5773), (0,2958), (0,3214), (0,1936), (0,5777), (1,16759), (1,13945), (0,4761), (1,15995), (0,3227), (0,5534), (0,1698), (0,4005), (0,5546), (0,5547), (1,5517), (0,1711), (0,1712), (0,4531), (0,2229), (5,3098), (0,2240), (0,2245), (0,1223), (1,16296), (0,2766), (0,3790), (2,6547), (0,3794), (0,2774), (0,2011), (1,13248), (1,10945), (0,1506), (0,2019), (0,4323), (0,5091), (0,2020), (1,17862), (0,1255), (1,16331), (0,2287), (1,7632), (0,1269), (4,4473), (0,2551), (0,4092), (0,4604), (0,5119), (1,10720), (0,2304), (0,4354), (0,2307), (1,7396), (0,1809), (1,4854), (1,5878), (4,7323), (0,3609), (0,1306), (0,1575), (0,3369), (1,14095), (0,1583), (3,979), (0,1841), (0,1074), (0,5690), (0,9275), (0,5692), (0,5182)
bebo	(1,9795)
conduto	(0,8432)
suplicaron	(1,7596), (1,4382)
acabad	(1,14083), (1,14070)
justicias	(0,1253), (0,2029), (0,2701)
volcanes	(5,1177), (3,2153)
ajuntando	(0,6653)
diversa	(0,198), (0,13373), (5,2995)
edificar	(5,6135), (5,4993)
trababan	(1,2592)
oculta	(2,6705), (5,7412), (1,11568), (3,1172), (2,4362), (2,6716), (2,6813), (2,1262)
sentada	(1,6610), (1,14562), (1,3347), (1,18595), (1,7348), (1,3942), (5,7550), (1,13215)
pujen	(4,4264)
befa	(2,6293)
diverso	(5,4809), (5,5296), (5,979)
1579	(3,2283)
acabar	(1,5792), (1,9379), (1,18085), (1,7849), (1,9961), (1,18283), (1,3376), (0,3793), (1,18163), (5,3967), (4,7328), (0,8540), (1,15677), (4,2918), (1,13571), (1,2693), (1,4229), (1,3400), (1,1737), (1,2314), (5,5329), (4,7280), (1,7121), (1,3282), (1,11863), (1,13406)
dentender	(0,2859)
acaban	(2,2369), (0,2847), (1,8544), (4,8277), (1,612), (1,8535), (2,4713), (5,3245), (1,17693), (1,16831)
tiranias	(2,346)
atrevan	(1,4986), (0,5227), (1,95)
poniendolas	(0,4833)
veranos	(1,10811), (1,7932)
pesarle	(2,3214)
sentado	(2,7937), (1,9216), (2,4034), (1,16485), (5,874), (1,11784), (1,12906), (1,16778), (1,15631), (5,7508), (2,947), (1,3125), (2,4407), (1,15351), (1,17977), (5,6143), (2,3710), (5,482), (1,15646)
alentados	(5,1188), (1,17886)
embiandole	(0,5702)
ahondo	(5,648)
movilizacion	(5,1238)
producir	(5,7364), (5,5061), (2,4902), (5,442), (2,3677), (2,6831)
1593	(3,2286)
consumacion	(5,2870), (5,4472)
ponderes	(1,1693)
prensa	(2,4146), (1,16963)
pilotoorig	(0,11594)
pesarme	(1,1945)
1587	(3,2285)
hurtarle	(1,2624), (1,13291)
oculto	(2,1297), (3,1650), (2,6033), (5,4150), (3,2028), (5,6368)
disuadirle	(1,1819)
1584	(5,5755)
colmillo	(1,5224)
entendemos	(0,9488), (0,9254), (1,4104), (1,4968), (1,5002), (2,1836), (0,9498)
precaverse	(5,867)
renimos	(4,6102)
predicadas	(5,3475)
altobelo	(4,7360)
impregnado	(5,5976), (5,5038)
tocaron	(5,1717)
daremos	(0,3952), (0,1249), (1,5202), (0,1236), (1,1592), (4,5611), (1,585), (2,6907), (4,8781), (0,1293)
lucientes	(1,426)
apercebida	(1,14025)
truecase	(5,806)
despuntaras	(1,915)
entregase	(1,3652), (1,4180), (1,10452), (0,9272)
1599	(3,2228), (3,140), (3,2286)
redundasen	(1,15347)
fatigarse	(5,6689)
gutenbergs	(1,19248), (2,8324), (5,8873), (5,9147), (3,3295), (4,1)
escocia	(1,6227), (1,7110)
alentar	(1,18691)
cartapacio	(1,16210), (1,16770), (1,17987), (1,17980), (1,16221)
piensos	(1,8231)
manuscritas	(4,176)
convite	(4,7444), (1,15764), (4,7417), (4,5627), (4,2157)
aterrado	(5,4701)
nerviosa	(5,5061), (5,7719)
adereszando	(0,950)
meneado	(4,1932)
culebreaba	(2,7720)
haciendoles	(0,4320), (0,4663), (0,4904), (0,5241), (0,5289)
silbato	(1,5380)
jabega	(1,10853)
nervioso	(5,3748), (5,935), (2,1013), (2,7275), (2,6720)
tesoreros	(2,557)
meet	(3,3333), (4,9222), (1,19286), (2,8362), (0,14042), (5,9185)
determinacion	(2,5698), (1,9316), (1,13156), (1,18727), (1,10536), (1,15016), (1,1068), (1,11373), (1,10862), (1,4210), (1,2227), (1,11123), (5,5497), (0,8597), (1,18934), (1,2359), (1,7424), (1,4226), (3,2054), (1,7046), (1,18054), (0,167), (1,4170), (1,7500), (1,12302), (1,13136), (1,7185), (1,6162), (2,1014), (0,2613), (1,16986), (1,4379), (1,16027), (0,7227)
aterrada	(2,5880)
bigarradas	(4,2927)
bellacon	(1,18433)
donosamente	(2,7329)
detallando	(0,294)
norteamericano	(5,5653), (5,2416)
bellacos	(4,3765), (4,2088), (1,11350), (4,4512), (4,7376)
amarrados	(0,10207), (0,9931)
pesaron	(0,657)
represalia	(5,822)
debiendo	(0,162)
domingo	(0,10943), (3,2148), (0,11074), (0,11076), (0,10949), (0,11209), (1,6059), (4,6224), (5,3762), (0,8657), (0,10066), (0,9684), (0,6742), (0,6231), (0,10967), (0,11353), (0,10845), (0,11236), (5,3659), (0,11110), (0,9575), (1,8014), (0,9711), (4,2934), (4,6264), (4,1146), (0,11001), (5,3680), (5,2786), (0,11135), (0,9733), (0,9606), (1,5994), (0,11275), (1,5997), (0,11276), (0,7310), (0,9871), (0,11023), (5,3959), (0,6291), (3,2616), (0,9752), (0,11164), (0,11420), (5,1157), (0,11557), (1,6023), (0,11049), (0,9642), (0,9899), (5,5906), (1,6035), (0,11188), (0,11318), (0,11191), (0,11192), (0,10044), (1,6047), (0,9662)
gartan	(3,1561)
insectos	(2,2217)
acaben	(2,5460), (0,3235), (1,3685), (0,3525), (0,3628)
norteamericana	(5,1259), (5,1660), (5,5116)
convino	(0,6464), (0,5570), (0,5578)
galana	(4,7460), (0,10786)
segumadera	(0,10026)
vendiese	(1,17280), (0,8909)
caviloso	(2,3416), (2,3784)
deplorara	(5,1858)
haraganes	(4,6567)
contentamiento	(0,9249), (0,6755), (0,7591), (0,8013)
crimine	(1,8425)
carezca	(0,4079), (2,2757)
coloco	(5,254)
incontinente	(4,8330)
fatigaron	(1,7949)
incontinenti	(4,7042)
mariman	(3,1487)
ponderar	(1,6720), (1,16034)
pesaria	(1,10053), (1,2217)
ponderan	(3,212)
serenidad	(2,7313), (2,6695), (5,5853), (5,2846), (2,5676), (2,7294), (2,2159)
confusion	(5,676), (2,3491), (1,17442), (1,8611), (1,9123), (1,10403), (1,17157), (4,3626), (2,2634), (1,17129), (1,4266), (4,8463), (1,4271), (4,8435), (4,8531), (1,2065), (1,17778), (1,18771), (1,16340), (1,11445), (1,6838), (1,2455), (4,3614), (2,4383)
atestada	(1,5375)
operas	(2,3186), (2,3238)
pasastes	(0,3151)
consternacion	(2,4193), (3,1377)
conclave	(1,18019)
dominio	(0,2945), (3,1223), (0,9476), (3,1648), (3,2896), (5,3639), (5,6169), (2,856), (2,1720), (3,2906), (3,1948), (0,923), (5,2627)
contaremos	(4,5565)
escoces	(2,2419)
tocarse	(0,580)
alquitran	(0,3766)
cronica	(5,7609), (5,7914), (5,7611), (5,7915), (5,7918), (5,7935)
tanteasen	(0,11663), (0,11617), (0,11661)
demostracion	(1,1948), (0,158)
olorosos	(1,18359)
requiero	(0,2608), (0,2545), (0,2692), (0,2550), (0,2695), (0,2824), (0,2666), (0,2938), (0,2606), (0,2654)
cebaron	(2,7732)
alzasen	(1,9008), (1,4193), (0,8484), (5,3516)
profundos	(5,5941), (1,14065), (5,5160), (5,953), (5,4281), (5,3315), (5,3635)
sucediesen	(0,4483), (0,8557)
quiebre	(1,17641)
fatigarme	(1,6608)
quiebra	(1,17640), (4,1825)
escatimaron	(5,1462)
resciviesen	(0,7147)
requiere	(1,4481), (1,8497), (1,7141), (0,13109), (0,2342), (0,4823), (5,7725), (0,2891), (1,3820), (0,2908), (0,2653), (0,2094)
continuadores	(5,4812), (5,4994)
exaltados	(2,4369), (2,6852), (5,2921), (2,6711), (5,6573), (2,6783)
cortesanilla	(4,1345)
alfombras	(1,15879)
codos	(2,3995)
litigiosa	(5,2959)
president	(5,2326), (5,8419)
utilizada	(0,45)
amagos	(2,362), (5,4578)
sosegad	(4,8587), (1,13192)
agrande	(5,4125)
apeado	(1,12769), (1,14206)
valiente	(2,130), (2,2690), (2,5667), (1,5986), (5,3433), (5,970), (4,4044), (1,14313), (1,17257), (1,17226), (1,6571), (4,6481), (1,6446), (1,17262), (1,4561), (2,5266), (1,3731), (0,10098), (1,17209), (1,3678), (2,5055)
infesta	(2,2285)
arsenales	(5,3464)
pescan	(0,3873)
caxcos	(4,6629)
piensen	(1,12225), (5,349)
bene	(4,8010)
pescar	(1,370), (0,9810), (3,2041), (0,10631), (0,11575), (1,10428), (1,17087)
pienses	(2,3777), (1,3105), (1,2211), (2,2890), (1,18619), (1,4093), (1,2222)
morian	(3,1348)
almojarifazgo	(1,4785), (1,4980)
resurreccion	(5,1060), (0,8370), (0,8402), (1,16229), (1,16102), (1,15719), (5,2686), (0,8430)
cabiendo	(3,1350)
christianas	(0,2577), (0,2593), (0,2583)
moriar	(5,1168)
berraco	(4,5554)
desato	(2,3553), (2,1748), (0,6458)
lanzadera	(4,447)
designado	(0,592), (5,3238), (5,377), (2,6662), (5,6971), (5,1920), (0,205)
hallam	(5,8281), (5,6643)
hallan	(1,7008), (3,1411), (3,2083), (5,7782), (3,2410), (5,7724), (3,1643), (3,2897), (4,7315), (1,10800), (3,2037), (1,11315), (3,1398), (1,8694), (4,8413), (5,6175), (1,16925)
espetaba	(2,1708)
designada	(5,1883)
hallas	(2,1617), (2,3061), (1,16317)
moviesen	(1,4547), (1,6904), (3,2893)
proclamar	(5,292), (5,1196), (5,1261), (2,2554)
hallar	(4,6083), (3,870), (1,1063), (0,6152), (4,2132), (4,1046), (0,6738), (3,310), (1,7988), (1,10359), (1,6904), (5,7933), (1,18170), (1,4220), (0,6237), (1,4671), (3,450), (5,6916), (4,7909), (1,6594), (0,7330), (1,9283), (0,9828), (4,5353), (1,13318), (0,9510), (0,10278), (1,13255), (1,9096), (1,15624), (3,203), (4,5228), (1,12745), (1,3210), (1,3724), (1,13644), (1,15884), (1,17932), (1,3406), (1,3024), (0,8111), (1,16017), (4,2422), (4,8444), (1,16090), (5,1823), (0,10106), (1,13151)
tipos	(2,6548)
bell	(5,3397), (5,8023), (5,3331)
proclamas	(5,5443)
sosegar	(1,4208), (1,9426), (1,7027), (1,9429), (1,14694), (1,13864), (1,8281), (1,13199)
idealistas	(5,4299), (5,4315)
colorados	(3,306), (1,11250), (3,1055), (3,1089)
alhaja	(4,4949), (4,5150)
busqueis	(1,12469), (2,2040)
puraya	(3,1747), (3,1744), (3,1777)
cencerros	(1,18404), (1,18522), (1,18399)
285296	(5,8461)
enmendarse	(1,16981)
musulmanes	(3,221)
abalorios	(3,1574), (3,871), (3,1324), (3,784)
dicimos	(4,7606)
producto	(2,5654), (5,7357)
ganges	(1,663)
meos	(4,8307), (1,8562)
espantaremos	(2,5293)
plantas	(0,3759), (0,3761), (1,8146), (1,1427), (3,378)
arrojando	(2,8005), (2,170), (1,4444)
plantar	(0,3762), (1,2973)
publicase	(5,5428)
desata	(1,8784), (1,9185), (3,1287)
enuncia	(3,2545)
plantan	(1,185)
surgimos	(0,10370), (0,10085), (0,10631), (0,10186), (0,10923), (0,6732), (0,10317), (0,6735), (0,10160), (0,10353), (0,6866), (0,9942), (0,10137), (0,10300), (0,10910)
ofelia	(5,839)
perdidoso	(1,12245)
borradas	(5,2450)
pretendia	(5,3333), (1,8290), (1,18020), (5,1850), (0,8421), (5,780), (5,7820), (1,2138), (1,15946)
aborrecimiento	(1,3059)
atenuada	(0,647)
sentaos	(4,3818), (4,924), (4,1710), (1,14684), (1,12221)
espetada	(4,6759)
casaronla	(4,7741)
hispalensispor	(0,1478)
pretendio	(3,809), (5,4749), (5,6240), (1,12493)
reveses	(0,763)
indultos	(5,7061)
recibidos	(5,936)
receptaculos	(5,3146)
ligaros	(4,1106)
mena	(0,12385), (0,9026), (0,8996), (3,1953)
publicara	(4,2053), (4,8624)
desparates	(4,5726)
edificio	(2,7745), (5,6405), (2,2211), (5,1159), (5,4200), (2,7589), (2,8005), (2,1574), (2,4903), (5,4044), (5,3375), (1,9677), (5,3154), (5,3730), (2,7759), (2,6064), (5,4084), (2,6069), (5,6363), (5,2784), (2,4925), (2,7165), (2,7134), (1,16797)
decadas	(5,8148), (5,6681), (5,6729), (5,6654), (5,6719), (5,6707)
perfeta	(4,7156), (4,4630), (4,7401), (4,8353)
banderas	(1,4273), (1,154), (1,16699), (1,4284), (4,6607), (5,3489), (0,13244), (1,6478), (4,6610)
codes	(4,9108), (2,8259), (5,9082), (0,13927), (3,3230), (1,19183)
conscienci	(2,1823)
delante	(1,3620), (1,15912), (0,8779), (1,11053), (1,1583), (0,6482), (2,277), (0,7251), (1,12596), (1,13876), (1,4406), (1,311), (3,2811), (3,1535), (2,6174), (1,17726), (1,15426), (1,11077), (4,6637), (1,5451), (2,3373), (1,14416), (4,5630), (1,7524), (1,9060), (1,1895), (4,8458), (1,8295), (1,12395), (1,9580), (4,2577), (5,1781), (1,9329), (1,14963), (4,2329), (4,6425), (4,6172), (1,14201), (1,17790), (0,9635), (4,7979), (0,6057), (4,6453), (1,16022), (2,6520), (1,12442), (1,4765), (1,17054), (3,868), (1,5795), (0,8388), (0,7880), (0,5833), (2,4492), (0,6348), (2,3984), (1,18352), (1,6322), (0,10194), (1,6837), (1,8374), (1,13238), (2,3228), (0,3548), (1,5566), (0,8926), (1,18117), (4,1390), (2,7342), (1,1488), (1,15056), (1,7123), (2,3257), (4,6011), (2,1467), (1,6877), (0,8958), (0,6145), (1,17896), (1,9194), (1,13802), (1,16874), (1,18922), (1,8171), (0,6418), (1,8435), (1,7415), (1,14586), (4,929), (4,4515), (2,7651), (1,15874), (1,4100), (1,16132), (4,1963), (1,5642), (1,15882), (5,1935), (1,5131), (1,8459), (1,4620), (1,13327), (1,3088), (2,3825), (1,3092), (2,3829), (1,9236), (4,5305), (4,7097), (1,11034), (0,8510)
sepultada	(1,9360), (1,10602), (1,17531)
pizarro	(0,12432), (3,94), (3,2175), (0,13005)
poniendoles	(3,868)
encomiastico	(5,7562)
guardados	(1,4613), (1,2569), (5,2770)
intermedio	(5,4081), (3,545)
pizarra	(1,10910)
tocarme	(1,14907)
vellos	(0,10598)
estampar	(5,2380), (5,6816)
downloading	(0,13809), (3,3111), (1,19064), (2,8140), (4,8994), (5,8963)
duraran	(5,2251)
piensan	(2,1121), (4,8340), (3,820), (4,4757), (4,5381), (4,2375), (1,15108), (4,5384), (1,18245), (4,5994), (1,8669)
enfria	(4,2630)
busquelo	(4,6098)
international	(1,19297), (2,8373), (0,14053), (5,9196), (3,3344), (4,9233)
oculos	(4,8307)
bergamascas	(4,3020)
hechuras	(1,5986)
perfeto	(4,7694)
hallen	(0,5264), (4,8548), (0,5226), (1,15101), (0,5214)
surgiamos	(0,6342)
halles	(1,16853), (4,1137)
anadones	(4,5895)
obedezcan	(4,3322), (1,15834), (0,5466), (1,9182)
detestables	(2,482)
escusaramos	(1,17458)
sepultado	(1,10432)
professor	(0,14064), (5,9207), (3,3355), (4,9246), (1,19308), (2,8384)
sentara	(2,1000), (1,8362)
limitase	(1,17345)
diariamente	(2,4348), (5,688), (2,607), (5,6146)
esteban	(0,13697), (0,9026), (0,12451), (0,868), (0,13669), (0,5960), (0,13609), (0,12490), (0,11499), (0,13552), (0,5969), (0,13425), (0,12819), (0,13398), (0,13465), (0,12094)
nortes	(0,3688)
enojados	(1,18520), (1,15115)
bendiciones	(1,15587), (1,9348), (1,469), (5,7306), (1,8975)
considerados	(0,143), (5,1694), (5,3870), (1,9274), (1,17754), (0,9006)
lucero	(1,422)
frai	(0,725), (0,3110)
pujos	(2,5108)
desgobernacion	(2,1737)
placencia	(3,2237)
impresionante	(5,7410)
mesy	(5,317)
sentase	(5,7270)
dominar	(5,2244), (2,3921), (3,214), (5,2027), (5,6396), (5,7346)
corrientemente	(5,7896)
mesa	(2,385), (2,705), (1,16672), (2,1604), (2,1222), (1,15590), (4,3533), (1,9194), (5,880), (5,7474), (1,178), (2,7316), (2,4054), (1,9269), (2,6487), (2,6104), (2,6105), (2,411), (2,3995), (1,8571), (1,9216), (2,804), (1,9222), (2,5040), (4,1715), (1,7696), (2,7410), (2,947), (2,4407), (2,7479), (2,2426), (1,13402), (2,2174), (1,12190), (2,6848)
argenteria	(5,3913)
declinacion	(0,13567)
monesterio	(0,8725), (1,2104)
regulating	(3,3330), (4,9219), (1,19283), (2,8359), (0,14039), (5,9182)
erasode	(0,3570)
dominan	(5,6795)
encordada	(1,9953)
tocarlo	(2,7910)
havidos	(0,2024)
guinea1	(0,162)
madrugadas	(1,16404)
mero	(5,7834)
firmantes	(5,445)
soplando	(1,3907), (1,2153)
ansiedades	(2,1876)
piensas	(1,6976), (1,3105), (2,3586), (4,4805), (1,3111), (1,11559), (1,3824), (1,7636), (2,1784), (4,4858), (4,7164), (1,3098), (1,3100)
pusieronsele	(1,943)
confiadamente	(5,1745)
desvaro	(4,4607)
guardadlo	(4,2008)
beso	(4,7301), (0,3203), (4,7305), (1,9126), (3,2729), (0,2505), (4,7949), (1,2603), (1,10668), (4,1424), (4,3858), (1,10095), (4,2644), (4,5588), (1,9841), (1,10097), (4,5334), (4,5079), (4,2783), (4,3875), (4,2788), (4,4070), (4,6632), (1,6410), (4,5104), (1,2831), (0,8623), (4,3252), (4,2806), (0,9971), (1,5849), (1,9945), (4,3325), (1,13467), (4,2687), (0,3324), (4,1026)
concerning	(4,8996), (5,8966), (1,19298), (0,14054), (3,3114), (5,9197), (2,8143), (3,3345), (4,9234), (5,8692), (5,4792), (2,8374), (0,13812), (1,19067)
pretenden	(0,13359), (0,5302), (3,2577)
asencion	(0,12563), (0,10923), (0,10926)
mera	(1,6003), (5,2666), (2,1611)
filida	(1,16492)
habiamos	(0,7711), (0,8417), (0,6244), (0,11430), (0,11239), (0,11271), (1,17609), (0,8940), (0,6256), (0,8368), (1,17362), (0,7635), (1,3292), (1,3294), (1,7326), (0,11421)
pretender	(5,7604), (2,3812), (2,554), (5,1885), (1,895), (1,10879)
pretendes	(2,3917), (1,8815)
merc	(4,489)
proveedor	(0,9582)
vestimenta	(3,1563)
anulase	(5,3789)
bese	(4,4533), (4,5207), (1,7484)
palpitante	(5,2132), (2,7732), (2,6742), (5,5949), (5,1455), (5,2879), (5,1122), (5,115)
deanes	(2,4805)
besa	(1,10198), (0,9526)
bebamos	(0,6896)
fraude	(3,242), (5,7653), (5,1850), (5,7578), (0,9125), (0,1885), (0,4573)
galazo	(4,5491)
arrimar	(1,813)
techo	(0,8607), (2,834), (2,1976), (2,2009)
acuerdos	(5,1605), (5,646), (5,3144), (5,217), (5,1825)
arriman	(1,18265)
exaltadas	(2,3814), (3,76), (2,4971)
disticos	(5,6922)
duraren	(1,2872)
vituperarse	(2,3846)
xliaqui	(4,8776)
hereje	(1,11525), (1,5066)
segaba	(1,17488)
entregado	(1,1104), (0,4271), (2,3187), (1,1670), (2,7929), (0,1592), (0,4520), (5,6334), (1,15322), (0,1594), (0,1994), (0,4314)
indispensables	(5,980), (2,4978), (3,2536), (2,3097), (5,6140), (5,3186), (2,6527)
alamos	(3,376)
alzarse	(5,6842)
carcajadas	(2,5467)
corromperlo	(2,2116)
meto	(1,5026), (4,3838)
desorganizado	(5,4687)
mandos	(2,7042)
vencedores	(5,1492), (1,2195), (5,1474)
recelarse	(3,2413)
repartireis	(0,4496), (0,4438), (0,2296), (0,4280), (0,4408)
torote	(1,11657)
71250	(2,16)
deshizose	(1,8463)
acometimiento	(5,4727)
requel	(0,7458), (0,8505), (0,5995), (0,12443)
fray	(0,3264), (0,3267), (0,3269), (0,13388), (0,3149), (0,5326), (0,5330), (0,12882), (0,5715), (0,3544), (0,5337), (0,6106), (5,962), (0,5854), (5,6341), (0,6240), (0,484), (0,2416), (0,9082), (0,9083), (0,13693), (0,6016), (0,12032), (0,2180), (0,6277), (0,5766), (0,13575), (0,137), (0,3210), (0,6154), (0,651), (0,5645), (0,399), (0,401), (0,402), (0,6162), (0,3347), (0,5652), (0,6292), (0,13076), (1,8568), (0,11927), (1,8569), (0,5786), (0,5660), (0,11294), (0,5407), (0,6303), (0,6179), (0,6310), (0,5677), (0,10798), (0,5683), (0,4148), (0,1847), (3,2143), (0,4158), (0,5822)
trino	(4,8301)
indulten	(2,6514)
meta	(4,4437), (1,5877), (0,5927), (4,6943)
necessitatem	(1,8255)
conociesedes	(1,13446)
mete	(2,3169), (4,6948), (4,4423), (4,8107), (4,5900), (4,5773), (4,6478), (2,6991), (4,4508), (1,5241), (4,3389), (1,10972), (4,6946)
remitio	(1,865), (0,561), (0,5841), (0,4091), (3,1633)
arguyendo	(3,540)
tocaran	(1,3792)
topograficas	(5,866)
fatigasen	(1,7664)
meti	(4,8423), (2,4326), (2,4330), (4,942), (4,2577)
remitir	(0,3185), (0,3077), (3,2832)
durado	(2,3411), (5,1031)
pelota	(1,2193), (1,1843)
perderemos	(2,6703)
caminasemos	(4,4251)
arreglando	(2,5574), (2,5724)
padecellas	(1,16832)
poniendolos	(2,3560)
canones	(3,1814), (5,2778), (2,864), (1,8447)
musico	(1,9761), (1,18529), (1,9891), (1,8484), (1,11876), (1,9895), (1,18410), (1,10027), (1,10030), (1,10287), (1,9968), (1,11889), (1,10418), (1,9908), (1,11892), (1,10294), (2,4121), (1,5754), (1,11773), (1,9664), (1,10434), (1,9731), (1,10180), (1,10190), (1,11790), (1,10128), (1,10320), (1,11667), (1,10455), (1,11865), (1,9756), (1,10461), (1,10399)
avisareis	(0,1958)
descuadernado	(2,5412)
empanadas	(4,2995), (4,2822), (4,2905), (4,2866)
escarnio	(2,6293)
poblazon	(0,6737), (0,9458), (0,6870), (0,4743), (0,6152), (0,6936), (0,7002), (0,7322), (0,7404), (0,8604), (0,7022), (0,8638)
floreciente	(5,1626)
habiendolos	(0,6674)
free	(2,8129), (1,19040), (5,9061), (5,8939), (4,8971), (1,19241), (4,9165), (1,19053), (5,9140), (3,3059), (4,8983), (5,8952), (0,13907), (2,8088), (0,13785), (0,13985), (1,19012), (3,3209), (0,13798), (4,8942), (5,8911), (3,3087), (2,8238), (2,8116), (3,3288), (3,3100), (1,19162), (2,8317), (4,9088), (0,13756)
rescivieron	(0,4328), (0,8888)
mandamientos	(0,2095), (0,1440), (4,8346), (0,2119)
protestacion	(0,2534), (5,2433), (1,18829)
rebellion	(5,8554), (5,3390)
ahinqueis	(4,1820)
propongan	(1,10369)
entredichos	(4,6915)
entregada	(1,12485), (0,5465), (1,13949)
atraido	(1,3063), (1,1967)
aveis	(0,3560), (0,3563)
peloso	(4,4210)
recinto	(2,3361), (5,585), (5,3081), (2,4976), (5,3700), (2,5204), (2,182), (2,1592), (2,1626), (5,1664), (5,4128), (5,4640), (2,1983), (2,5312)
tamanos	(4,744)
cerragero	(0,5457)
musica	(2,4164), (1,11876), (1,11173), (1,18533), (1,8230), (1,9830), (1,5799), (4,7307), (1,10216), (1,10026), (1,11179), (1,2293), (1,5749), (1,18485), (1,9849), (1,10169), (2,284), (1,5755), (1,12539), (1,6142), (2,288), (1,5759), (1,11203), (1,9669), (1,11718), (1,9675), (1,10443), (1,18379), (2,5613), (1,9868), (1,11788), (1,2254), (1,18515), (2,825), (1,18521), (2,827), (1,11866), (2,4156), (2,4094), (2,4926), (1,18526)
duraria	(5,2133), (0,10157)
perturbacion	(5,4683)
decorosamente	(2,615)
maravedi	(4,5380), (1,12245), (4,5548), (4,2398), (1,17293)
oigamos	(2,2193), (4,8114)
fuente	(4,6179), (1,10946), (4,6183), (5,6826), (1,12423), (5,6349), (5,8237), (2,1678), (1,10897), (2,7736), (4,6171), (2,4026), (5,5245), (1,7930), (2,188), (1,10907), (1,10909), (4,7617)
revocacion	(5,2196)
sucedidas	(5,94)
alcorcon	(2,6122)
cuchillo	(1,14321), (3,773), (1,16371), (1,5477), (1,4215), (0,10103), (1,4617), (1,13033), (5,7518), (3,765), (1,5358), (1,18670)
estriba	(5,1522)
arrestado	(5,3802)
cervatanas	(0,468)
estendiera	(1,158)
aclare	(0,5784), (1,17135)
disminuimos	(0,11122)
aportaren	(0,1254)
requia	(4,6325)
atenuaba	(5,2119)
ajusta	(2,2753)
loables	(1,4739), (1,1657)
movieron	(0,8337)
juaytierra	(0,10022)
ajuste	(1,1061)
vencedoras	(1,154)
aclara	(1,849)
aristocratas	(5,1401)
patentemente	(1,4788)
frey	(0,3328)
hidalguia	(2,6689), (5,7732), (1,17174), (1,5354)
albillos	(4,6168)
indultar	(2,6431)
matarian	(3,441), (0,6941)
aclaro	(1,16495)
tocaren	(1,5255)
cubrios	(2,5168), (1,18863)
albergaba	(5,5031)
frio	(2,7905), (1,17664), (1,18464), (1,10529), (1,18817), (2,5859), (4,4936), (1,7685), (4,3311), (1,10764), (3,719), (2,2576), (4,3316), (2,3797), (1,13012), (1,8826), (4,1889), (1,11903)
consentiran	(1,9361), (1,13937), (0,1884), (0,4572)
ajusto	(0,747), (5,2802)
fria	(4,6085), (4,3787), (2,4012), (2,1486), (2,1487), (2,6832), (4,7604), (4,7606), (1,2261), (5,6394), (1,13558), (1,14682), (1,17883), (1,18108), (4,1632), (4,8096)
agudillo	(4,4018)
atraian	(1,17496)
sangrientos	(5,527)
barbecho	(0,13036)
adiestrando	(2,4723)
calenturienta	(2,952)
picarones	(2,162)
obrarespondio	(5,1067)
estribo	(1,10947), (1,12964), (1,12902)
rapido	(5,1061), (2,7620), (5,6347), (5,5708), (5,256), (5,2979), (2,7728)
dentro	(5,1444), (2,5122), (0,579), (5,3497), (0,2631), (1,9768), (0,3146), (1,10284), (2,5651), (0,5201), (4,6103), (1,11316), (5,1978), (5,1469), (0,12888), (0,5209), (0,5211), (4,4588), (1,9805), (2,3125), (1,2134), (1,9815), (1,4187), (5,3042), (0,8829), (0,8832), (0,3202), (0,8322), (1,15972), (0,3208), (1,620), (4,5647), (5,5104), (1,7790), (1,9838), (1,623), (0,5775), (4,6165), (1,11378), (2,90), (5,3069), (5,515), (0,6814), (0,10398), (3,1604), (0,3233), (5,3079), (2,3684), (2,6757), (0,6819), (2,103), (0,1194), (2,621), (1,3215), (0,11956), (5,2074), (0,2229), (1,18071), (5,4640), (1,5796), (0,714), (0,7882), (4,1616), (0,8911), (2,658), (0,7377), (2,2198), (4,1626), (0,8919), (0,1242), (1,12989), (1,12990), (5,583), (1,1219), (2,1700), (1,3271), (3,1678), (1,4300), (1,4301), (0,10482), (5,5211), (5,5726), (1,4827), (1,16091), (5,97), (0,253), (0,8445), (2,6337), (1,7393), (1,12515), (0,8966), (1,11495), (0,4873), (2,2253), (5,6771), (0,6927), (4,3733), (0,8982), (3,1725), (3,2238), (3,2246), (2,4837), (5,3212), (0,5927), (1,15628), (1,15122), (0,8499), (1,3353), (2,6908), (0,3390), (1,3360), (1,3872), (0,6463), (1,1313), (2,2823), (0,9029), (0,3403), (0,8523), (5,5812), (2,4882), (0,10576), (1,2867), (0,6995), (5,191), (1,3902), (1,10047), (0,4961), (1,10050), (2,1831), (0,2920), (1,843), (2,2349), (2,6448), (5,2777), (4,4859), (1,10073), (1,18777), (0,6010), (0,1915), (1,4957), (1,9053), (2,4929), (2,1862), (1,10085), (2,1864), (4,5900), (2,6996), (5,2815), (0,6556), (0,10653), (3,1345), (0,6047), (1,9604), (1,10127), (4,5427), (0,945), (4,7485), (4,7489), (4,8514), (1,9639), (4,4437), (0,5586), (0,10708), (0,5593), (2,1949), (0,10203), (2,3999), (2,933), (4,1896), (1,14789), (5,4941), (1,14793), (2,5547), (0,10217), (1,6605), (4,7025), (0,8173), (0,2542), (2,6064), (5,1366), (2,2483), (5,856), (4,8571), (2,7610), (5,4959), (0,8186), (2,4032), (0,5630), (2,1985), (1,10725), (0,10244), (0,8710), (1,1000), (0,4617), (2,6092), (0,5647), (5,7540), (1,6642), (4,3990), (5,7544), (5,2937), (0,5654), (1,7159), (1,10231), (0,3095), (2,4061), (0,1062), (0,4134), (1,5639), (0,10278), (0,2600), (1,10249), (5,5010), (1,9742), (5,2452), (1,14353), (1,15378), (5,5529), (2,7160), (2,3068)
lopez	(0,5954), (0,12098), (0,2117), (0,2885), (0,10824), (1,44), (0,11851), (0,12110), (0,2895), (0,11855), (0,9045), (0,599), (0,4695), (0,2905), (0,9566), (0,2911), (0,4191), (0,2400), (0,11875), (0,2409), (0,9577), (0,11881), (0,9070), (0,2929), (0,6004), (0,2165), (0,9335), (0,9339), (0,2940), (0,2173), (0,2429), (0,13439), (0,11904), (0,4226), (0,899), (0,2437), (0,9351), (0,5768), (0,4745), (0,5513), (0,2954), (0,4234), (5,8432), (0,9356), (0,5517), (0,9102), (0,11920), (0,2962), (0,2708), (0,3478), (0,410), (0,13210), (0,2974), (0,11934), (0,2719), (0,2729), (0,938), (0,5802), (0,5548), (0,5556), (0,9145), (0,1982), (0,1986), (0,5570), (0,11971), (0,2509), (5,2612), (0,3023), (0,2770), (0,3538), (0,3028), (4,8281), (0,1494), (0,11990), (0,5848), (0,729), (0,3033), (0,11996), (0,2527), (0,12000), (0,12004), (0,2789), (0,9191), (0,3048), (0,4072), (0,5867), (0,3053), (0,1518), (0,5614), (0,12014), (0,2804), (0,2807), (0,12023), (0,12029), (0,2051), (0,260), (0,12036), (0,4101), (0,5638), (0,5895), (0,2056), (0,1545), (0,5898), (0,2827), (0,4108), (0,1551), (0,784), (0,4629), (0,790), (0,12057), (0,2076), (0,2848), (0,2084), (0,5417), (0,12073), (0,2092), (0,12076), (0,12080), (0,2865), (0,12339), (0,5429), (0,12087), (0,12343), (0,5945), (0,9532), (0,10814)
quedabale	(2,6870)
entretengan	(1,4084)
vituperarla	(5,294)
juntillas	(2,1724), (5,7682)
rapida	(5,3940), (5,1238), (5,2710), (5,7255), (5,91), (5,5499), (2,7705), (5,3283), (5,5779)
baltazar	(3,2147), (3,1671), (3,2590), (3,1953)
venerable	(2,2178), (2,2053), (2,1671), (2,2119), (2,2313), (2,2124), (5,6063), (2,2320), (5,628), (2,6098), (2,2070), (2,1689), (2,2081), (4,4835), (2,1634), (2,1699), (2,2149), (4,8233), (2,2025), (2,1706), (2,2093), (2,2094), (2,3184), (3,915), (2,2291), (1,6866), (2,1653), (2,2165), (2,1655), (3,926), (2,318), (1,1246), (1,3486)
olas	(2,2273), (5,6373), (1,3315), (2,1302), (2,167), (5,7019), (2,7483), (1,7310)
fatidico	(5,3579), (5,1026)
malignos	(2,2711), (5,702)
asinidad	(4,7145)
153155	(5,8423)
segunda	(5,3556), (5,6820), (1,9507), (0,2243), (4,3335), (2,198), (0,2309), (4,8714), (5,6956), (1,9192), (0,72), (3,2157), (1,9835), (2,7054), (4,8720), (2,977), (0,12883), (0,11606), (3,2110), (0,797), (5,4738), (0,12125), (5,7300), (3,1603), (5,2629), (5,6405), (0,9507), (5,5193), (1,9541), (5,5066), (2,489), (5,1548), (2,1066), (5,6353), (1,16205), (1,8270), (5,6295), (3,918), (5,7320), (4,6201), (5,3550), (5,7647), (0,2237), (5,7074), (2,64), (0,5502), (5,6051)
aniquilar	(1,4492)
vejete	(2,3809), (2,5412), (2,4390), (2,1417)
berroeta	(3,1556)
mojar	(1,5370)
1613	(1,114), (3,2703)
borrador	(5,6201), (1,10824), (5,1935), (3,2525), (5,5425)
segundo	(5,2853), (3,612), (5,934), (4,2379), (0,8520), (1,4398), (1,6579), (1,8628), (0,8531), (1,11828), (3,2554), (1,1214), (1,11838), (2,928), (1,16451), (5,1609), (3,2058), (1,4297), (3,1165), (5,3535), (4,7662), (1,17996), (1,13005), (3,2065), (1,8272), (3,1428), (0,5490), (1,13141), (0,5494), (0,8694), (1,13016), (2,956), (1,93), (5,6886), (5,6121), (2,5449), (3,1451), (5,4717), (3,1456), (5,7283), (1,2416), (1,18288), (2,722), (5,2166), (5,1016), (1,13044), (2,2007), (1,17910), (5,7934), (4,286), (2,604), (1,17915), (2,1373), (5,7683), (1,4352), (2,4835), (2,614), (5,4748), (1,11535), (3,2135), (1,7324), (5,5795)
charitable	(3,3331), (4,9220), (1,19284), (2,8360), (0,14040), (5,9183)
escuchasme	(1,8744)
repentinas	(1,17651)
elencos	(5,4837)
borrados	(1,11919)
sangrientas	(5,6054), (5,4508), (5,3822), (5,2834), (2,7231)
morira	(5,6164), (2,2342), (2,6776), (1,892)
consagradas	(5,6528)
1616	(3,2288)
morire	(4,3524), (1,2723), (2,1014), (2,4824), (2,4045)
palpitando	(2,5860), (1,12126)
1615	(3,2287)
calificativo	(5,471)
xarcia	(0,1571), (0,3239), (0,3527), (0,1595)
consintiendo	(5,3529), (1,11849)
sugirio	(5,6506)
amenacemos	(2,5235)
reusaba	(0,8810)
culminante	(5,2000)
caireladas	(1,4616)
jubilada	(1,18663), (1,264), (4,3999), (4,6688)
espedientes	(3,225)
costanzas	(1,12053)
picazas	(1,16165), (1,17947)
embuste	(1,16000), (1,18592), (1,17185), (1,15954), (1,2163), (1,12134), (1,1495), (1,16024), (1,15963), (3,2191), (1,2159)
policia	(5,4532), (2,2818), (2,7427), (2,5701), (5,4524), (2,7417), (2,2749), (0,5740), (2,7408)
exigieren	(3,2568)
refund	(0,13894), (0,13774), (0,13902), (3,3196), (2,8225), (3,3204), (3,3077), (2,8233), (2,8106), (0,13931), (1,19149), (4,9075), (5,9048), (1,19157), (1,19030), (4,9083), (0,13944), (0,13946), (5,9056), (5,8929), (4,8961), (3,3234), (0,13951), (0,13953), (0,13954), (2,8263), (0,13957), (3,3247), (3,3249), (2,8276), (1,19187), (3,3254), (2,8278), (4,9112), (3,3256), (3,3257), (3,3260), (2,8283), (5,9086), (2,8285), (2,8286), (2,8289), (1,19200), (4,9125), (1,19202), (4,9127), (5,9099), (1,19207), (4,9132), (5,9101), (1,19209), (1,19210), (4,9134), (4,9135), (1,19213), (5,9106), (4,9138), (5,9108), (5,9109), (5,9112)
vireno	(1,13142)
expirar	(2,977)
dinguilindon	(4,1799)
heredo	(5,3605), (1,12108), (3,415)
alexandria	(4,581)
aludidas	(5,2471)
herede	(1,15824)
1633	(3,2288)
hortalizas	(3,376)
trasmitian	(5,6666)
actuales	(3,2568), (3,2984)
crueldad	(2,2692), (1,6564), (0,6627), (5,3865), (5,6937), (1,8758), (1,4327), (5,1982), (4,3293), (2,4059), (1,9101), (1,18109)
duraron	(5,999), (0,3502)
quirie	(4,813)
1637	(0,420)
naviosde	(0,4218)
sucedieron	(1,6090)
coloradas	(1,11252)
condenallos	(1,6267)
acometio	(0,7492), (1,17210)
considerandose	(1,3950)
juntarlos	(1,3209)
subsisten	(3,2417)
agregando	(5,3068), (5,4348), (5,4527)
lagrimosos	(1,7083)
aprendices	(2,1540), (2,1743)
cristalinas	(1,16532), (1,15577)
mandil	(2,2292), (2,281), (2,6653), (2,2064)
publicaba	(5,3734), (5,4247), (5,6929)
filios	(1,7965)
que45	(0,3012)
consentirlo	(2,6503)
cultura	(5,7813), (5,5174)
acometia	(1,17216)
filipo	(1,1122)
condiciones	(5,1126), (5,3624), (5,2668), (5,5165), (5,7088), (1,18540), (5,7346), (1,17202), (5,3448), (5,6009), (0,9492), (0,1302), (0,602), (5,5119), (5,2368), (1,16380), (1,894), (5,7042), (5,6340), (0,8735), (5,6087), (5,1224), (1,1029), (5,330), (1,18630), (5,6027), (1,1672), (5,1422), (1,1675), (5,5135), (5,656), (5,1808), (1,4492), (2,4079), (5,1941), (5,3989), (1,1042), (5,7638), (2,6708), (0,8818), (5,2523), (1,18648), (5,866), (0,9469), (0,8830)
parabienes	(1,641), (1,9348), (1,17291), (1,7244), (1,4461)
olia	(1,9611)
pudierdes	(0,4752)
quiros	(3,794)
vicio	(1,17520), (1,16913), (2,7748), (3,2838), (1,1338), (1,10794), (4,8383), (0,9388), (1,17662)
recebia	(1,7318)
gallinaceas	(2,5049)
recebid	(1,12818), (1,15673), (1,2607)
muerdase	(1,16984)
enviastes	(4,8451), (4,2906), (4,3259)
consideradas	(2,1641)
cobertera	(4,8035), (4,8041), (4,8034)
recebio	(1,9136), (1,14864), (1,7218), (1,9267), (1,12245), (1,17527), (1,9544), (1,5897), (1,10187), (1,6478)
desgarrar	(1,8001)
hurtaron	(1,4896), (1,17297), (1,17268), (4,2184)
pujan	(4,7463)
recebir	(1,12128), (1,9410), (1,2549), (1,15607), (1,15639), (1,5161), (1,18490), (1,6268), (1,4349), (1,16621), (1,15375), (1,15551)
tecla	(1,5652)
1650	(0,11683), (0,11384)
from	(1,19232), (4,9156), (1,19233), (4,9157), (5,9131), (5,9132), (1,18986), (4,8911), (4,9168), (1,19245), (5,8885), (2,8212), (4,8918), (5,9144), (2,22), (0,13913), (3,3077), (3,3339), (3,3341), (3,3345), (2,8245), (3,3096), (1,19030), (3,28), (0,13947), (1,19292), (5,8929), (4,8961), (1,19294), (3,3361), (1,19298), (5,9191), (5,9193), (4,9228), (5,9197), (1,19049), (4,9230), (4,9234), (4,8979), (5,8948), (1,19314), (2,8279), (4,27), (5,9213), (0,13976), (0,13977), (3,3135), (0,13727), (4,9252), (0,13989), (0,13734), (3,3154), (1,19088), (2,8308), (2,8309), (4,9015), (5,8987), (5,28), (2,8062), (2,8321), (1,19107), (4,9033), (5,9006), (3,3183), (0,13774), (1,19136), (0,14048), (4,9062), (0,13794), (0,14050), (5,9035), (0,14054), (2,8106), (3,3216), (2,8368), (2,8370), (2,8374), (0,14070), (5,1116), (2,8125), (1,19169), (4,9093), (2,8390), (5,5482), (5,9068), (0,13833), (3,3250), (0,13852), (0,30), (5,8325), (2,8164), (1,19203), (4,9128), (5,9102), (3,3279), (3,3280), (1,21), (2,8183), (3,3033), (3,3292), (0,13881)
jacaros	(1,10973)
mercantilismo	(5,4671)
publicado	(5,6122), (3,1930), (0,3303), (5,7853), (0,12937), (0,13161), (4,177), (5,3858), (5,627), (5,7700), (5,7830), (5,4347), (5,1948), (5,6046), (5,6206), (5,6145), (5,6530), (0,11805)
arranques	(5,1256), (5,6431), (2,7102)
raridad	(1,15781)
rebajase	(2,1209)
rebien	(1,9699), (1,10247)
1670	(3,2295)
medianera	(1,13114), (1,4075), (1,14748)
miscelaneas	(0,2404)
ossawatomie	(5,8361)
publicada	(0,13503), (5,5670), (5,4586), (5,6139), (5,6156), (5,7788), (5,1757), (0,7577), (0,74)
incalculable	(5,2863)
ofendiamos	(4,8449)
encenderse	(0,9023)
entregare	(0,1584), (1,15830), (1,7431), (1,1035)
irradiaba	(5,3430)
medianero	(1,15202)
inspirandoles	(5,4515)
pobrecitos	(2,4806)
parecidas55	(5,4349)
hallazgo	(1,6880), (5,6213), (1,15266), (1,15300), (1,15306), (1,2827), (1,7244), (1,15278), (1,15311), (1,4944), (1,2642), (3,2581), (3,2199), (1,15605), (0,857), (1,2877), (1,2655)
trovas	(1,11888)
entregara	(0,1617), (0,1603), (5,5353), (0,5545), (1,2396)
1669	(3,2294)
sentaba	(2,6103), (2,6728), (2,6698)
expiacion	(2,6705), (2,4047)
aclame	(4,8521)
proscribir	(5,6281), (5,3167)
fodoli	(4,4585)
1680	(3,2295)
1679	(0,6212)
hurtarme	(1,17371)
llamasen	(0,8129), (1,14420), (1,1849), (0,6747), (1,12367)
paper	(3,3364), (4,9255), (1,19317), (2,8393), (0,14073), (5,9216)
puritanos	(5,2822)
predominante	(2,2419), (5,7330)
1673	(3,2216), (3,925)
estudiaron	(4,7715)
cuotas	(5,5188), (5,3698)
bagamundos	(0,3722)
contra	(5,420), (1,548), (5,4521), (1,15909), (0,8263), (5,1967), (1,2094), (0,2125), (0,2637), (5,4531), (5,2998), (5,4027), (0,8279), (5,5053), (1,5690), (5,5056), (5,3529), (5,6089), (5,5067), (0,2664), (5,7122), (0,5234), (5,475), (1,8791), (0,2679), (5,2015), (2,7228), (5,6624), (5,4577), (3,1568), (2,1600), (5,6627), (5,4581), (2,6722), (5,486), (5,489), (2,4171), (5,7151), (2,2132), (2,5717), (0,8852), (1,17016), (1,15993), (2,3676), (5,3583), (4,6184), (5,1034), (2,109), (2,6253), (5,5648), (5,3096), (2,6773), (0,8883), (2,2166), (3,601), (2,6783), (2,4738), (0,8390), (5,5676), (2,6795), (2,6797), (5,561), (5,1074), (5,1586), (5,2613), (2,3730), (2,6293), (5,1598), (3,2684), (5,4670), (5,2111), (5,2114), (2,2208), (5,7750), (0,13025), (2,6826), (2,6827), (2,3246), (2,2223), (5,2644), (5,3164), (1,4314), (2,2242), (5,4198), (0,7937), (2,6852), (5,1644), (0,777), (2,2766), (0,6414), (0,9487), (3,180), (1,3321), (2,5859), (5,5254), (3,197), (5,3207), (0,4899), (2,2278), (1,10506), (1,10510), (1,3343), (5,5779), (2,6897), (5,2197), (5,8855), (4,5815), (4,8889), (5,6814), (5,6815), (2,7422), (5,162), (5,1186), (1,4383), (0,9027), (1,6950), (5,3757), (1,6441), (5,1198), (5,3758), (5,4783), (5,7345), (1,16177), (1,3378), (5,6842), (2,4378), (2,7456), (5,3781), (1,322), (5,710), (5,200), (2,294), (5,6857), (5,1229), (5,3791), (0,880), (2,4403), (1,7507), (0,13171), (5,5849), (2,6970), (5,4320), (1,7004), (5,1251), (0,4992), (4,8462), (0,1932), (2,2382), (5,242), (5,759), (0,6546), (1,18805), (5,251), (1,16759), (1,14200), (1,16760), (2,859), (0,1439), (2,6497), (0,9120), (0,5538), (0,5539), (5,5896), (5,6920), (2,8039), (0,5542), (1,7049), (5,1806), (1,3466), (5,1811), (0,1455), (4,8499), (5,1302), (0,8625), (5,3863), (5,1304), (1,1940), (5,3865), (4,8505), (3,1882), (5,6943), (5,1316), (2,7044), (5,5930), (0,4551), (0,4552), (5,1841), (4,341), (1,12722), (5,1854), (5,3905), (2,7071), (2,5536), (5,837), (5,838), (2,420), (2,4008), (5,332), (1,18888), (2,4013), (5,5968), (5,4946), (5,5971), (1,12240), (5,342), (3,917), (0,2035), (5,861), (1,6105), (0,2041), (1,8669), (2,960), (0,10752), (5,880), (5,883), (3,947), (0,6673), (5,4985), (5,1922), (2,2528), (1,17921), (0,2599), (0,9259), (5,5018), (0,4153), (5,1953), (0,2108), (1,7711)
papel	(0,13377), (2,388), (2,7429), (3,874), (1,4649), (1,555), (3,1396), (5,6200), (2,7446), (1,567), (1,1463), (1,16696), (2,283), (1,1214), (5,4036), (1,1219), (5,2632), (5,970), (1,1222), (1,12104), (1,5578), (1,1231), (1,1235), (2,5044), (2,5812), (2,5179), (3,927), (1,12125), (5,610), (2,2751), (1,609), (1,12130), (1,12131), (4,5769), (1,18022), (2,200), (2,459), (5,4846), (1,620), (2,7245), (0,654), (1,1906), (0,530), (5,1916), (2,4571), (1,6010), (1,12283), (1,1404), (1,6012), (1,2560), (2,489), (1,2571), (2,4847), (3,977), (2,3698), (2,7925), (4,2104), (1,13589), (1,2582), (3,987)
agosto	(0,12993), (0,13122), (0,13444), (0,11144), (1,1836), (5,5489), (5,5426), (0,2705), (4,6933), (3,892), (0,2527), (5,588), (3,2442), (3,2573), (0,4203), (3,591), (1,10895), (0,12976), (3,2516), (5,3799), (3,2455), (1,406), (5,1114), (0,2425), (0,13435)
agraviarme	(1,13163)
subsistir	(5,1956), (3,2914)
xxiiicomo	(4,8710)
acometer	(0,5025), (1,5255), (0,10264), (1,1821)
enojadas	(4,7316)
completarla	(5,7863)
acometen	(0,5223)
inclemencias	(1,17885), (1,271), (1,1615)
consentiria	(5,1400), (1,12234)
predicador	(1,10985)
salgan	(1,18002), (0,5235), (4,3513), (0,4901), (1,2233), (1,8412), (3,2960), (1,8510), (0,4910), (1,8511), (1,17887)
trasmitido	(5,5771)
flecha	(0,6960), (1,1428), (1,11990), (0,7531), (0,8603)
herege	(3,805)
duraba	(1,10560)
olim	(1,8095)
1684	(3,655)
arrollado	(5,1761)
olio	(4,6275), (4,7219), (4,7654), (4,7687), (4,6280), (4,8217), (4,7692), (4,1953), (4,7650), (4,8002)
mosolimanes	(1,4289)
salgas	(1,1723)
atributos	(1,11132), (2,2030)
oliv	(4,4407), (4,4473), (4,4401)
tropezaron	(2,5895)
