maquegua	(3,2380)
ofendes	(2,7984)
acacia	(2,6657), (2,2412), (2,3088)
sobredichos	(3,2675), (4,8574)
estrechando	(2,1283), (2,1061)
benditisimo	(0,5985), (0,8694), (0,8734)
ruedas	(1,11880), (2,6170)
impetuosa	(5,4983), (5,5538)
eleusis	(2,1904)
delicadamente	(1,4645), (1,10204)
release	(1,16), (0,17), (4,14), (5,16), (3,16), (2,16)
boticarios	(1,18641)
expesas	(4,5956), (4,5983), (4,3602)
saltole	(2,7904)
continuacion	(5,3348), (1,16832), (0,11952), (2,6646), (5,5706), (3,1481), (0,3143), (0,8717)
torcida	(1,8674), (1,15870)
dicien	(4,7050)
ries	(1,11190), (2,2648), (2,1885)
mandados	(0,13351)
asiatico	(5,4178)
cantidades	(3,2200)
cofrecito	(1,2552)
estancia	(2,1411), (1,14632), (2,5002), (1,10537), (5,5873), (1,14511), (2,1169), (2,1425), (0,13008), (1,2679), (5,5442), (5,6019), (1,2688), (4,679), (5,7625), (1,9030), (4,6444), (1,7817), (1,9931), (1,8845), (3,599), (5,6105), (1,11799), (4,2683), (1,8857), (1,8730), (1,10652), (2,1598)
probeydo	(0,5572), (0,5564)
afortunados	(1,2887)
vacuo	(4,7859), (4,7936)
oprimido	(2,7092), (5,5964)
casalla	(4,6980)
descorrio	(5,6888)
foundations	(4,9188), (1,19267), (0,14019), (5,9161), (1,19269), (4,9194), (5,9166), (3,3309), (4,9199), (5,9168), (3,3314), (2,8338), (3,3316), (2,8343), (2,8345), (0,14009), (1,19262), (0,14014)
alegrado	(5,2933)
invio	(0,1011), (0,3189), (0,4694), (0,3193)
oprimida	(3,1413)
alumbrarle	(5,7502)
oidas	(4,6579), (1,8709), (1,7078), (1,1287), (1,14856), (2,859), (1,4332)
sodoma	(4,8530)
portarse	(2,4577), (2,6359)
invie	(0,3190), (0,3180)
recibiria	(5,6571)
miramela	(4,5618), (4,7202)
osorno	(3,1570), (3,2852), (3,1637), (3,2919), (3,2540), (3,2861), (3,1967), (3,2863), (3,1777), (3,1847), (3,1272), (3,2618), (3,1467), (3,2875), (3,1468), (3,1472), (3,2691), (3,1285), (3,1289), (3,139), (3,2699), (3,2508), (3,1614), (3,1934), (3,1489), (3,1493), (3,1878), (3,1881), (3,1884), (3,1247), (3,2976)
albarrana	(1,18718)
entonando	(5,2811)
acepteis	(2,5300)
barraca	(1,1885)
tono	(5,4324), (5,2149), (5,1129), (2,6918), (2,1159), (5,1006), (2,3979), (5,7726), (5,1968), (2,7246), (1,18611), (1,18230), (2,4696), (2,2458), (1,8122), (2,6300), (5,2944), (5,577), (5,4931), (1,15807), (5,1668), (2,2337), (5,5764), (5,6341), (2,6756), (2,6374), (2,4587), (2,4590), (5,5268), (5,4566), (5,7702), (2,2934), (2,3574), (1,407), (5,731), (2,5753)
contradictorios	(5,683)
andes	(5,5358), (5,5619)
judio	(4,2053), (4,2058), (1,4007), (4,2316), (1,3499), (4,3279), (4,2256), (4,2265), (4,2329), (1,3516), (4,2209), (1,3519), (4,4263), (1,3525), (4,2154), (1,3655), (1,3657), (1,4042), (4,8689), (1,3599), (1,4047), (1,4048), (1,6032), (1,3602), (1,4051), (1,6038), (4,2236), (1,3609), (1,3484), (1,3486)
alborotaban	(2,5425), (2,6152)
toms	(0,11777), (5,1067), (5,8736)
tona	(0,13195)
deficit	(5,3679)
judia	(4,6260), (4,1047), (4,686), (4,688)
agrabio	(0,5003)
fojas	(3,2274), (3,2854), (3,2538), (0,5512), (3,2094), (3,2159), (3,2927), (3,2991), (3,2097), (3,2546), (3,2035), (3,2803), (3,2426), (3,1983), (3,2499), (3,2058), (3,2316), (3,2509), (3,2446), (3,2638), (3,2383), (3,2065), (3,2132), (3,2133), (3,2007), (3,2072), (3,2841), (3,2144), (3,2336)
oiganlo	(2,2804)
tome	(0,10048), (0,11077), (0,10054), (0,11078), (0,10057), (0,11086), (0,10064), (2,1556), (0,10067), (0,10069), (0,10073), (0,11353), (0,11098), (4,2271), (0,11099), (4,2016), (0,9052), (1,16447), (0,11103), (1,5443), (1,5699), (0,11107), (0,11110), (1,16200), (0,11113), (0,11115), (0,11116), (0,11372), (0,9837), (0,11121), (1,4692), (0,10872), (0,11386), (0,9851), (0,11131), (3,2336), (0,9597), (3,2340), (4,7685), (0,9602), (0,11138), (1,612), (4,7687), (4,4873), (0,11397), (0,11402), (0,1931), (0,9869), (0,11151), (0,9616), (0,10898), (0,11155), (0,11412), (0,9627), (0,415), (0,9887), (0,11424), (0,11425), (0,9891), (0,11172), (0,11428), (4,5161), (0,9894), (0,11176), (4,6702), (0,10922), (0,11180), (0,9901), (0,9646), (0,9902), (0,11183), (0,10163), (0,9652), (0,10932), (0,11444), (0,11446), (0,11451), (0,9660), (0,11197), (1,11935), (0,9663), (0,11455), (0,11200), (0,10947), (0,11203), (1,12452), (0,9669), (0,11462), (0,9672), (0,10952), (4,3661), (0,11468), (0,13518), (0,11216), (0,11472), (0,9682), (0,10964), (0,11220), (0,11477), (0,10967), (4,2397), (0,10970), (0,13530), (0,9691), (0,11227), (0,11231), (0,3812), (0,11236), (0,11492), (0,9703), (0,11496), (0,9706), (0,9708), (0,11501), (0,9711), (0,11248), (0,9715), (0,11508), (0,9718), (0,9720), (0,9724), (1,991), (0,13566), (0,9728), (0,11266), (0,9731), (0,2309), (0,9734), (0,9737), (0,9742), (1,4080), (0,11023), (0,9745), (0,5394), (0,11027), (1,5877), (3,1208), (0,9750), (0,11030), (0,11542), (0,9753), (0,11289), (0,11034), (0,11037), (0,12831), (0,11043), (0,11301), (0,1318), (0,11046), (0,11305), (0,11561), (0,11564), (0,11309), (0,11565), (0,13101), (0,11054), (0,11566), (0,305), (0,11313), (0,11059), (0,11062), (4,955), (0,11320), (0,11069), (0,5182)
notables	(0,13407), (1,17798), (0,13670), (5,6444), (5,1407), (5,5296), (0,12971), (2,6654)
tomo	(0,13119), (1,7205), (4,1227), (0,7242), (0,76), (1,1582), (5,6834), (3,241), (1,15670), (1,312), (2,3353), (1,58), (1,10043), (1,3133), (0,8031), (5,4293), (1,2370), (5,6854), (1,10820), (0,12134), (0,12905), (5,2770), (1,12367), (5,6100), (2,5170), (0,9072), (5,7639), (0,13426), (1,16211), (5,4313), (4,6137), (0,3958), (0,6262), (1,10327), (0,13434), (1,1887), (5,4579), (1,2656), (5,6884), (1,610), (5,7142), (5,7654), (1,9060), (5,5609), (5,6121), (0,11909), (1,14952), (0,4745), (5,7150), (1,5739), (0,6538), (0,5517), (0,7310), (0,12944), (5,7414), (0,10641), (1,1398), (0,919), (0,10137), (0,11674), (4,5663), (0,10908), (0,157), (0,6558), (0,12958), (0,10404), (5,2317), (4,1581), (2,8044), (5,4113), (5,7700), (1,8848), (0,8623), (5,2837), (0,12976), (0,13233), (1,18578), (1,16019), (5,6168), (1,8598), (1,13467), (0,699), (1,6813), (0,9148), (1,18077), (5,4388), (4,8515), (4,68), (0,448), (1,10149), (1,10917), (1,5542), (0,6853), (1,9638), (0,11207), (5,1070), (0,206), (1,12463), (0,13266), (1,13237), (1,11958), (0,13269), (0,2519), (0,3033), (1,2491), (0,7386), (1,3773), (5,6210), (1,13503), (2,7590), (1,11466), (0,13290), (5,7504), (4,122), (1,4569), (4,6525), (1,12258), (0,6149), (5,2155), (1,15591), (1,13288), (0,9992), (1,13033), (0,13576), (0,11), (5,1648), (0,5643), (2,4047), (1,6127), (5,4725), (4,7828), (4,2453), (0,5649), (2,3540), (3,438), (0,7955), (1,10484), (5,5497), (0,6932), (0,2070), (1,11770), (1,18170), (0,12060), (3,1984), (0,11806), (3,968), (4,941), (1,5899), (2,1014), (5,6297), (1,7446), (0,570), (1,796)
espiriencia	(0,13526)
tumulto	(5,452), (2,2145), (2,5331), (2,820), (3,2712), (2,312), (2,217), (2,233), (5,7293), (2,6299), (2,2271), (2,320)
nonadas	(1,1090)
ofendas	(1,3114)
anchos	(1,10032), (1,5140), (1,8349), (1,5134), (1,8350), (1,10958)
lograron	(2,2274), (5,855), (2,2149), (5,2040), (3,871), (5,240), (5,7104), (0,828)
ofendan	(1,17888), (4,8305)
reclamaba	(5,2795)
anchor	(0,5444)
febril	(5,3444), (2,658), (2,6167), (2,5850), (2,6143)
toma	(4,2627), (3,2406), (4,1865), (4,330), (4,1738), (4,5199), (0,9038), (4,8020), (3,629), (3,1015), (4,3161), (4,2778), (4,1500), (4,2780), (1,13241), (2,6427), (4,3678), (4,6113), (4,4194), (0,11486), (4,3939), (4,2660), (4,7012), (4,1638), (4,7526), (4,4073), (1,7878), (4,1642), (4,1643), (4,3691), (4,5101), (4,5230), (4,5747), (3,2707), (0,3057), (4,2550), (4,3063), (4,6263), (4,7672), (4,4985), (4,7673), (4,7674), (4,7675), (4,7676), (4,4862), (4,4223), (1,3808), (4,7683), (4,2820), (4,4484), (4,7684), (5,7397), (4,5769), (0,12039), (4,3983), (4,4625), (1,623), (4,277), (1,18034), (4,3862), (2,855), (4,6297), (2,6490), (4,3745), (4,6319), (0,2352), (1,10001), (4,6711), (4,824), (4,2872), (4,2747), (4,5564), (2,3708), (2,3711)
torcido	(1,2178), (1,18077)
juanetudos	(1,5140)
manifesto	(1,5473), (2,7522), (2,3047), (2,744), (1,5416), (2,6761), (1,6218), (2,6989), (2,1486), (2,3054), (2,3822), (5,5905), (2,1264), (2,6772), (2,2710), (2,3574), (2,1399), (2,6359), (2,5753), (2,6938), (2,6461), (5,7360), (2,2526)
fusiles	(2,7704), (3,1312)
francisco	(0,12991), (4,196), (3,483), (3,2147), (4,8901), (1,2851), (2,5255), (0,12357), (0,13125), (3,2283), (0,9547), (1,2861), (1,8365), (3,499), (0,11729), (0,11603), (0,1108), (0,12247), (4,221), (0,12121), (3,2175), (0,11615), (0,12514), (0,9571), (3,391), (3,523), (5,3661), (0,12394), (0,13162), (3,2062), (1,2636), (3,657), (4,243), (3,402), (0,12400), (0,3570), (3,2072), (0,247), (1,8153), (3,2589), (0,11642), (3,1951), (5,4193), (0,9084), (4,1), (0,2173), (0,12157), (3,1954), (0,13183), (0,384), (0,12288), (4,12), (0,11659), (0,396), (0,6798), (1,11248), (0,12176), (0,913), (3,2101), (0,2579), (4,152), (0,6804), (1,16375), (0,12439), (0,409), (0,12185), (2,93), (3,960), (1,13442), (0,2082), (3,2632), (5,4618), (0,11687), (1,17290), (0,12460), (5,3730), (3,2132), (0,12215), (0,1849), (4,190), (0,6845), (0,12221)
tapan	(0,10008)
savia	(5,3269), (2,4377)
tapar	(1,9779), (2,2039)
xvicomo	(4,8688)
tope	(1,5939), (1,6019), (1,6031)
mandava	(0,9112), (0,5581)
rijo	(0,2543), (1,1697), (0,2676)
molimiento	(1,17786)
reclamado	(5,4596)
relindo	(1,12959)
topo	(0,7489), (1,8834), (1,14356), (1,8374), (0,7958), (1,7672), (0,7384), (0,7098), (0,7374)
liebres	(2,786), (4,6664), (1,8060)
estovieron	(0,8373), (0,8920)
constando	(0,1295), (0,4994), (0,3822)
havia	(0,10431), (0,10562), (0,9800), (0,10444), (0,10445), (0,10190), (0,10446), (0,10575), (0,10576), (0,10321), (0,10449), (0,10322), (0,10706), (0,10709), (0,10725), (0,10089), (0,3947), (0,10603), (0,10220), (0,10228), (0,10356), (0,10230), (0,10746), (0,9979), (0,10235), (0,10367), (0,10245), (0,10636), (0,10256), (0,10386), (0,13203), (0,10388), (0,10646), (0,10140), (0,10396), (0,10652), (0,9758), (0,10142), (0,9759), (0,10528), (0,10787), (0,10790), (0,9768), (0,3125), (0,2870), (0,10550), (0,2745), (0,4028), (0,4029), (0,10430)
lejos	(5,166), (2,1543), (5,1962), (1,9897), (0,6985), (3,1773), (1,17579), (3,2158), (5,2736), (1,8877), (1,4398), (1,8878), (0,6478), (2,2321), (1,4529), (1,15026), (1,9780), (1,15285), (1,1078), (5,3386), (5,1083), (5,572), (1,2618), (0,10457), (1,12732), (1,18760), (1,16587), (0,6763), (1,18126), (5,4435), (1,15183), (5,1493), (3,2582), (5,6361), (5,858), (5,6876), (2,6074), (0,761), (1,8668), (1,3037), (3,2852), (1,12130), (2,4420), (1,7907), (1,13795), (5,2921), (1,14184), (0,11530), (5,5233), (5,7537), (3,2864), (5,6517), (1,3186), (2,2138), (2,3674), (1,14076), (1,18172), (2,3935), (3,964), (1,18178), (5,5000), (5,1805), (5,2959), (0,6059), (5,1815), (5,794), (1,1304), (5,1057), (0,8765)
alegraba	(1,11501)
surgieron	(0,416), (0,422), (5,6060), (0,7031), (0,6505)
recibirle	(2,532)
estraordinario	(1,18372), (1,8217), (1,8412)
mudaria	(1,3252)
senorescomo	(0,9204)
recibirla	(5,2876)
rija	(0,5441)
cristianas	(2,6206)
procesar	(5,3528)
ecco	(4,526)
concluyendo	(2,2245), (1,12932)
desenojarse	(4,299)
borrego	(2,5520)
escuadrones	(1,8682), (1,14938)
detallados	(5,3735)
revista	(5,1093), (2,355), (5,5434)
inxertos	(4,5040)
autoridad	(2,1412), (1,8995), (3,679), (5,2281), (5,2091), (1,7721), (5,7726), (1,7788), (5,6705), (0,4877), (3,561), (1,16751), (1,7792), (5,190), (1,16702), (5,4676), (1,3586), (1,10883), (5,4808), (1,16712), (3,1613), (5,7695), (5,1618), (0,558), (4,2994), (5,2453), (1,10257), (0,628), (2,311), (1,18326), (1,18074), (5,4641), (2,7678)
mitades	(5,2966)
andad	(4,1030), (1,9220), (1,9803), (1,781), (4,1936), (1,1999), (4,4403), (1,372), (4,2457), (1,9910), (4,2748), (4,6334), (1,16412)
francisca	(4,3553)
bastaba	(5,2614), (1,7202), (4,345), (0,6933), (4,5724), (0,8264), (0,6924), (0,7068), (1,4239)
dexaban	(0,9959)
balumba	(1,5120), (1,16046)
capellanes	(4,8520)
francisci	(4,197)
imperdonable	(5,820), (5,967), (2,3845), (5,1723)
amedrentar	(2,4681)
saliose	(1,12404), (1,2392)
cortinas	(1,18744), (1,18586)
andar	(4,8004), (1,17698), (4,6086), (3,1766), (1,16676), (0,10185), (2,3988), (0,10578), (1,17331), (1,1076), (4,3803), (0,11223), (0,6104), (4,2525), (1,10685), (1,14910), (0,5224), (0,9833), (1,17867), (4,5615), (4,3058), (1,17359), (1,17618), (1,1110), (2,2363), (1,11227), (1,15456), (1,13665), (1,16737), (1,5603), (1,15844), (4,5640), (1,15845), (3,2088), (4,3340), (0,1801), (4,7823), (1,13548), (4,3729), (0,8718), (2,8019), (1,371), (3,1463), (3,824), (0,7960), (1,11514), (5,4355), (0,13087), (1,7940), (0,8741), (5,5003), (1,10763), (3,1102), (0,9771), (1,5005), (0,5044), (0,10677), (1,18716), (0,9788), (4,5569), (1,3615)
andas	(1,1928), (4,1628), (1,811)
enigma	(2,657), (5,7380), (5,2546), (5,7378), (0,750)
felicisimo	(4,8615), (4,8477), (0,925)
hezistes	(0,1316)
avergonzar	(4,2986)
vistiese	(1,4423), (1,14120)
gime	(5,7199)
media	(0,3397), (0,3398), (0,10057), (0,11339), (4,6103), (0,10837), (0,3416), (0,9826), (0,5988), (0,11369), (0,10348), (0,10605), (5,7635), (0,367), (5,6612), (0,10352), (2,1331), (1,7506), (0,9591), (0,10874), (5,1252), (1,2145), (0,11392), (1,5478), (5,6125), (0,10376), (1,17513), (0,10637), (1,5231), (1,5233), (0,10648), (1,10107), (0,8092), (0,7070), (0,8094), (5,6150), (0,7329), (2,4457), (1,5259), (1,4748), (0,6571), (2,878), (0,10925), (0,6062), (1,4752), (0,8369), (0,10673), (5,1817), (1,4757), (1,8854), (0,11189), (1,12182), (0,2230), (2,7544), (1,11933), (2,4991), (0,10433), (1,5283), (0,10179), (0,10437), (2,3978), (0,6350), (4,1880), (0,8660), (1,16822), (0,2262), (1,1465), (4,1886), (0,9946), (0,7387), (5,7746), (0,9695), (0,2278), (0,10985), (1,3788), (0,8430), (2,1202), (5,2135), (1,13014), (0,10230), (0,7162), (1,1517), (2,5585), (0,11279), (1,12022), (0,11286), (0,6937), (0,538), (4,5023), (1,13052), (5,3717), (0,13088), (5,6538), (0,10533), (0,10534), (1,4616), (0,7463), (0,9770), (1,18443), (0,10284), (0,11566), (2,6641), (3,723), (2,1523), (0,9012), (0,11572), (1,8219), (5,6563)
alumbrarme	(1,12473)
andan	(0,927), (1,18850), (1,195), (0,3651), (0,3300), (0,3653), (0,10118), (0,5223), (0,3722), (0,5227), (4,7985), (0,4974), (1,10736), (1,147), (1,17203), (3,1337), (0,6395), (1,16124), (1,11518)
toro	(4,3573), (1,16372), (1,18620), (2,7694), (4,4466)
caterva	(1,10789), (1,10294), (1,11756)
encrespadas	(2,166)
opuesto	(5,4036), (5,6905), (5,2426), (2,7641), (1,7162), (3,2544), (5,675)
felicisima	(1,13538), (1,16530), (1,5203), (1,18021), (1,11640), (2,7468), (1,10860)
dichosa	(1,13923), (2,1477), (1,12004), (2,3483), (2,4875), (1,9262), (4,7954)
define	(5,6286)
mandato	(0,5135), (5,262), (0,3362), (0,3347), (5,1209), (0,3318), (5,941), (0,3323), (0,3387), (0,5004), (0,13452), (0,3421)
revisto	(4,219)
atavios	(2,3842)
medir	(1,3011), (0,13086)
propagarse	(5,516), (5,6033)
relinga	(0,13653)
vibraba	(2,4300)
medio	(1,5152), (1,2593), (1,16929), (1,1571), (2,7691), (0,3660), (0,10316), (5,1458), (0,8781), (0,6224), (4,6101), (3,1526), (0,3668), (1,10294), (1,5695), (3,1026), (5,6596), (0,9823), (5,455), (2,4134), (1,5190), (5,5068), (0,10343), (0,11367), (0,9832), (1,12875), (1,18508), (1,10318), (0,11375), (0,13424), (1,15954), (4,2039), (4,3063), (5,2009), (5,2522), (3,2589), (2,1599), (2,1601), (0,9856), (0,6276), (0,9861), (2,6729), (2,1098), (0,139), (5,2546), (0,6288), (0,7312), (0,11415), (5,2045), (0,11416), (0,6298), (2,5726), (1,6786), (5,6663), (0,9895), (4,2093), (5,4623), (0,11435), (0,9901), (1,7312), (1,2196), (1,9876), (1,149), (0,10936), (1,18074), (1,17054), (1,18078), (2,3200), (0,10943), (0,6336), (4,8261), (1,15012), (1,18596), (1,8870), (0,10949), (0,10950), (2,142), (5,4660), (0,13519), (1,18611), (0,2264), (2,5276), (3,2175), (1,8382), (1,8895), (1,7360), (1,16579), (2,6310), (1,6854), (3,143), (0,11501), (5,1619), (3,2711), (0,11508), (4,5756), (5,7264), (1,14047), (3,2722), (1,18144), (4,1158), (1,4323), (1,17123), (0,6915), (1,4839), (0,11526), (0,11528), (0,3849), (4,6285), (4,6798), (0,3851), (4,6799), (5,3698), (2,3792), (5,116), (5,1140), (3,1208), (0,11542), (0,11545), (0,3866), (5,5759), (1,16636), (1,17663), (5,2180), (0,6432), (0,6946), (5,2697), (1,5382), (3,1225), (3,1226), (5,145), (3,1743), (1,5901), (5,4759), (0,11570), (5,152), (0,10041), (3,733), (3,735), (1,18205), (2,4351), (0,10048), (5,5798), (5,682), (3,1257), (0,10054), (0,11078), (1,15659), (1,6958), (1,14126), (0,5966), (1,6960), (5,181), (4,2772), (3,2804), (1,15154), (0,11092), (0,7509), (1,8503), (0,10070), (4,5340), (0,10073), (0,10075), (0,11099), (0,10076), (2,4895), (0,10591), (5,2247), (0,11108), (0,13158), (5,3788), (0,11113), (3,1294), (0,365), (0,366), (1,7505), (0,11632), (5,214), (1,11090), (5,216), (2,312), (1,6488), (1,10072), (5,3293), (5,3805), (1,2394), (5,1760), (2,2365), (5,3296), (1,10076), (3,801), (0,13183), (5,2789), (1,5473), (1,4450), (0,9602), (1,7016), (0,11146), (3,818), (2,5459), (1,14194), (5,3832), (1,7028), (1,9589), (2,7514), (0,7064), (0,6042), (0,11675), (3,2368), (0,11677), (1,18816), (3,323), (1,7042), (5,1287), (1,17283), (0,6052), (0,11684), (2,7016), (2,1385), (1,9097), (2,2412), (2,1389), (1,18316), (0,11692), (5,1810), (1,18320), (3,1365), (0,11192), (2,3969), (0,11200), (3,1894), (0,11203), (2,7053), (5,2355), (5,821), (0,9682), (1,8120), (5,3395), (5,3397), (5,6982), (5,4428), (1,18376), (1,10185), (1,7115), (5,6992), (4,7027), (5,2389), (4,4983), (1,13793), (2,2499), (1,12770), (1,5091), (0,10754), (0,11266), (5,4969), (5,2922), (0,11269), (1,16360), (0,10248), (4,3981), (2,3022), (2,4046), (0,11276), (0,11277), (1,10234), (3,3005), (5,1408), (5,4992), (0,9755), (0,9756), (0,3613), (1,18943), (4,2983), (5,5000), (1,13828), (0,9765), (0,9766), (0,8232), (0,9769), (0,9771), (3,463), (0,8236), (0,11313), (0,5682), (2,506), (0,9784), (0,11320), (0,6203), (5,2977)
opuesta	(3,1730), (5,3513)
dichoso	(1,3056), (2,6529), (1,4401), (1,9251), (1,8424), (1,2809), (1,16493)
secutor	(1,5922), (1,5910), (1,5933)
tinienta	(1,759), (1,796)
hermanita	(2,3006), (2,5792)
pescaderia	(1,4831)
fingiendo	(1,17041), (2,5780), (1,9651)
posteriorera	(5,7664)
tiniente	(1,897), (1,547), (1,723), (1,868), (1,901), (1,919), (1,904), (1,891), (1,812), (1,719), (1,751), (1,831)
equivocaban	(2,6267)
estraordinaria	(1,8467), (1,7918)
examinarlas	(5,5853)
specific	(0,13743), (4,8926)
empachar	(1,1593), (4,2988)
haver	(0,1650), (0,2754), (0,2898), (0,3011), (0,1734), (0,2774), (0,2024), (0,1147), (0,1500), (0,2861), (0,2318), (0,2366)
super	(1,8490), (1,7965)
falfan	(2,3905), (2,4483), (2,3236), (2,5669), (2,3208), (2,3753), (2,8042), (2,3822), (2,3791), (2,3217), (2,3889), (2,3222), (2,4534), (2,3832), (2,4345), (2,3772), (2,3200), (2,3808)
indignado	(5,838), (5,3119), (5,4529), (5,5793), (1,2463)
martingala	(1,18349)
anchuras	(1,11515)
bastado	(5,5828), (5,1477), (5,5127)
admiraronle	(1,7761)
omoro	(0,12767), (0,2801)
prodigioso	(5,6539), (5,8445), (5,1346)
rocas	(0,7313), (0,7329)
lograsen	(5,5533)
matriculada	(4,5909)
prematuros	(5,2613)
recogidamente	(1,8928)
echo	(4,902), (0,6146), (2,7620), (0,8836), (4,6091), (0,9991), (1,1897), (0,12042), (1,17451), (2,3214), (1,15470), (1,17397), (1,759), (4,6298), (1,5115), (1,15739), (1,7740), (4,2402), (1,14015), (4,4900), (1,4033), (1,14657), (4,677), (1,17282), (3,710), (0,6629), (2,5993), (4,941), (1,17163), (0,9132), (0,13679), (1,18768), (1,12241), (4,4215), (4,632), (1,18839), (0,11706), (1,285), (2,7550)
johnson	(5,1000), (5,5673), (5,8363), (5,8365), (5,1599), (5,5888), (5,1651)
catedras	(2,368)
volvimos	(1,2088)
copiaba	(5,7023)
borrascoso	(2,167)
dicime	(4,1092)
1564s	(0,5887)
ajonjoli	(4,427)
mundaria	(4,756)
jicara	(2,804), (2,775)
rine	(1,14524), (1,10798)
detalladas	(0,147), (0,284)
piedehierro	(1,17296), (1,17299)
prodigiosa	(2,6958)
rina	(1,13760), (1,15220), (1,14856), (1,14542), (4,2018)
zibuy	(0,10799)
acompanar	(1,1633), (3,2472), (5,5519), (5,2434), (1,7454), (4,818)
mutilar	(5,6260)
acompanan	(4,2516), (0,12081), (5,1982), (0,9340)
humedeciendo	(1,1642)
imparcial	(5,5915), (5,1100)
pirotecnica	(2,658)
impotencia	(5,2279)
hosteria	(1,7744), (1,7496), (5,3599), (1,7518)
eche	(0,11329), (0,3398), (1,9767), (0,11078), (0,11335), (0,11342), (1,1078), (0,11351), (0,11354), (0,11100), (0,11358), (1,11073), (0,11104), (0,11106), (0,11111), (0,11117), (0,11119), (0,11376), (0,11123), (0,11125), (0,11128), (0,11386), (0,11131), (0,11390), (0,11135), (0,11138), (0,11397), (1,18792), (0,11147), (0,11403), (0,11151), (0,9113), (0,11164), (1,9854), (0,11166), (4,2853), (0,11169), (4,806), (0,11172), (0,11175), (0,11178), (0,11181), (0,11183), (0,10164), (0,11197), (0,11200), (0,10948), (0,11204), (0,11206), (0,10952), (0,11210), (0,10955), (0,11213), (0,10958), (0,10962), (0,10964), (0,10968), (0,10970), (0,11227), (0,10974), (0,11230), (0,10977), (0,11233), (0,11237), (0,10987), (4,3446), (0,10995), (0,11252), (0,10998), (0,11256), (0,11001), (0,11004), (0,11260), (0,5375), (0,11007), (0,11263), (0,11010), (0,11013), (0,11016), (1,13034), (0,11018), (0,11275), (0,11024), (0,11281), (0,11027), (0,11030), (0,11542), (0,11033), (2,4572), (0,11290), (0,11037), (0,11043), (0,11046), (0,11302), (0,11049), (0,11309), (0,11055), (0,11057), (0,11313), (0,11059), (1,11286), (0,11318), (0,11064), (0,11321), (0,11067), (0,11323), (0,11325), (0,11070)
echa	(0,11616), (0,3746), (0,11525), (2,5384), (0,11527), (1,2441), (0,11369), (4,4816), (0,11660), (0,11533), (1,7375), (5,7704), (1,13493), (0,3989), (2,858), (4,3167), (4,3394)
pabeses	(0,6958)
sintiera	(5,2245), (1,13048)
acompanarlos	(1,15018)
maliciosas	(1,16740), (4,8364)
15641	(0,4225), (0,12003)
aplicarlos	(5,1278)
pensasen	(5,1351), (1,6533), (1,17542), (1,9929)
roncando	(1,10547)
rapemos	(4,6304)
estatuas	(1,7782), (5,6045)
felipinas	(0,9218), (0,9155), (0,12934), (0,6279), (0,6249), (0,11019), (0,10989), (0,6254), (0,13518)
yacente	(2,3734)
consideracion	(1,13027), (1,17670), (1,1353), (3,2923), (3,172), (0,1770), (2,2317), (1,16012), (1,6093), (1,9263), (1,6480), (5,1335), (1,1654), (1,3225), (1,10938), (1,11770), (5,2144), (1,2940)
llebaredes	(0,4489)
magnanimidad	(5,7733), (5,2530)
agramante	(5,3056)
brazaletes	(1,6674)
renirles	(1,16598)
congestionado	(2,7762)
aludido	(5,4923)
ripa	(4,3049)
mueven	(5,6420), (1,1001), (1,7310)
designio	(1,8850), (1,13379), (1,9956), (1,11368), (1,2122), (1,3290), (1,3643), (1,9147), (1,9212), (1,15916), (5,2993), (1,3597)
15651	(0,12080), (0,9339)
prestando	(0,151), (2,443), (5,7791)
antedicho	(3,2837), (3,2982), (3,2919), (4,8524)
platica	(1,4768), (0,7617), (1,16551), (1,17703), (1,18091), (1,18219), (4,8146), (1,18737), (0,4050), (1,15797), (0,5333), (1,6582), (1,18102), (1,5816), (0,5719), (4,5344), (4,8290), (0,8286), (1,15812), (1,3910), (0,3945), (1,6218), (1,16203), (0,4722), (1,10451), (0,10358), (4,4989), (1,18273), (0,4871), (1,10858), (4,654), (1,3438), (4,5649), (0,1939), (1,10104), (4,5660), (1,15610), (1,5627), (1,11006), (0,677), (1,18823), (1,16008), (1,12425), (4,686), (4,688), (1,15503), (1,5010), (4,313), (0,8886), (1,10648), (1,5276), (1,5279)
rios	(3,866), (5,7972), (5,7909), (0,6977), (0,10244), (3,1064), (5,5290), (5,7850), (0,6983), (3,299), (3,301), (3,1457), (5,7924), (4,2389), (3,1461), (3,1589), (3,310), (3,2551), (0,3733), (0,10006), (4,4381), (0,4442), (3,2302), (3,3006), (0,10523), (0,6684), (0,9949), (0,10526), (3,578), (0,7903), (3,2052), (5,6153), (5,7883), (0,10215), (0,7208), (1,1611), (1,1613), (5,7700), (3,2003), (3,1044), (3,1046), (0,3828), (0,11574), (4,4091), (3,1439), (5,4962), (5,7715)
gobernarse	(5,4514)
halladas	(2,1250)
sepamos	(4,141), (4,5297), (1,15134), (1,16302)
absoluta	(5,773), (5,3093), (5,1142), (5,1783), (5,2279), (5,5783), (5,1481), (2,3478), (5,490), (5,3483), (5,1360)
paresciera	(4,821)
desdice	(1,2824), (1,9192), (1,14076)
jitanos	(1,2464), (1,290), (1,2467), (1,1573), (1,1768), (1,2408), (1,297), (1,1579), (1,2411), (1,2543), (1,2036), (1,2166), (1,1531), (1,1151), (1,1856), (1,2176), (1,17792), (1,12161), (1,17793), (1,1858), (1,2370), (1,2434), (1,17858), (1,259), (1,17924), (1,2693), (1,1542), (1,17864), (1,17866), (1,1803), (1,2188), (1,269), (1,2189), (1,272), (1,2128), (1,1873), (1,1810), (1,2386), (1,17876), (1,1749), (1,8407), (1,2137), (1,2841), (1,1819), (1,2397)
15655	(0,11705), (0,12041)
cabeza	(2,4354), (1,4385), (2,7682), (5,936), (1,17449), (4,3278), (2,5648), (1,9266), (4,1494), (1,16435), (4,2519), (1,17717), (2,6424), (1,9015), (1,17463), (4,476), (1,17721), (2,3358), (0,8029), (2,1312), (1,14657), (2,3619), (2,7717), (5,5833), (1,17733), (1,17991), (1,18250), (2,3629), (4,8175), (1,13902), (2,7730), (1,9554), (4,3318), (4,6134), (2,3385), (1,11865), (5,991), (2,7485), (1,2144), (1,14688), (1,17761), (2,3651), (4,8456), (1,3943), (4,8458), (2,7241), (0,7048), (4,3598), (4,7438), (2,1613), (2,5975), (2,4442), (2,4189), (1,14205), (2,3423), (2,5727), (2,3168), (2,3426), (2,6754), (1,14467), (2,8039), (5,5390), (5,6414), (1,11402), (5,1296), (2,6001), (1,11412), (2,2422), (1,17558), (1,17815), (1,18839), (2,7801), (1,13977), (5,1822), (2,3459), (2,6019), (4,1865), (2,3975), (0,8389), (1,167), (1,4263), (2,6024), (1,11945), (4,6735), (4,7247), (2,6031), (2,6035), (1,12978), (2,6038), (2,3736), (1,4024), (0,473), (2,3995), (2,6043), (5,1855), (2,3484), (2,6046), (0,13536), (0,13537), (1,1475), (2,7332), (1,201), (5,2640), (4,4468), (2,4530), (1,1492), (5,1625), (5,7515), (2,953), (1,7899), (0,8954), (2,4285), (5,1378), (2,5823), (4,386), (1,8927), (2,194), (1,4322), (1,14564), (5,3436), (1,15848), (2,202), (5,877), (1,7401), (5,5486), (2,204), (1,18670), (0,10767), (2,2002), (1,18674), (1,3316), (2,6101), (1,4342), (2,6104), (0,8985), (1,18682), (4,2467), (2,3297), (2,5858), (4,5799), (1,16646), (4,1454), (4,5806), (1,5387), (2,749), (4,7089), (5,5267), (2,754), (1,6676), (1,8468), (5,5788), (4,956), (0,5433), (2,7932), (5,5026), (1,8991)
primeramente	(0,1375), (0,1391), (0,1380), (0,5908), (1,13925), (0,117), (0,1560), (4,5644), (0,1100)
conciliabulos	(2,2099)
absoluto	(5,6870), (1,10980), (2,1718), (5,5225), (5,5034), (2,3098), (2,2267), (2,4491), (5,5375), (2,6732), (5,2627)
vendre	(1,9808), (0,2021)
semulela	(4,7525)
bastale	(1,9204)
documento	(5,7141), (5,7622), (0,13220), (3,2153), (5,2381), (5,1262), (0,13386), (5,2352), (0,13676), (0,205), (5,3060), (0,13135), (1,5170), (5,439), (5,1528), (5,1689), (0,11860), (0,13366), (0,695), (0,13114), (0,12923), (0,13211), (0,11805)
avisada	(1,10291), (2,3146), (1,9226)
vendra	(2,3009), (4,5155), (5,1996), (1,841), (1,18762), (2,7824), (2,6707), (2,7891), (1,5461), (2,3065), (1,16541), (2,3008), (1,5983)
generales	(5,4644), (5,5413), (2,2051), (5,267), (5,591), (0,13578), (5,179), (0,752), (2,6386), (1,6771), (5,1689), (5,5369), (0,9172), (5,538), (5,5338), (5,4059)
cclxix	(0,11756)
paresciere	(0,5122), (0,5314), (0,9283), (0,4676), (0,4421), (0,5318), (0,3083), (0,4940), (0,5200), (0,4497), (0,5203), (0,2135), (0,4439), (0,5015), (0,4953), (0,5403), (0,4508), (0,4445), (0,4062), (0,4770), (0,5218), (0,5412), (0,4454), (4,1259), (0,5168), (0,4274), (0,4340), (0,4660), (0,4980), (0,5300), (0,4789), (0,3191), (0,3448), (0,4281), (0,4410), (0,4666), (0,5245)
treviano	(1,7748)
guipuzcoa	(0,13239), (0,600), (0,5868)
alocucion	(5,6261), (5,6454), (5,6919), (5,6940), (5,6303), (5,7970)
melecina	(4,3783), (1,757), (4,5690)
recogieronse	(0,8092)
desarmado	(5,2281)
envarcados	(0,4499)
1560s	(0,3375)
leite	(0,854), (0,13494), (0,12698), (0,494)
acompanes	(2,4228)
adoptarlos	(3,2770)
gire	(3,2753)
pabesas	(0,8601)
aderezar	(0,3975), (1,12938), (1,15501)
acompanen	(3,2661)
pusimosle	(0,9836)
sobredichas	(4,5609), (4,8778)
intrepidamente	(5,4999), (5,2783)
infinitamente	(5,5892), (5,679)
desvanecerian	(5,1851)
paresciese	(0,4037), (0,6603), (0,4012), (0,4060), (0,4014)
giro	(5,7910), (5,1965), (3,2348)
manejaban	(3,1472)
preparando	(5,7877), (2,3383)
robayna	(4,5690)
esperimentado	(1,10629), (0,4149), (0,5749), (1,8763), (0,7614)
avisado	(1,7204), (5,2202), (0,2359)
comiste	(4,7166)
godoy	(2,3202)
humeda	(0,4135)
godos	(2,4483), (2,3236), (2,5669), (2,3209), (2,3753), (2,8042), (2,3791), (2,3217), (2,3222), (2,4534), (2,3832), (2,4345), (2,3200), (2,3808)
talamo	(1,2757), (1,17613)
historicos	(2,261), (5,92), (3,207), (5,5682)
misterios	(2,2003), (2,1720), (2,1903)
anchas	(1,9393), (5,801), (0,6718)
rito	(2,2419), (2,2023), (2,2248), (0,1735), (2,6681), (2,1706), (3,1917)
azorados	(5,2775), (1,5900)
seremos	(2,5234), (4,1142), (2,5079), (4,8396), (2,5293), (1,5676)
borrachos	(4,1649)
baxamos	(0,9691)
fogosidad	(2,5551)
incendio	(5,6404), (1,13123), (5,8344), (0,8611), (5,6426), (5,6395), (1,6312), (5,6448), (1,18428), (5,1187), (2,3248)
alanos	(1,16340), (1,16344)
especialisimas	(5,6777)
fenomenos	(2,3733), (2,3877)
agobiados	(5,2482)
publico	(5,1960), (5,7597), (5,1454), (4,208), (5,3507), (1,18097), (5,5944), (0,13139), (1,4665), (2,4124), (5,6335), (5,5184), (0,6364), (1,190), (2,4128), (5,5315), (5,5955), (1,17599), (0,3041), (5,7622), (4,230), (5,5192), (0,2150), (3,266), (5,7244), (3,1419), (2,5420), (5,4176), (4,3058), (1,5969), (5,5718), (0,2546), (5,7767), (1,8918), (2,826), (5,1629), (5,5086), (5,7647), (0,2555), (5,1506), (2,837), (3,169), (0,2054), (5,6379), (1,6123), (5,6002), (5,5363), (5,7669), (5,4215), (1,14707), (5,2683), (2,90), (4,8479), (1,12796), (5,1667), (1,15234), (1,7300), (0,2212), (5,2314), (4,171), (1,17162), (4,2478), (4,8496), (1,18193), (5,3606), (5,6296), (5,1437), (5,6429), (5,3743)
presion	(2,4680)
publica	(5,2086), (1,10920), (1,8491), (5,561), (2,6801), (3,244), (5,1339), (5,5052), (0,4824), (5,3648), (5,5956), (2,3874), (2,675), (5,5450), (1,2504), (5,3533), (5,7249), (5,2643), (5,3925), (5,6742), (5,3800), (5,4184), (1,8917), (2,311), (2,6713), (5,990), (0,1401), (1,8410), (5,3172), (5,3689), (5,2795), (2,1741), (5,373), (5,3957), (5,6006), (5,3703), (2,1239), (5,1019), (5,2043), (5,4351), (5,5759), (2,358), (5,3849), (5,7305), (1,14854), (5,3214), (1,17162), (5,3856), (1,13452), (5,1555), (5,4627), (5,408), (5,1691), (5,7579), (2,1152), (5,2211), (5,5027)
fallesca	(4,8533)
mortalmente	(5,4933), (0,6658), (5,5755)
reiteradamente	(5,756), (5,5339)
seduccion	(5,4324)
bastame	(4,5754)
platonico	(5,2676), (1,11585)
muevas	(2,5843)
protestan	(2,6783)
atinadamente	(0,12906), (5,3184)
protestas	(2,3418), (2,2143)
risa	(1,8386), (1,11715), (1,2532), (1,10597), (1,12038), (1,16776), (1,7756), (1,12206), (1,10448), (1,6066), (2,5044), (1,10486), (2,1881), (4,6524), (2,572), (0,6460), (5,802)
15619	(0,3473), (0,3553), (0,11973), (0,11966)
protestar	(2,2132), (0,3021)
confusamente	(5,6183), (1,16312), (2,7869)
consintio	(5,5141), (1,9604), (0,6950), (1,14919), (0,8280), (1,6794), (1,9146), (4,626), (0,7582)
mascara	(5,4040), (2,5048), (4,8860), (2,5053), (4,7922)
rise	(5,5705), (5,8635)
declarados	(0,4401), (1,3987), (0,1411), (1,16533), (0,8215), (5,3026)
gocemosla	(1,2668)
llorosas	(1,2514)
15614	(0,3575), (0,11978)
andabamos	(0,8264), (0,11096)
charles	(5,5958), (5,3326), (5,480)
vendeldos	(4,8092)
aplacar	(1,4230), (2,6622), (2,2528)
nobilisima	(2,5347)
vender	(0,10755), (0,5189), (0,6789), (1,298), (0,7626), (1,18731), (1,18798), (0,8209), (4,4375), (0,6422), (1,1016), (4,2011), (0,10329), (1,10942), (0,7966), (1,1537), (4,8101), (4,2215), (0,7843), (0,7971), (0,6372), (2,1703), (1,18822), (0,7974), (1,13710), (0,2670), (4,6584), (1,4055), (0,5175), (1,17880), (3,1820), (4,6718), (2,2621), (1,3484), (4,2497), (0,7101), (3,417)
vendes	(4,5872)
confiriese	(3,2579)
venden	(1,290), (4,7269), (4,1255), (4,5481), (0,7445), (1,8167), (0,7594), (1,17374), (4,5362)
comprometas	(2,3918)
estoviesen	(0,1046), (0,1052)
didot	(5,4753)
rocio	(2,484)
recogido	(1,13812), (1,9558), (0,8667), (5,4306), (1,7743)
pruebas	(2,1089), (2,1761), (2,7873), (2,1635), (5,3238), (2,7875), (5,5896), (2,7878), (2,1672), (2,4521), (5,2862), (1,6892), (2,1617), (1,12113), (2,564), (1,17300), (5,5886), (5,7614), (3,2593)
datiles	(4,4196)
give	(4,4), (5,5), (0,13952), (3,5), (0,13826), (2,5), (5,9096), (1,5), (0,6), (1,19208), (1,19081), (3,3244), (4,9133), (4,9010), (5,9107), (2,8273), (5,8980), (3,3255), (3,3128), (0,13941), (2,8284), (2,8157), (1,19197), (4,9122)
gemidos	(1,13362)
falero	(0,11819)
escribeme	(0,3236)
ecos	(2,5026), (5,6421)
zanjar	(5,1518)
acento	(5,581), (5,214), (5,455), (2,1380), (5,3639), (2,7797), (2,1656), (2,6696), (2,6473), (5,6397), (2,1406), (5,5011)
ventilado	(2,1975)
compuesto	(1,17633), (2,7107), (4,358), (5,2088), (4,8487), (4,10), (4,79), (1,397), (1,18287), (1,11953), (1,18068), (5,4829), (1,9532), (5,7587)
susurraban	(2,7679)
dispensacion	(1,12865)
ponemos	(4,7598)
delgadez	(2,645), (5,4243)
compuesta	(1,3488), (0,257), (0,289), (0,898), (5,1512), (1,8837), (0,11845), (4,8299), (1,9227), (0,11850), (5,7024), (5,4402), (0,242), (5,4089), (5,3066), (1,16921), (1,8251), (5,416), (1,18140), (0,893)
visperas	(0,6128), (5,6054), (0,7026), (0,8469), (1,375), (0,7163), (0,6732)
avisare	(2,5699)
apease	(1,11397), (1,15241)
bastara	(4,8214), (0,7720)
sacaronle	(1,2157)
afortunadas	(5,1323)
azemileros	(0,8999)
callejas	(1,4922)
culantro	(4,2323), (4,420), (4,917), (4,7269), (4,5482)
agradable	(1,3856), (5,5892), (1,7776), (1,2641), (5,3734), (1,13253), (1,9464), (2,2026), (1,9595), (1,8718), (1,5279)
historiadores	(0,12994), (0,13016), (5,6575), (5,5633)
canonazos	(5,3044), (2,186)
livia	(1,15215)
caballeria	(1,13731), (5,808), (2,5205), (2,7063), (3,1789), (4,8480), (2,864)
tortolillas	(0,6692)
comedora	(4,2825)
quiroga	(3,794)
solicitadora	(4,382)
cantado	(1,11889), (1,18451), (2,429), (2,2159)
titereros	(1,8384), (1,17373)
escandaliza	(4,7203), (1,17685)
mandadas	(0,2018)
prueban	(5,6878), (2,2445), (2,6270)
alcantara	(1,12768), (1,11130)
avisase	(1,12561), (1,14741), (1,5496), (1,7226), (1,7851)
vendia	(1,18315), (1,17916)
cejijunto	(1,5130)
alanis	(1,7757)
sazones	(1,9531)
comprometen	(2,7391)
recogida	(1,4608), (1,18501), (1,5805)
esgrimiendo	(5,3207), (1,17245)
chistaba	(2,3734)
designar	(5,3159), (5,1208), (5,1337), (0,296)
tentativa	(5,7140), (5,2901), (5,7078)
suenos	(4,7542), (4,5721), (4,5786), (1,16215), (4,5790)
trapero	(4,985)
alanje	(5,8085), (5,7295)
homenajes21	(5,1631)
alpuente	(2,5409), (2,5523), (2,5651), (2,868), (2,4390), (2,5430), (2,5127), (2,6298), (2,5435), (2,5531), (2,6347)
preside	(2,1954), (2,4066)
procesos	(5,3821), (3,1852)
cenaron	(1,17240), (2,5630)
definidosse	(5,2998)
vagamundos	(1,17200), (4,6568), (1,5294)
chorreaba	(2,6032)
blanduras	(4,2357), (4,3545), (4,682)
manoseada	(2,4940)
infligir	(5,576)
oblicuidad	(3,2408)
sinoga	(4,2167)
archivos73	(5,7130)
mecum	(1,16704), (1,16800), (1,16771), (1,16774)
veolo	(1,8337)
platico	(4,2053), (0,938), (0,7645), (0,7614)
metilo	(4,6096)
vendio	(4,793), (1,4007), (4,639), (4,7039)
rasgado	(1,12136)
rizo	(5,6745), (5,8463)
orlando	(5,8548), (5,6477), (5,6466)
caramillos	(4,885), (4,4759)
gentileza	(4,3955), (4,8084), (1,13105), (1,7762), (1,13507), (1,14707), (1,10468), (1,12582), (1,11192), (1,12937), (1,6540)
nombrarse	(1,2812)
bastase	(0,8069), (1,12298), (0,7293)
rescibillo	(0,7938)
agravandose	(5,1730)
cantada	(1,307), (1,564), (5,7055)
esportilla	(0,9952), (1,4962), (1,5106), (1,16771), (1,4805), (1,5115), (1,5100), (1,5101)
burilando	(2,1882)
desatasen	(1,16676)
manoseado	(2,6676), (5,6312), (5,6504)
marchar	(2,7301), (1,7719), (2,508), (5,2897), (2,1184)
opulentisimo	(2,5639)
marchas	(3,2434), (3,2462)
encontraramos	(3,846)
riyo	(1,18213)
correreis	(0,4626), (0,4635), (0,4716)
extemporanea	(2,2612)
veola	(4,2615)
replicaba	(5,4935)
delgadas	(0,11525), (0,7544), (0,11368)
disquisiciones	(5,4794), (5,6722)
fantasias	(4,6885), (2,4971), (1,1020)
concluyente	(5,6266), (5,7713), (5,1939)
reformarse	(5,5040)
necessarily	(3,3364), (4,9254), (1,19317), (2,8393), (0,14073), (5,9216)
destierre	(0,2239), (0,2244)
sinsonaderas	(4,4098)
sintiese	(1,10144), (5,7510), (0,7396), (1,3272), (1,10185), (5,5569)
fuerzas	(1,8866), (1,675), (1,3748), (1,680), (1,8808), (1,14059), (1,9836), (5,1457), (1,5422), (0,9421), (2,4753), (1,5040), (2,8019), (1,16306), (1,2229), (1,4853), (0,5013), (1,8822), (5,5051), (5,317), (1,3513), (0,4058), (1,3329), (1,8641), (1,8705), (1,13186), (5,3015), (2,4069), (1,14599), (2,1450), (5,3984), (1,205), (5,1361), (1,10510), (2,4658), (5,1238), (0,4978), (1,13523), (1,10260), (5,5081), (1,18903), (2,4985), (1,13917), (0,6397)
destierro	(1,4691), (5,5417), (1,12118), (0,3862), (1,7192), (0,360), (2,795), (5,6079), (5,7103), (5,2880), (2,1071)
insertaban	(5,683)
sudores	(1,16102), (1,15751), (1,16103), (1,16327)
bastava	(0,10256)
breach	(5,9092), (0,13937), (3,3240), (1,19193), (4,9118), (2,8269)
fortuita	(0,754)
critica	(0,767), (5,7271), (0,196), (5,5033), (0,521), (1,44), (5,7728), (5,562), (5,5362), (5,8309), (0,145), (5,1398), (5,8311), (5,7161), (0,661), (5,1339), (2,4184), (0,151), (2,4063), (4,228), (5,5253), (2,6818), (5,6285), (0,169), (5,6287), (0,750), (5,6676), (5,7701), (5,7575), (5,7639), (5,5277), (5,7779), (5,8867)
desperado	(4,7122)
vacas	(3,950), (3,1273), (3,1819), (3,861), (3,862), (3,1902), (3,513), (3,1905)
copiado	(5,6101)
surtos	(0,3440), (0,4914), (0,8406), (0,10491), (0,9996)
bolcanes	(0,10911), (0,12583), (0,10936), (0,10907), (0,10908)
merced	(4,8137), (1,5159), (5,7083), (4,4043), (4,5070), (4,5071), (1,8236), (1,12343), (1,16441), (1,6203), (1,18494), (0,3166), (4,5090), (4,5094), (0,1123), (0,1128), (1,12364), (4,6129), (0,1134), (1,5201), (4,5110), (1,5204), (1,5206), (0,1142), (4,8190), (0,9341), (1,14430), (4,5123), (0,1154), (1,14441), (1,12394), (1,12395), (0,9356), (0,1168), (1,5236), (0,1174), (4,5147), (4,8221), (0,158), (1,18559), (0,1187), (0,165), (4,5165), (1,5265), (4,5178), (4,5182), (0,1213), (5,5154), (4,7240), (4,4169), (1,12454), (4,5195), (1,5289), (4,5198), (4,5202), (4,6228), (4,5206), (0,3293), (4,7267), (1,11460), (1,12487), (0,1261), (4,5236), (0,1265), (4,1143), (0,1267), (0,3325), (0,1281), (0,1287), (0,264), (4,3216), (4,3217), (4,3218), (1,12532), (1,12537), (1,12538), (1,1277), (1,6397), (4,1189), (4,3237), (1,6410), (0,9514), (4,7344), (0,9517), (0,1329), (0,1335), (4,7355), (1,4381), (4,7360), (4,3267), (4,7367), (4,7368), (4,5322), (4,3275), (4,3276), (4,3277), (4,2255), (4,3279), (4,5327), (0,1370), (4,4320), (4,6372), (4,6378), (0,1388), (0,3436), (4,3314), (1,2387), (4,6390), (4,5367), (4,7416), (2,4411), (4,7422), (4,5379), (0,3465), (4,5390), (1,12651), (0,2445), (4,5396), (1,15730), (4,5401), (4,6425), (4,8478), (4,8480), (1,15741), (5,258), (0,2465), (0,7587), (0,7589), (1,12679), (1,12680), (1,15753), (4,8493), (1,15755), (4,5423), (1,6542), (4,6452), (1,15762), (4,7479), (0,2489), (1,15770), (1,6557), (0,2494), (0,1471), (4,7491), (5,2342), (0,2499), (4,7496), (1,15782), (4,5452), (4,7501), (1,15786), (0,2506), (1,12716), (4,5463), (1,15796), (4,6491), (1,16826), (4,3423), (1,6588), (4,5476), (1,5569), (1,15822), (0,2544), (0,2546), (4,4473), (4,7546), (4,3452), (0,2554), (4,7550), (4,7551), (4,5504), (4,7552), (4,7553), (0,2558), (4,5507), (1,15842), (0,3586), (1,15844), (4,395), (1,13805), (0,2576), (4,3491), (1,5634), (4,4521), (1,12807), (0,2601), (0,2606), (1,4624), (1,14865), (1,4630), (4,3516), (1,6687), (1,4640), (2,7681), (4,3524), (4,5574), (4,7624), (4,4554), (1,4648), (1,4654), (1,14894), (1,4661), (4,473), (1,4662), (0,2646), (1,4666), (1,6715), (0,2651), (0,2654), (1,4671), (0,4703), (1,6720), (4,486), (1,15939), (1,15941), (0,2661), (4,494), (0,2668), (0,2679), (1,4696), (1,4698), (4,515), (1,4704), (4,516), (1,14945), (0,2690), (0,2692), (4,521), (0,2696), (1,4713), (1,4714), (4,529), (4,4633), (1,4738), (4,6693), (1,18050), (1,6796), (1,7822), (5,4631), (1,12949), (4,5693), (1,2715), (4,2625), (4,4673), (1,6814), (1,13984), (4,3652), (4,3653), (1,6821), (4,586), (4,3659), (4,2636), (4,3662), (1,16044), (4,3664), (4,2644), (4,2646), (4,2649), (1,10936), (1,15032), (4,4701), (1,16058), (0,2778), (0,2784), (1,10945), (0,2785), (4,617), (1,12998), (4,2670), (1,5838), (4,3703), (0,2809), (1,9946), (4,3714), (1,2786), (1,5859), (0,2822), (1,744), (0,2824), (4,3725), (1,18155), (1,4845), (1,16109), (0,2829), (4,5778), (1,18159), (1,16112), (0,2833), (1,16115), (1,4853), (0,2837), (4,2715), (0,2840), (1,16123), (4,1696), (1,16129), (4,7853), (0,2858), (1,16142), (0,12082), (4,7866), (1,16156), (1,4893), (1,6945), (1,4899), (1,16163), (4,7879), (1,4903), (4,2766), (1,4911), (1,11064), (0,2908), (1,16189), (0,2909), (4,3810), (1,16192), (4,2791), (1,4932), (0,2917), (4,7913), (1,16199), (4,2796), (4,5869), (1,10058), (4,2798), (4,2806), (4,2807), (5,3800), (4,3834), (1,16215), (4,3835), (1,16218), (4,3842), (0,2946), (1,5989), (0,2950), (4,7950), (1,16237), (1,18291), (1,6006), (1,891), (4,4894), (4,5918), (1,4992), (1,901), (4,4905), (4,7981), (4,2862), (4,3886), (0,2986), (4,7983), (4,816), (4,2866), (0,2990), (4,3891), (4,4915), (4,1845), (4,2869), (4,2873), (1,5014), (0,2999), (0,959), (0,3007), (0,3009), (0,3012), (4,4938), (4,2892), (4,3922), (4,4947), (4,4951), (4,4953), (1,5051), (4,4962), (4,3939), (0,9185), (0,9187), (0,1004), (1,5069), (4,3956), (0,1009), (1,5074), (0,4089), (0,1021), (0,4098), (4,2951), (1,9196), (4,5008), (4,3986), (1,9199), (4,5014), (1,10230), (4,5022), (1,10240), (0,9251), (1,10244), (1,17416), (1,4107), (4,4015), (4,8114), (4,4024), (1,5144), (1,10264), (1,5145), (1,17435), (4,4031), (1,12317), (1,15390)
recreacion	(4,8340), (1,184), (4,8334), (1,8415)
cantaba	(1,547), (1,16483), (1,9668), (1,11767), (1,11785), (1,284), (1,2318), (1,6143)
cultivo	(5,6334)
oyesme	(1,8745)
advirtieron	(5,867), (1,11375)
desdigo	(1,4534)
critico	(5,7205), (5,3814), (5,4333), (5,3440), (5,6259), (5,4405), (5,5880), (5,3898), (5,7866), (0,12950), (5,7740), (5,5950), (5,6783), (5,5120), (2,1697), (5,5636), (0,225), (5,6280), (5,5195), (5,6284), (5,6286), (5,7824), (5,2642), (5,8531), (5,3156), (5,7767), (2,4150), (5,6814), (5,6816), (5,7392)
fortuito	(0,2640)
palarea	(2,4807)
comprometia	(5,7618)
delicadas	(2,2597), (4,8537), (1,16522), (1,3167)
desdiga	(1,2656)
complementario	(0,867)
sucediole	(1,3291)
tributarias	(1,11384)
quisimos	(0,9935), (0,9844), (0,10196), (0,10188)
reprendiendo	(4,8302), (4,8351), (4,7106)
oreginal	(0,9138)
sauce	(3,877), (3,750)
brink	(5,5721)
presumia	(1,17208)
divicia	(4,6629), (4,8824), (4,6857), (4,6650), (4,7034), (4,8826), (4,6539), (4,6860), (4,6751), (4,6656)
tanido	(3,162), (1,9865)
aversion	(5,5851)
convidaban	(0,6774), (2,265)
advirtiole	(1,3766)
robos	(0,7745)
dicen	(0,6720), (4,3269), (4,7623), (3,743), (4,5320), (4,5322), (3,747), (1,11308), (3,1775), (2,6414), (1,12333), (3,1776), (1,12337), (2,7955), (4,6362), (1,4921), (4,8412), (4,2525), (4,479), (1,5185), (0,7521), (4,2023), (4,2791), (4,7143), (1,14916), (0,6760), (2,2347), (4,6382), (3,783), (4,1778), (4,3314), (4,5362), (0,10865), (3,1301), (5,5335), (1,2902), (1,17495), (4,2557), (2,2875), (2,7227), (4,4353), (4,7937), (4,1539), (1,11107), (2,325), (3,1318), (4,5127), (4,5639), (4,7432), (4,5129), (1,1127), (1,10343), (1,13159), (4,3596), (4,5644), (3,1324), (1,13419), (4,1296), (3,1328), (4,3601), (1,16750), (0,6030), (0,6799), (3,822), (4,6423), (1,18036), (4,1818), (2,2136), (1,5241), (4,6175), (3,831), (1,897), (2,1638), (1,12166), (1,17804), (1,18321), (0,7607), (4,5694), (1,3229), (1,8093), (1,159), (1,672), (2,6786), (4,8260), (4,2373), (4,7750), (4,5195), (4,6219), (0,11466), (3,878), (4,5967), (4,4688), (2,5518), (2,5519), (1,8625), (1,17841), (3,1908), (1,17586), (2,6040), (1,1208), (3,1402), (4,8286), (4,1379), (4,2915), (4,4195), (4,8291), (0,7648), (0,7650), (3,903), (1,5063), (3,1930), (4,3181), (0,6121), (1,16074), (0,3051), (2,4525), (0,3054), (4,6515), (4,6516), (3,2196), (4,5494), (4,1401), (1,11222), (4,1403), (2,1977), (4,892), (4,7550), (4,4223), (1,8927), (2,4033), (0,8959), (1,14305), (4,6789), (4,1670), (4,7562), (1,16103), (4,8844), (2,7115), (1,1260), (4,8848), (2,7120), (1,1266), (1,17394), (1,1268), (4,8601), (1,1271), (4,923), (3,699), (4,3740), (2,476), (4,6817), (3,706), (4,5283), (0,3872), (4,8357), (4,2983), (1,15108), (3,711), (4,5800), (4,8360), (4,8361), (1,8454), (3,457), (2,6121), (1,10760), (2,5101), (1,15116), (1,17679), (3,722), (4,5299), (1,17429), (0,11574), (4,4283), (1,17688), (1,6681), (1,3867), (0,11578), (4,5311), (4,8127), (1,11548), (4,6593), (1,17182)
herrero	(4,4019), (0,5457), (4,1880), (4,1902), (2,7694)
zerraban	(0,8560)
malino	(1,5652)
leian	(4,299), (2,6106), (5,6605), (5,1104)
resistiendome	(2,1086)
dices	(4,7172), (1,11617), (1,4002), (1,4066), (2,5891), (2,3588), (2,3401), (1,3630), (1,17838), (1,4081), (1,3572), (3,2743), (4,5914), (1,16250), (1,1084), (2,4264), (2,3435), (1,4106), (1,8906), (4,1263), (1,4108), (4,5743), (1,16848), (4,7351), (2,7863), (1,18262), (1,3031), (1,664), (1,16792), (1,1690), (2,3453), (2,5757), (2,1791), (4,4865), (1,16799)
presumir	(0,2866), (1,17172), (1,1388)
briviesca	(0,12191), (0,713)
reparolo	(1,8586)
brios	(1,8817), (1,13164), (3,671)
domiciliado	(5,1532)
remediable	(4,7130)
tamunan	(0,8817), (0,8835), (0,12486)
hoguera	(2,1700), (2,6998), (5,2924)
especialidad	(5,5719), (0,181)
ponenles	(0,9932)
albarracin	(3,658)
dexemos	(4,851), (4,4696), (4,444)
potencia	(1,18166), (3,2281), (2,4184), (5,4976), (2,7037), (4,5825), (5,7762)
benefactores	(5,1973)
cicatrizaba	(5,5979)
pariese	(1,12483)
partera	(1,8962), (4,3478), (1,14631), (1,12475), (1,14381)
ancla	(0,6146), (0,9778), (0,6148), (0,9782), (0,9783), (0,425), (0,7161)
modestia	(2,2049), (2,5796), (4,8331), (5,5534), (5,977), (2,1712), (1,16639)
preguntandolo	(1,5628)
colchas	(0,4453)
pretextar	(0,13432)
dicha	(0,10815), (0,1090), (5,4013), (0,11849), (0,1101), (1,9263), (0,1104), (0,1620), (0,1624), (0,5208), (0,3161), (0,5211), (0,5723), (0,5213), (0,10845), (0,9824), (3,1034), (0,1642), (0,4715), (0,9323), (0,1644), (0,10863), (0,1138), (0,1139), (3,539), (4,6141), (0,1148), (0,1662), (0,10879), (0,1665), (0,5251), (0,10883), (0,10886), (0,6792), (0,2185), (0,10890), (0,10891), (0,11923), (0,9876), (0,1687), (4,8732), (0,4249), (0,6809), (0,4251), (0,8860), (0,1693), (0,1694), (0,5790), (0,2726), (0,4269), (0,11438), (0,11439), (0,1207), (0,1214), (4,6212), (0,1217), (0,4289), (4,6213), (0,9412), (0,709), (0,1221), (0,4295), (0,4296), (0,11465), (1,18608), (0,4307), (0,11988), (5,6202), (0,13525), (0,726), (0,1238), (0,11478), (0,727), (3,1147), (0,11483), (0,1244), (0,4316), (0,4828), (0,9436), (0,1246), (0,4319), (0,11488), (0,5346), (5,4168), (0,4328), (0,4331), (0,4335), (5,6228), (1,11472), (0,1264), (0,10992), (0,4337), (3,1176), (0,1269), (0,11509), (0,12021), (1,13539), (0,1283), (0,1284), (0,11528), (0,4362), (0,4364), (1,18669), (0,12045), (3,1713), (0,12046), (0,6930), (0,11539), (0,1813), (0,278), (0,5912), (0,4378), (0,13594), (0,11547), (1,2815), (0,11552), (0,10018), (5,7304), (0,4388), (0,11557), (0,1318), (0,1322), (1,8973), (0,5421), (0,5422), (0,5935), (0,4400), (0,1332), (0,1335), (0,5432), (1,18203), (0,5436), (0,3392), (0,5440), (0,3393), (0,5441), (0,5442), (0,1349), (0,3910), (0,5448), (0,1865), (0,4428), (0,1357), (0,3917), (0,5453), (0,3406), (0,4430), (0,3919), (0,12111), (1,818), (0,5461), (0,9047), (3,1787), (0,1370), (0,4443), (0,5467), (0,3932), (3,1792), (0,5469), (0,11615), (0,13151), (0,11616), (0,2917), (0,3429), (0,5477), (0,11621), (0,11623), (0,1384), (0,5481), (3,1294), (0,3435), (0,11628), (0,3438), (0,5486), (0,5998), (0,13679), (0,3440), (0,5489), (0,9073), (0,11636), (0,5493), (0,6007), (0,5496), (2,3388), (0,5498), (0,11643), (0,4476), (0,6012), (0,11644), (0,2941), (2,4927), (0,897), (3,1828), (0,3457), (0,11650), (3,295), (0,4484), (0,2440), (0,11659), (0,11660), (3,2352), (0,5517), (0,1422), (5,3829), (0,2451), (0,1430), (0,5526), (0,5527), (0,4506), (0,11674), (0,5535), (0,4520), (0,1452), (0,4524), (0,1457), (0,11697), (0,1458), (0,1971), (3,343), (0,1464), (3,1372), (0,1465), (0,1466), (0,1468), (0,11708), (0,10174), (0,11710), (0,4543), (0,1473), (1,18338), (0,1475), (0,1993), (1,17835), (0,4561), (0,9682), (0,2007), (0,1496), (0,10712), (0,1498), (1,5052), (0,1502), (0,5086), (0,1509), (0,2021), (0,1512), (0,11752), (0,5097), (0,1514), (4,5998), (0,5101), (0,1006), (0,4590), (0,1520), (0,4593), (3,406), (0,5108), (0,11765), (0,5111), (0,10743), (0,11767), (0,1528), (0,5113), (0,4602), (0,5632), (0,2561), (0,5121), (0,11779), (0,2565), (0,5127), (0,11785), (0,2570), (0,2572), (0,11788), (3,944), (0,5133), (0,2576), (0,5137), (3,1461), (0,5139), (0,3605), (0,4629), (0,2582), (3,954), (0,2584), (0,8728), (0,4634), (0,5148), (0,5149), (0,5151), (0,1568), (0,2592), (0,1570), (4,4007), (0,5155), (0,2596), (0,2597), (0,1062), (0,5673), (0,1578), (0,5162), (0,1068), (0,1583), (0,1072), (0,1585), (0,1075), (0,1589), (0,5686), (0,1085)
escurriendose	(2,3501)
batuecas	(3,733)
acepta	(0,576), (5,7753), (2,1403)
trofeo	(1,14474), (2,205)
acepte	(1,4073)
jalisco	(0,240), (0,1026), (0,249), (0,12686)
menudencias	(2,2234), (2,4443), (1,13515), (2,1728)
remitido	(0,609), (0,3590)
carlines	(4,2293), (4,2038), (4,2040), (4,7016), (4,7001), (4,7008)
vagamundas	(1,18225)
olfato	(1,17109)
remitida	(0,13380), (0,13591), (0,635), (3,2511)
aseguraban	(3,1215), (3,1200)
elevaban	(2,1999)
preguntandole	(1,10433), (0,7619), (3,1805), (3,1807), (3,1810), (3,1811), (3,500), (1,10580), (3,1815), (3,1816), (1,4822), (1,8247), (1,18137), (0,7676), (0,6878), (1,13375)
caballadas	(4,3671)
ultimos	(1,2592), (0,6279), (5,6700), (5,6191), (5,4594), (5,5682), (5,3507), (5,6963), (5,5237), (1,9202), (5,6138), (5,4542), (1,12218), (2,1565), (5,2308), (5,1799), (5,4239), (5,6095), (5,2456), (5,4441), (1,6934), (5,6171), (1,11863), (5,1630), (5,2273), (5,7009), (1,16926), (5,2787)
disclaimer	(3,3267), (3,3269), (2,8262), (2,8296), (2,8298), (0,13930), (0,13964), (0,13966), (1,19186), (4,9111), (1,19220), (4,9145), (1,19222), (4,9147), (5,9085), (5,9119), (5,9121), (3,3233)
sucediome	(1,16773)
emparedada	(4,3984)
desaliento	(5,372), (5,7080), (2,4537), (5,4030), (2,4061), (5,2243)
idolatran	(1,18098)
oyeredes	(1,15909)
dixeselo	(4,6081)
tanian	(1,1573)
zibao	(0,13529)
herrera	(0,9569), (0,12307), (0,12995), (0,12309), (0,9082), (1,15771), (0,9084)
pateticamente	(5,5815)
cicatrizado	(5,6925)
ampolletas30	(0,2299)
favoreciese	(5,502), (0,2450)
sumision	(0,832), (1,12810), (5,5135), (5,1746)
amonestala	(2,309)
impavidez	(2,841)
machuelo	(1,16708)
recompenso	(2,5640), (2,809)
novedades	(4,7368), (5,6666)
emparedado	(1,9704)
arengas	(5,4920)
contradiciendo	(2,2927)
aderezos	(1,12417), (0,2326), (4,7980)
ellasdespues	(3,2167)
concitar	(2,7456)
mercar	(4,2044)
238243	(5,8039)
ganaban	(1,7294)
insignia	(5,3466), (1,7390)
aprobados	(4,3631)
lleguemos	(4,3146), (4,4494)
vendas	(2,6350)
landre	(1,12618), (4,5151)
morelfatio	(5,6532), (5,6534), (5,8511)
vendan	(0,2481), (4,3446)
consignaba	(0,13092)
estanciera	(3,860)
incitaban	(1,16786), (2,5912)
metida	(0,5442), (4,4376)
recompensa	(1,2624), (2,6257), (5,1382), (1,14050), (1,11605), (1,8774), (1,7815), (1,4536), (1,13065), (1,2139), (1,1663), (5,6003)
asotiles	(1,914)
demostramos	(0,13544)
excusarlo	(0,4964)
metido	(1,2672), (1,13314), (2,1700), (4,2842), (2,5656), (0,6621), (0,10269), (2,7216)
acepto	(5,212), (1,6992), (5,5893), (1,15764), (1,3206), (2,2361), (5,4221), (2,2571), (5,609), (2,1406), (5,6035), (1,7583)
providencia	(3,1652), (3,1668), (1,2803), (2,4262), (4,8473), (2,7928), (2,7738), (3,1660), (2,4060), (3,2799), (2,5504)
hicistes	(4,5735), (4,5768)
cantale	(1,403)
fajardos	(5,6593)
novicias	(4,3050)
leida	(5,5670), (1,18502), (5,796), (3,1825)
embarcandose	(0,3635), (1,7821), (1,9390)
exige	(2,4468), (2,3848), (5,5293), (2,4107), (0,13322), (2,1806), (0,301)
hechos	(4,8452), (4,6470), (1,6820), (0,2436), (3,1194), (0,9799), (2,1227), (5,1134), (2,6219), (0,3722), (4,8144), (1,6511), (0,11919), (2,2130), (3,1653), (0,9810), (0,10002), (0,9812), (0,153), (1,1531), (0,10011), (0,10396), (1,9215), (5,2311), (1,8771), (0,10595), (5,7244), (0,170), (3,207), (0,3309), (1,2319), (1,8407), (1,6360), (2,1789), (1,14748), (2,6270), (2,768), (3,2337)
recitarle	(1,8125), (1,8127)
vellosa	(1,17729)
himnos	(1,531), (5,6991), (5,6978), (1,3823)
senorear	(4,6799)
extrato	(4,3946)
fajada	(1,9839)
desatarle	(1,13371)
leido	(5,7060), (2,4563), (1,6082), (5,807), (2,4564), (1,613), (1,18005), (5,827), (2,763), (2,5422), (5,6689), (5,7795)
agote	(1,1131)
ancianidad	(5,6876), (5,4605), (5,1630), (5,6383)
agoto	(5,2039)
emigrantes	(5,663), (5,619)
ancha	(1,1505), (1,5137), (1,16354), (1,1588), (1,7924), (1,6678), (1,7734), (4,3549), (2,3211), (1,17741), (1,13438)
pariere	(1,12469)
eynsistir	(0,2937)
xxixcomo	(4,8735)
venus	(1,9716), (4,1210), (1,6682), (1,447)
ancho	(4,6467), (1,3346), (3,1461), (3,1446), (5,121), (1,11686), (3,1098), (2,8041), (1,14169), (1,4607)
ayudarian	(5,5894)
portada	(4,123), (5,5261), (5,7629), (5,7582), (5,4754)
lenguajes	(4,6008)
spanish	(3,19), (2,18), (1,19), (0,19), (5,5482), (4,16), (5,18)
venta	(1,17281), (1,4770), (1,15844), (1,17284), (1,7974), (1,18728), (0,3401), (1,1867), (1,2443), (1,17067), (1,4621), (1,10989), (1,1870), (5,404), (5,6742), (1,4597), (1,4757), (1,8407)
galanos	(0,10594)
menestral	(2,3845), (2,4716)
insignes	(2,4720)
sucios	(1,10786), (1,7951)
cometieron	(5,3525), (0,6674)
zaguan	(1,16928), (2,7700), (2,6152), (2,6062)
inextinguibles	(2,4009)
rodean	(1,8116), (1,8743)
hallarian	(1,12594), (3,2025), (1,13303), (0,7915), (3,1121)
rodear	(1,6499), (0,10355), (3,449)
urracas	(4,5722)
vente	(1,17460)
acordamos	(0,914)
ancas	(4,2083), (1,4787), (4,8040), (1,4791), (1,4779)
meritoria	(2,3221), (4,6039), (4,5994), (4,8475), (4,5999), (4,6129)
angustiaban	(5,7111)
goberno	(5,2409), (4,3182), (5,7091)
meritorio	(2,3779)
ahorcado	(2,4450), (0,6576), (2,6084), (1,10965), (2,7591), (2,7096), (4,4524), (2,6106), (4,4493), (2,4576)
viviente	(1,14089)
confiaba	(1,14704), (0,10785), (0,8167), (5,2483)
malenconica	(4,8367)
transcribe	(0,13920), (3,3223), (1,19176), (4,9101), (2,8252), (5,9075)
mozaraves	(4,2923)
alzados	(3,1924), (3,1448), (3,2025), (1,9383), (3,1931), (3,1918), (3,1521)
presuman	(1,14932)
preguntadmelo	(1,8634)
prevenida	(1,14748)
loncomilla	(3,1798)
cambiaron	(5,1757)
follados	(1,17104), (1,17106), (1,17109), (1,17111), (1,17118), (1,17151)
jaime	(0,13617), (0,13539), (0,13467), (0,13627)
manejadas	(5,1925)
edad	(1,17698), (4,1225), (1,296), (2,4875), (5,943), (1,1324), (5,6069), (5,1718), (2,4116), (2,4884), (1,12852), (1,16436), (1,4661), (1,13366), (2,5145), (0,600), (5,4542), (5,5822), (1,5179), (1,2367), (2,3108), (1,8771), (1,9546), (5,1999), (2,3118), (1,4687), (5,7635), (1,10837), (1,6230), (2,3131), (1,6750), (5,1251), (5,5348), (5,2025), (1,8808), (5,6125), (5,4079), (1,14702), (3,2100), (4,791), (5,6150), (1,12418), (5,2824), (0,5795), (1,10629), (1,12933), (1,2953), (1,651), (1,12939), (2,2669), (2,3696), (5,6934), (5,1817), (5,3614), (2,3197), (0,13243), (2,1665), (5,2599), (5,4142), (5,1077), (1,14515), (1,2484), (1,190), (5,7746), (1,14274), (5,5703), (1,9412), (1,7621), (1,3017), (0,13300), (1,8663), (1,6104), (1,14298), (1,1245), (1,16093), (4,6785), (3,1957), (1,18147), (5,1641), (5,1389), (5,3950), (1,6124), (1,1005), (0,13326), (1,9463), (1,4600), (0,3352), (1,6911), (5,7044), (5,3717), (5,7813), (2,3811), (5,4230), (0,4389), (5,6538), (5,3981), (1,5129), (1,8971), (1,4622), (5,6291), (1,8978), (1,18195), (5,6040), (5,6552), (1,2071), (1,18203), (1,3102)
contratados	(0,2875), (0,2652)
rodeos	(1,7600), (0,2130), (1,14099), (1,16915), (3,310), (1,4116), (3,156), (1,17295)
prevenido	(0,399), (5,3781), (0,4160), (3,2438)
limpiole	(2,7770)
escusaban	(0,8234)
comitre	(1,3349)
plantada	(2,3978), (5,6863)
brucesas	(4,3015)
santisteban	(0,13488), (1,15365), (1,15383), (1,15399), (0,13497), (0,2413), (1,14510), (1,15439)
brillantisima	(5,195)
metian	(0,8482), (1,16803), (0,8003), (0,7544), (2,1629), (2,6079), (0,7389), (1,13742)
depositaba	(1,16307)
asentando	(1,5232)
enviesela	(4,819)
desabitable	(0,9846)
presentacion	(1,17273), (0,2043)
mudasen	(1,1775), (1,2207)
identidad	(5,6070), (5,5522)
origen	(5,2053), (5,4261), (2,5602), (3,2406), (5,7917), (5,6510), (0,8751), (0,176), (5,3926), (5,4889), (3,186), (1,13496), (2,6976)
armarte	(2,7508)
temperio	(4,6775), (4,6780)
senoriafernando	(0,5946)
travajare	(0,3204)
zentinelas	(0,8676), (0,8613), (0,8680)
robusto	(4,8195), (4,8196), (4,8868), (4,8165), (4,8873), (4,8139), (4,8171), (4,8076), (4,8140), (4,8141), (4,8173), (4,8178), (4,8212), (1,16342), (5,701)
domicilio	(2,1666)
atuvo	(1,14924)
preponderante	(5,5911), (5,136), (5,6602), (5,240)
camera	(1,17173)
juntare	(4,7690), (0,4382)
robusta	(5,2997), (5,2007), (5,4943), (5,562)
guayras	(3,1115)
refutacion	(5,5066), (5,4432)
armarse	(5,896)
devorador	(5,4468)
casamos	(1,2387)
galante	(2,3691)
encendidas	(1,6574)
escollos	(5,4996), (5,3355)
confianzas	(1,1085)
derrotase	(0,5916)
sentencias	(1,16850), (5,2734), (5,4878), (0,2394), (5,6911), (2,5039), (4,7282)
agora	(4,5575), (4,4040), (4,5580), (4,5581), (4,4818), (4,5842), (0,3153), (4,3798), (0,1107), (4,5592), (4,5596), (4,2270), (1,16443), (4,3295), (1,4926), (4,1510), (4,4584), (4,2025), (4,5353), (0,11622), (0,3432), (4,5868), (4,5614), (4,5615), (0,8300), (4,8177), (1,8270), (0,2928), (1,14929), (4,757), (1,852), (4,4599), (4,8439), (0,4470), (4,4348), (4,6141), (0,8313), (4,1790), (0,1403), (4,6399), (4,2561), (4,5121), (4,8197), (4,1542), (4,6408), (4,5641), (1,15206), (4,3338), (4,4112), (0,7821), (4,5394), (0,7823), (0,7824), (1,1139), (0,2194), (4,3609), (4,4379), (4,6684), (4,6687), (4,7455), (4,8480), (4,6689), (4,4386), (4,5923), (4,6693), (1,6019), (4,6183), (4,6695), (0,2981), (4,1835), (4,4907), (4,2606), (4,7983), (0,8875), (0,10923), (4,5680), (4,7984), (4,6965), (1,9363), (4,3383), (0,1462), (0,7351), (4,3902), (1,1180), (1,15004), (4,5184), (4,3650), (4,4932), (0,5316), (4,8522), (4,7499), (0,968), (4,5966), (0,2763), (4,5967), (4,1872), (4,7504), (4,5970), (4,2387), (4,5715), (0,5327), (4,1365), (4,5973), (1,1204), (4,5976), (0,4820), (4,5721), (4,5977), (4,5978), (1,2488), (0,3543), (4,5467), (4,3934), (4,5984), (4,3171), (4,5987), (4,1897), (0,5093), (4,7785), (4,5995), (0,5607), (4,5228), (1,3530), (4,5486), (0,2540), (4,2673), (4,6002), (0,2543), (4,1140), (1,5587), (0,2805), (4,8569), (1,11222), (4,378), (4,1402), (4,6268), (1,2012), (4,1157), (4,2951), (4,2185), (4,5770), (4,651), (4,1932), (4,5261), (4,398), (4,399), (4,400), (0,3340), (4,1937), (0,5902), (0,2576), (1,5617), (4,7317), (4,1430), (0,3346), (4,5273), (4,7582), (4,3488), (4,1185), (4,2465), (4,7330), (1,15103), (4,1187), (4,1702), (0,2595), (1,2821), (4,7336), (4,937), (4,6059), (4,7852), (4,6575), (1,1038), (1,14094), (1,1040), (4,7347), (1,1553), (4,2743), (4,6072), (1,1303), (4,2234), (4,8127), (4,3264), (1,13087)
catalana	(4,1093), (1,14116)
interesante	(5,5428), (5,6248), (5,4428), (5,5118), (5,7359), (5,3248), (5,3520), (5,6064), (5,6544), (5,3122), (5,5362)
atestacion	(3,1868)
domination	(5,5482)
abundancia	(5,3942), (4,6153), (0,774), (0,3784), (3,1324), (5,4206), (0,778), (2,6413), (1,16364), (4,656), (5,5618), (1,1647), (0,3726), (1,8944), (1,11315), (3,1334), (3,951), (3,376), (1,6583), (1,3390), (1,7806), (1,7680), (3,1155), (1,7234), (1,835), (3,1096), (3,204), (1,330), (3,1165), (3,1357), (1,10763), (5,1232), (3,1167), (1,2511), (0,3056), (1,7828), (3,91), (1,9564), (1,3166), (1,7839)
comarcanas	(0,3424), (0,3201), (0,738), (0,4738), (0,5637), (0,4616), (0,4650), (0,6607), (0,3441), (0,5586), (0,7443), (0,3094), (0,3223), (0,5306), (0,6010), (0,5629), (0,7197)
investigara	(5,2910)
demandaros	(4,1845)
atinara	(0,5778)
corbata	(2,2693), (2,2696), (2,3424)
ilimitadas	(5,3212), (5,7068)
widespread	(5,9174), (3,3322), (1,19275), (2,8351)
cantase	(1,11632), (1,11300), (1,5765), (1,10328)
brial	(4,5046)
espontaneo	(2,494)
rodela	(0,9952), (0,9971)
andariega	(1,1566)
dardos	(0,12927)
apellidado	(5,1366)
antiqui	(1,8096)
tempestades	(2,1748), (5,2994)
edem	(5,6743)
ampliar	(0,1750)
demandaron	(4,7199), (4,6784), (4,8834)
confiado	(1,6914), (1,14940), (1,16493), (1,3102), (0,13277)
delicados	(4,8547), (5,2235)
autenticados	(0,2652)
desfallecimientostan	(5,5461)
encendieron	(1,1886), (0,6350)
amplian	(0,866)
volcan	(3,1284), (3,1764), (3,1285), (3,1096), (3,1289), (3,619), (2,5648), (3,822), (2,6837), (3,1719), (5,5467), (3,282), (3,347), (3,1758), (3,288)
colchoneros	(2,5314)
venzo	(4,1830)
263283	(5,8025)
domestiqueme	(1,16803)
juntase	(0,10704)
biblioteca	(5,7845), (0,2404), (5,4654), (5,8178), (4,115), (5,6297), (5,7801), (5,4058), (5,6138), (4,250), (5,6177), (4,129), (5,4610), (5,8035)
leficura	(3,2064)
minsion19	(0,1078)
osawatomie	(5,2858)
dolorosos	(5,1070)
manojo	(1,11249)
confiada	(5,2425), (2,970), (1,14730)
edic	(0,13119)
extravia	(5,7748), (5,7740)
ascendieron	(5,2730)
armaron	(1,4377)
cantare	(1,1330), (1,394)
determine	(5,9188), (1,1058), (1,2339), (1,13572), (1,16613), (3,3336), (4,9225), (1,17927), (1,16586), (1,17003), (2,8365), (1,17328), (1,19289), (1,6202), (1,13914), (1,18044), (1,16861), (0,14045)
enfadadas	(1,1136)
cantaro	(1,5089), (0,10640), (1,5090), (0,7990), (4,817)
determino	(1,10533), (0,8583), (1,14056), (1,7849), (0,10313), (1,13354), (1,10859), (0,11530), (5,4208), (1,6444), (0,10768), (5,3766), (1,13874), (1,7797), (3,762), (1,3256), (4,607), (0,10332), (1,8640), (1,7044), (0,165), (1,14342), (4,554), (4,4911), (0,8428), (1,9166), (1,6161), (1,4053), (1,280), (1,2393), (1,10266), (0,11449), (1,7004), (0,10683), (0,10364), (1,14367), (1,18847)
delgados	(0,6192)
jugadores	(1,9384)
fidelidad	(1,7648), (1,4866), (1,16259), (0,5827), (1,16264), (0,2186), (2,3405), (1,14733), (1,14989), (1,8494), (1,2034), (0,4084), (0,5812), (0,9365), (5,6717), (0,9208), (2,2011), (5,4766), (0,9498)
convengan	(1,12112), (0,1171), (0,4823), (1,13642), (0,9500), (3,2528)
murmurador	(1,16850), (1,16732), (1,16462)
determina	(1,602)
cuelguen	(2,1253)
vermont	(5,1430), (5,2142)
causaproducia	(5,526)
anhelos	(5,3907)
aroma	(5,2234), (2,1545), (2,3696)
mortificabanle	(2,6150)
cantara	(2,1812), (2,6438), (4,4380)
peleas	(1,17241)
ulteriores	(5,1388)
recevido	(0,1792)
batuecos	(3,985)
sorpresas	(2,3279)
alumbrarse	(0,10014)
sobrevenir	(1,11079)
esclavizada	(5,6987), (5,4850)
iglesia	(3,2022), (1,9383), (1,6190), (1,14895), (1,14900), (1,311), (1,7488), (1,7744), (1,4801), (1,5060), (1,837), (1,8009), (5,4430), (1,7370), (0,10738), (5,5211), (0,2168), (0,8696), (2,3132), (1,8796), (1,8542), (1,479), (3,801), (1,4579), (0,5257), (1,9580), (2,2766), (1,1648), (1,14320), (3,821), (1,8566), (0,8726), (4,6172), (0,8728), (1,18938), (4,6174), (0,8730), (0,2078), (5,4099), (5,6404), (0,8741), (1,18695), (3,1996), (3,850), (0,8626), (1,9622), (0,8630), (0,8632), (5,1951), (1,8863)
ocupaciones	(2,1779), (5,2055), (2,997), (1,8132), (5,2013), (5,6334), (2,4814)
semanalmente	(5,1082)
trementina	(4,1948)
condenarme	(1,12119)
demostrando	(2,563), (2,6954)
lenceros	(1,15837)
exclamaciones	(2,5522)
colchon	(4,2041), (4,7039)
indeleblemente	(5,3603)
venga	(1,18722), (4,1222), (0,1858), (4,4043), (4,3661), (4,6221), (4,2130), (4,2642), (4,8274), (0,2128), (1,9777), (1,11061), (0,5337), (4,3166), (1,11324), (1,12223), (1,17477), (0,2021), (2,3240), (4,2798), (4,751), (4,4080), (1,8910), (2,2739), (4,5752), (4,6520), (4,7032), (4,2683), (1,10076), (4,4739), (2,5830), (0,5381), (4,2576), (4,529), (2,3284), (1,886), (4,4121), (0,1814), (4,8735), (0,2844), (4,5155), (1,5504), (4,2596), (5,7559), (1,7683), (4,5544), (1,9222), (4,4267), (1,15757), (0,1071), (1,1939), (4,4794), (2,5503), (2,5504)
arduos	(0,320)
busquen	(1,99), (3,2521), (4,5642), (2,7195), (4,8208), (0,3453)
rodando	(4,819), (0,11050)
vener	(4,197)
extravio	(0,375), (2,5850), (5,2897)
zambapalo	(1,11761)
dornajo	(1,16450)
descortes	(1,14435), (1,15173)
acostumbrando	(5,3956)
alegres	(1,9664), (1,4417), (2,2883), (1,14306), (2,5605), (1,12868), (1,8679), (1,8712), (1,137), (1,1609), (0,7307), (0,8431), (1,15280), (1,10932), (1,7829), (1,6646), (1,6648), (1,1145), (1,12858), (1,380), (1,18076), (1,13310)
reincidieron	(5,3113)
razonablemente	(0,3650)
javier	(0,13125)
arpia	(1,17770)
pelear	(1,3939), (0,5027), (0,9955), (4,3048), (0,5028), (0,8869), (0,9446), (0,9447), (4,2316), (0,5033), (1,6734), (1,6419), (0,6546), (0,8595), (0,8852), (0,4982), (0,8598), (4,6012), (0,9240), (4,5981), (1,11932), (0,8574)
cumpli	(1,13972)
buscarles	(2,3157)
representaria	(5,1918)
conversar	(4,3332), (4,8329), (2,633), (4,8716)
devanar	(1,3122)
practicarse	(2,2138)
quebraren	(0,7832)
cumplo	(1,6391)
cecilianas	(4,6880)
absurda	(0,546), (2,2309), (5,3836), (5,6242)
agotadas	(5,1540)
encanastamos	(4,1536)
alzandose	(1,5522)
desatado	(1,13402), (2,1949)
carestia	(0,9519)
teniendole	(1,10561), (0,3276)
venid	(4,3765), (4,4549), (2,3559), (1,7430)
maravillosamente	(1,17484)
ponle	(1,16445)
juebes	(0,6063), (0,6480), (0,11200), (0,11329), (0,6873), (0,11305), (0,11227), (0,11259), (0,11390)
tributarios	(1,11378), (3,1494)
absurdo	(2,3411), (5,3707), (5,764), (2,6912)
teniendola	(1,10225), (1,1812), (1,12715)
cumpla	(2,289), (0,4064), (0,1697), (0,5474), (0,4580), (1,5349), (3,2633), (1,5448), (1,13161), (0,3116), (0,5516), (0,2765), (0,5421), (0,1454), (0,3566), (0,4014), (0,1972), (1,5400), (0,5498), (1,5855)
mirabeau	(2,104)
venia	(1,16674), (1,15140), (5,2473), (0,10566), (1,14375), (1,9256), (0,8780), (1,15151), (1,8752), (0,10576), (0,2641), (4,729), (0,7253), (1,6970), (1,13375), (1,14656), (0,7266), (1,13379), (1,11081), (1,13385), (1,15945), (1,8010), (1,18506), (1,6224), (0,8816), (1,15190), (0,9592), (1,1883), (1,7003), (4,8194), (0,7806), (0,7040), (0,10626), (0,7043), (4,6921), (4,4364), (0,10377), (5,495), (1,620), (1,15725), (1,15981), (1,15473), (1,3442), (5,3832), (1,18549), (2,5719), (1,6520), (1,5498), (0,7581), (1,1411), (1,12420), (5,3853), (4,2353), (1,12431), (0,10417), (0,6580), (1,3222), (1,4246), (1,7319), (1,14231), (1,8347), (1,7581), (1,14497), (1,3490), (1,12964), (1,4263), (1,3496), (1,10410), (5,4655), (4,5969), (1,12974), (0,7374), (1,18352), (0,6096), (0,6353), (0,7379), (1,4284), (0,8924), (1,13501), (4,2401), (0,7391), (5,2374), (1,1219), (1,16580), (2,3752), (0,7910), (4,5228), (4,621), (1,4042), (1,4298), (1,12490), (1,14540), (1,16588), (0,6892), (0,6126), (1,10960), (1,1746), (1,4818), (0,9457), (4,1142), (0,10483), (0,10739), (1,12759), (0,7927), (0,6392), (1,13273), (1,13274), (4,638), (1,8667), (1,13277), (0,2813), (0,2815), (0,2816), (1,4323), (1,13284), (0,8454), (4,8075), (1,7400), (0,8455), (0,8459), (0,10252), (0,7950), (0,10255), (1,3317), (0,8468), (4,6042), (5,1662), (0,2841), (5,1919), (1,4351), (1,4609), (4,8868), (0,7202), (0,10789), (1,16646), (4,426), (0,8232), (1,5130), (0,7978), (1,13835), (4,7087), (1,6669), (1,9230), (1,4879), (1,5393), (1,6674), (1,12562), (0,10804), (1,7447), (0,8760), (1,9500)
cumple	(0,127), (0,1440), (0,513), (2,7235), (0,2658), (5,971), (4,3692), (4,4749), (4,846), (5,1969), (1,16724), (1,16820), (2,573)
alcuza	(4,3580)
condenarlo	(2,2491)
havas	(0,10604), (0,10636)
vengo	(4,1732), (1,12641), (4,709), (4,4485), (4,1160), (2,1926), (4,3343), (4,1363), (1,16177), (4,4181), (4,1430), (4,5462), (1,5491), (2,918), (4,1688), (4,3544), (4,3674), (0,11350), (1,15480), (4,2398), (1,956), (1,17853), (1,14526), (4,7779), (4,5732), (1,6019), (1,2695), (1,1865), (4,6572), (4,1645), (1,1866), (4,2669), (1,14091), (1,1560)
descargamaria	(1,7758)
desmayo	(1,10528), (1,10688), (1,7905), (2,6180), (1,1447), (1,12935), (1,3272), (1,1451), (1,9102), (1,976), (1,9266), (1,8819), (1,9108), (1,14677), (1,12982), (1,2455), (1,10137), (1,10553), (1,9338), (1,8732), (1,3133)
teniendolo	(0,6633), (1,9532)
grenimon	(4,756)
perdurable	(5,1571)
pasqua	(0,8401), (0,8370), (0,8430)
mandarmelo	(0,3185)
ponme	(1,8795)
condescendiera	(1,4136)
cuentenos	(1,8368)
desmaya	(1,1458), (4,5119)
country	(2,8161), (4,8997), (5,8967), (5,8), (3,3110), (3,8), (0,13829), (2,8), (1,8), (3,3115), (0,9), (2,8139), (1,19085), (2,8144), (0,13808), (5,8984), (0,13813), (1,19063), (3,3132), (1,19068), (4,8993), (5,8962)
ynstrucion	(0,3074), (0,3086)
exporting	(3,3170), (1,19123), (2,8199), (4,9049), (5,9022), (0,13868)
mostresela	(1,7555)
taney	(5,1638), (5,1654), (5,1624), (5,8713), (5,1675), (5,1661), (5,1757), (5,1648), (5,1714), (5,1603)
fructificarian	(5,437), (5,640)
occeano	(0,1057)
georgicas	(5,6310), (5,8246), (5,6321)
revancha	(5,1391)
truxiese	(0,2471)
extraer	(5,6188)
aproximarse	(0,434), (5,3370), (5,3025)
consignase	(5,7155)
alegria	(1,4576), (0,6591), (1,6880), (1,12001), (1,2596), (0,7299), (1,11813), (1,13989), (1,491), (1,9324), (1,9391), (1,13999), (1,14128), (1,3955), (1,3892), (1,15668), (2,4758), (5,4025), (1,6645), (0,7956), (1,14837), (0,9365), (1,4407), (1,14839), (0,8729), (0,9498), (1,2876), (1,15678), (5,455), (2,6180), (1,15299), (1,14153), (1,4490), (1,9354), (1,10188), (1,10829), (1,465), (0,8371), (1,14232), (1,2841), (1,6873), (1,9306), (1,4571), (1,4446)
jubon	(1,10032), (4,7684), (4,4954), (1,15943), (4,7681)
tanen	(0,10121)
comerciante	(5,2016)
demente	(5,6613), (5,578)
reunida	(5,1930)
taner	(1,9664), (1,9696), (1,9872), (1,9698), (1,9938), (1,10085), (1,5703), (1,5738), (1,10203), (1,6140), (1,9709)
engana	(4,6517), (1,18806), (5,6082)
puntadas	(1,18706), (2,268)
abajar	(0,6589)
eliminadas	(5,43)
sucias	(2,1976), (1,17582)
novatos	(1,4840)
alcalde	(1,2464), (1,2433), (1,12994), (1,5795), (0,2147), (1,2468), (1,2437), (1,1800), (1,5805), (1,5809), (1,2834), (0,12145), (1,2452), (1,4757), (4,6332), (1,2459), (1,2463)
reunido	(5,6249), (5,1742), (5,5107)
engane	(1,3107), (4,3740), (1,15612), (4,3457)
padece	(1,3376)
acelerar	(5,4969)
exclamaba	(5,4500), (3,192)
depositare	(1,2959)
reniegan	(1,8216)
hierorices	(2,1538)
venas	(2,7153), (5,4503), (4,7624), (5,5729)
imitaban	(1,8154)
condenaron	(1,17182)
vendo	(1,8856)
planteara	(2,5502)
oyeran	(1,13872), (2,6301)
roban	(4,4739), (1,2995), (1,8215), (1,7737), (4,2128)
repulgos	(1,8469)
vendi	(4,5656), (4,7515)
estancos	(0,9931)
oyeras	(1,16424), (2,5920)
robar	(1,4277), (0,4918), (1,8696), (0,8264), (1,2058), (1,3258), (1,17163)
robas	(4,4436)
vende	(1,12208), (4,1508), (1,2994), (1,12213), (4,2491), (1,299), (4,2494)
ypolito	(0,9133)
ponersele	(2,850), (1,7053)
engano	(1,13602), (4,6534), (5,7594), (1,17896), (2,842), (1,9385), (1,14825), (2,4237), (1,10480), (1,4083), (1,13493), (1,4086), (1,4662), (1,1914), (2,3229), (0,1885), (0,4573), (1,1791), (0,6432), (0,8354), (0,8355), (1,1925), (4,2088), (3,200), (0,8231), (1,14920), (4,3500), (1,1931), (0,8236), (1,15949), (0,2861), (0,8237), (1,8462), (1,16659), (0,7859), (0,8243), (4,6520), (1,4440), (2,7612), (0,8250), (2,7614), (2,7616)
exito	(2,2113), (5,1061), (2,5444), (5,7275), (4,147), (5,5688), (0,11988), (0,3605), (5,1147), (2,6233), (5,4223), (5,3136), (4,224), (0,862), (5,5707), (5,1042), (5,3218), (2,6961), (5,662), (5,5019), (0,759), (5,3293), (3,2141), (2,2110), (2,3390)
dicte	(2,590)
practicaron	(3,2690), (3,2283)
seriades	(4,3827), (4,4217)
hechas	(4,7107), (0,10239), (4,5252), (0,9537), (2,7046), (0,9796), (0,12103), (0,9928), (0,1035), (0,6411), (4,7120), (1,1582), (0,5012), (4,6106), (0,5143), (0,11863), (1,16056), (0,10009), (3,2365), (1,3840), (1,11909), (0,4978), (0,10105), (0,6394), (3,2142)
corporaciones	(5,4624)
fechacarta	(0,11938)
ortografia	(2,34), (1,35), (4,42), (0,198), (0,13318), (0,189), (4,257)
descarnadas	(5,6719)
flaqueza	(1,6512), (1,17698), (1,15732), (1,15721), (1,9466), (1,2526), (1,15278)
austeridad	(1,18320), (5,4040), (5,4145)
conozcolos	(1,3689)
juntamente	(2,7425), (0,9087), (1,18722), (1,18531), (1,3557), (0,4359), (0,9159), (1,18027), (1,12396), (1,3565), (1,14706), (1,2870), (2,6040), (5,508), (1,17976), (1,13947), (5,7234), (1,18110), (5,6723), (1,2949), (0,1639), (0,3367), (1,2889), (0,5356), (0,1007), (1,16784), (0,4401), (0,9585), (4,6199), (0,5491), (1,13588), (1,15829), (0,1782), (0,6522), (4,8382), (1,9695)
cardonas	(1,13792)
vence	(1,16636)
acantilados	(0,6229)
venda	(1,5666), (2,5031), (1,18710), (1,8875), (4,3599), (2,1694)
cabecera	(1,18528), (2,3731), (1,13878), (1,13081), (0,1149)
representarla	(5,3292)
287296	(5,8457)
vivienda	(1,7666), (5,3928), (2,2904), (0,6713), (0,10010), (2,623)
trueque	(1,4560), (0,9984), (3,870), (5,1576), (0,2568), (0,10413)
idolatria	(3,2838)
riechuelo	(0,10232)
relativamente	(2,7298), (5,601), (5,2523)
supose	(1,2162), (1,18947), (1,17302)
viviendo	(4,185), (1,16838), (4,123), (1,10680), (1,3385), (2,2861)
melodrama	(5,7480)
representarse	(5,679)
novicios	(4,5680), (1,5806)
llamados	(3,1027), (2,4930), (3,1044), (3,166), (3,326), (1,17556), (3,2087), (3,1065), (3,330), (3,1083), (2,1562), (5,6963)
circunvecina	(1,1778)
method	(1,19137), (2,8213), (4,9063), (5,9036), (0,13882), (3,3184)
desenvoltura	(1,14740), (1,1079), (1,1399), (1,8683), (1,7694)
tansi	(1,6738), (1,6760), (1,6729), (1,6765)
mochacha	(4,3398), (4,3399), (4,6978)
apercevido	(0,4689)
auditorio	(1,17425), (5,742), (5,5175), (1,18070), (5,3276), (5,6381), (1,538), (2,5566), (2,175)
capellan	(0,3376), (0,5888), (5,6582), (2,1128), (3,893), (0,3326)
ascension	(1,2566), (5,2001)
gradualmente	(5,233), (5,6043)
apercevida	(0,4801)
triunfemos	(4,4658)
mochacho	(0,6559), (0,6577), (4,3718), (4,7079), (0,6579), (4,1817), (4,522), (0,6582), (0,6615), (4,7228), (0,6584), (0,6586)
colgaron	(2,6089)
quejando	(1,10563)
extremo78	(5,7780)
imbiareis	(0,4674), (0,4824), (0,4986)
cerebral	(2,914), (5,5989), (2,203)
gustabale	(5,6604)
teniendose	(1,7350), (3,2925), (1,6235)
consignado	(5,2494), (0,13561), (0,5130), (0,1820), (5,6641)
inocente	(2,2450), (5,3765), (2,7203), (2,7508), (1,11486), (1,1551), (2,4752)
oyeres	(1,12601)
comprometidos	(5,1882), (5,3021), (2,5487)
acresciente	(0,9361), (0,9324)
tanto	(1,11297), (2,1027), (0,1091), (0,5190), (2,5129), (1,9256), (1,3113), (4,8141), (1,6187), (5,7087), (0,8269), (0,10319), (1,1073), (1,6194), (5,4023), (4,7127), (0,8278), (2,4121), (1,6206), (0,11359), (4,5092), (4,3046), (0,6244), (2,5159), (5,4047), (1,14413), (4,7153), (0,11373), (5,4054), (1,6226), (0,122), (0,5243), (4,6144), (0,3197), (1,17503), (5,2021), (0,6273), (0,7299), (1,7274), (1,3180), (4,6161), (0,6285), (1,4208), (1,17525), (5,6140), (1,12409), (1,11387), (2,3165), (1,13436), (0,6302), (2,4193), (4,6180), (4,7206), (2,2152), (4,8235), (5,5134), (3,1101), (4,6190), (4,6192), (1,15502), (2,3188), (1,7316), (2,1146), (0,8379), (2,3199), (4,8260), (0,8384), (5,3110), (1,7332), (1,10419), (0,1241), (5,5182), (1,6333), (5,6209), (1,11457), (4,101), (1,11461), (1,2246), (5,4172), (1,15560), (5,7249), (1,3280), (1,14548), (1,3285), (1,7384), (1,2265), (1,7388), (4,8324), (4,8325), (4,8327), (1,14564), (4,136), (1,1253), (4,8328), (4,137), (5,3181), (0,3336), (1,15593), (0,1290), (1,10479), (2,6355), (5,1143), (1,11511), (1,17659), (4,7330), (2,2275), (4,5285), (4,168), (0,6440), (0,11565), (0,13613), (1,15630), (1,3343), (1,1297), (4,8381), (1,8475), (2,5374), (1,4382), (1,16670), (1,10530), (4,8392), (4,3273), (3,1257), (5,6317), (0,3401), (1,10538), (5,5295), (5,3249), (4,8406), (5,1211), (1,13623), (1,16697), (5,3263), (5,7362), (0,8542), (5,2244), (1,10560), (1,16704), (3,2307), (4,8421), (5,4297), (1,14661), (1,15685), (1,4422), (5,1227), (5,7375), (2,4397), (4,8432), (1,16718), (0,4464), (1,17746), (1,3415), (0,1406), (1,16735), (1,1382), (1,14694), (4,2329), (1,1399), (4,8477), (4,286), (0,2462), (5,7427), (1,13697), (0,7585), (1,387), (1,13706), (0,8621), (1,10640), (1,13712), (4,3380), (4,8500), (1,7569), (1,17810), (1,7573), (1,18837), (5,3354), (5,4379), (1,15767), (0,8634), (0,5564), (1,4513), (2,5507), (1,9639), (1,5544), (0,6601), (1,14771), (1,10682), (5,6463), (2,2462), (1,9667), (5,3404), (0,4584), (5,4431), (1,10700), (0,10731), (0,5615), (1,6608), (1,17875), (0,6643), (1,3541), (4,379), (4,2428), (1,2521), (1,18905), (1,18908), (4,386), (1,2527), (0,8702), (1,2537), (1,5609), (1,16873), (1,6634), (1,7658), (2,7629), (1,3568), (1,17904), (0,7698), (1,11767), (1,11768), (4,8605), (4,5534), (1,3582), (5,6530), (0,7709), (4,8611), (5,6536), (5,1421), (0,7721), (1,17931), (4,1457), (1,10766), (3,1493), (0,9778), (1,8724), (0,9780), (3,474), (5,3488), (1,13852), (5,417), (0,2620), (1,12829), (2,2561), (5,4516), (5,2469), (1,12839), (5,2477), (2,3595), (5,7598), (1,10800), (1,17970), (0,594), (1,5685), (0,8788), (0,8794), (1,14907), (1,9788), (1,3648), (4,7653), (5,1491), (1,2642), (0,7795), (1,2646), (5,7645), (0,1662), (5,1511), (4,7687), (0,8836), (1,2663), (2,4680), (1,13933), (1,15981), (5,2546), (1,15983), (1,15984), (1,10870), (1,15990), (1,18039), (1,18043), (1,3709), (2,4703), (0,671), (1,16002), (2,4708), (4,5672), (5,522), (5,1549), (1,16013), (0,7855), (1,4753), (1,1682), (2,6773), (1,16021), (1,13977), (2,2687), (1,2721), (4,7751), (0,9924), (1,16037), (1,12967), (0,5834), (5,5681), (5,1589), (2,667), (0,747), (5,1616), (5,593), (1,14029), (5,7765), (1,3796), (4,4730), (4,7802), (2,4797), (0,2813), (2,5827), (4,5766), (1,8931), (4,3720), (1,15086), (1,3825), (2,1750), (1,8953), (1,14073), (1,8958), (2,6880), (0,7966), (1,2816), (1,8961), (1,12034), (2,2788), (1,3843), (1,12035), (5,648), (0,4903), (2,1776), (1,13071), (4,6837), (4,8886), (0,5940), (5,668), (1,4889), (3,732), (1,13083), (5,4769), (1,17183), (4,5827), (4,5828), (3,1766), (1,6949), (1,13094), (1,6952), (0,2891), (2,5906), (4,1749), (1,10038), (5,4796), (1,4927), (1,14143), (5,4806), (1,9028), (1,6982), (0,1895), (5,2764), (0,4967), (0,8039), (2,6960), (1,15188), (0,3957), (1,16214), (2,3897), (1,3929), (0,10105), (1,12125), (5,1766), (5,5862), (1,9058), (1,1895), (5,748), (5,6892), (5,3822), (4,6927), (4,6931), (1,13171), (1,12148), (1,13174), (1,2937), (0,9112), (5,1791), (2,5982), (1,16253), (1,13183), (5,6916), (2,866), (0,4000), (1,16259), (1,17283), (1,4998), (1,7046), (1,12166), (1,15239), (5,6925), (0,9128), (3,845), (1,14219), (1,6028), (1,14225), (1,914), (1,7061), (0,4022), (4,1853), (0,954), (1,3995), (1,11167), (1,2981), (4,6986), (5,1837), (0,3019), (2,6029), (5,4913), (0,974), (1,15279), (0,9169), (1,13234), (5,4919), (1,12212), (0,986), (1,9148), (1,10172), (0,6109), (0,6112), (5,2887), (4,8039), (1,4040), (1,7114), (5,3921), (1,12243), (1,15315), (5,7000), (2,6070), (1,13273), (1,11226), (1,987), (0,11259), (0,8188), (0,13308), (5,1892), (1,10209), (1,13282), (1,5093), (5,4974), (1,14317), (1,3055), (1,6127), (5,6003), (0,5135), (0,3089), (4,918), (1,6131), (0,11283), (1,18421), (5,6012), (1,7160), (2,6108), (1,16381), (5,4994), (3,1986), (1,2049), (5,1925), (2,998), (2,4070), (5,5001), (0,8228), (4,939), (1,4107), (1,5131), (4,8110), (5,915), (1,1040), (3,981), (1,13331), (1,3092), (4,4030), (0,9274), (5,6050)
vences	(4,3955)
ofreciosele	(1,15766), (1,16106), (1,4158)
reunian	(5,7542), (5,3400)
vencer	(2,785), (5,4486), (5,5830), (5,6631), (5,5464), (3,1943), (5,5359), (5,1233), (3,1887)
conbenga	(0,3119), (0,3529)
indicaste	(2,5667)
senaleis	(0,1943)
vencen	(1,8545), (4,6013), (1,10670)
depositase	(1,15219)
llamadla	(1,12347)
eximio	(4,7907)
angulo	(5,5172), (3,931), (5,4166), (5,4342), (0,8692), (5,4346), (2,6103), (0,8694), (5,7982), (5,4336), (1,18062)
ovieren	(0,3072), (0,9120), (0,1459), (0,2267), (0,2365)
ponte	(2,306), (2,5776)
tanta	(1,545), (0,4166), (3,1261), (1,12075), (1,18739), (1,18229), (2,2586), (1,3390), (1,9026), (1,3139), (2,5413), (2,7207), (1,1353), (0,9321), (2,6957), (0,3693), (5,2260), (4,8435), (1,4691), (2,6197), (1,2647), (1,6999), (0,13686), (4,1531), (1,6488), (0,121), (0,5753), (0,122), (2,6204), (1,11867), (1,8802), (1,2148), (0,3204), (1,14181), (4,7435), (2,1354), (5,4590), (5,2546), (4,4372), (1,2675), (2,3924), (1,9078), (1,15990), (4,5147), (1,4729), (5,3582), (5,1791), (4,8478), (0,7578), (5,3840), (0,2460), (1,17789), (5,6914), (1,6527), (5,6915), (1,7299), (3,839), (1,3973), (1,6790), (3,2889), (1,3208), (2,5993), (1,10888), (5,6925), (1,1930), (0,6314), (1,11403), (1,4236), (5,7184), (4,8242), (4,6454), (2,374), (3,856), (4,6202), (2,7289), (1,6557), (0,958), (5,4899), (1,11424), (5,552), (1,11428), (1,16037), (1,2472), (0,5831), (0,2505), (1,8619), (0,8651), (1,11436), (1,7341), (1,4271), (1,1969), (1,4274), (5,5686), (1,9908), (1,14774), (4,8026), (1,14519), (0,8151), (5,5437), (1,18617), (4,8285), (3,383), (1,9406), (5,5700), (1,9666), (4,8038), (2,2726), (0,6376), (1,10442), (1,9419), (2,4273), (2,6833), (1,11216), (3,1171), (5,345), (1,1237), (1,5333), (1,12245), (1,7386), (4,8574), (5,7775), (1,3292), (1,7647), (1,3043), (2,3270), (1,13797), (4,8586), (1,14567), (1,6378), (1,12268), (1,14317), (2,4816), (1,4335), (0,6414), (4,2964), (1,9458), (1,11507), (2,2267), (0,5146), (1,13052), (1,10238), (1,9729), (0,801), (0,1827), (1,16133), (1,3078), (4,8617), (2,4074), (1,4364), (5,7827), (4,441), (1,3350), (5,7834), (4,955), (5,4252), (4,1981), (1,9759)
animosamente	(0,7539), (5,971), (0,6489), (5,1202)
concentra	(5,184), (5,113)
tecnicas	(2,4097)
extrajo	(2,2081)
supoos	(4,2786)
marcial	(4,5002), (5,5103), (2,1182)
badana	(1,17729), (2,155)
imprecacion	(1,18441)
lebadiza	(0,5206)
juntaronse	(1,931), (1,14216), (1,11627), (1,18398)
buscarlos	(5,6979)
allanamiento	(3,1655), (3,2603), (3,2860), (3,2894)
conficionar	(1,17514)
faltase	(2,6659), (0,8098), (1,14036), (4,6777), (2,5161), (0,1000), (2,5163), (5,6208)
naypes	(0,6382)
euclides	(5,7357)
badajo	(4,4030), (4,1329), (4,4114)
brillo	(5,7812), (2,1090), (5,5817), (5,447), (2,3502)
roble	(4,6045)
hacerseles	(0,8480)
resceberian	(0,7558)
incumbia	(5,2726)
dolorosas	(2,2634)
brilla	(5,6436)
moviendose	(2,952)
quebrantaria	(1,6962)
contratadas	(3,948), (0,5160)
sementera	(0,8672), (0,7314), (0,10536)
albarda	(4,7987), (4,2004), (1,17908), (2,5496)
pusosele	(0,6197), (1,14649), (1,13327)
aguileno	(1,18353), (1,137)
aproximadamente	(5,1729)
llegarian	(5,2714), (0,7306)
veniu	(4,1059), (4,1082)
auditores	(4,4481)
aumentado	(5,3670)
venir	(0,8770), (1,6693), (0,7492), (0,8517), (0,7750), (0,8774), (0,3655), (0,8775), (0,7496), (0,9032), (1,10025), (0,5198), (0,7759), (0,8784), (0,8531), (0,2901), (0,2648), (3,1532), (0,7770), (1,5439), (0,8543), (0,7778), (0,8802), (1,13635), (4,5095), (1,6724), (1,7492), (4,1768), (0,4964), (0,2918), (1,3145), (1,9803), (1,2125), (4,3313), (3,787), (0,7536), (5,5601), (1,14945), (1,7266), (0,8577), (0,5762), (4,5639), (0,7557), (0,6535), (0,11404), (1,15469), (1,14450), (1,628), (1,14712), (1,18040), (0,10136), (0,2459), (0,2463), (1,1922), (0,5025), (4,1062), (0,6306), (1,6021), (1,16773), (4,297), (1,2182), (1,13446), (0,5030), (4,8235), (4,8747), (4,7725), (0,6313), (1,13707), (4,6449), (0,10672), (1,6035), (4,576), (4,2369), (1,8350), (1,14496), (0,7105), (2,1924), (0,7874), (4,4167), (3,615), (0,9156), (1,18341), (1,17576), (0,7880), (1,11945), (5,2606), (4,4685), (0,8393), (4,3664), (4,5972), (1,9137), (1,18869), (1,12984), (4,3165), (1,8894), (0,10461), (0,6367), (0,8928), (0,10209), (2,1956), (0,10468), (4,1642), (1,5577), (4,8556), (1,3018), (4,3184), (0,10221), (1,17364), (1,16086), (0,2040), (4,381), (4,8829), (4,638), (0,7675), (0,10493), (0,10494), (4,8580), (3,2469), (1,11235), (3,2470), (2,4809), (3,2987), (1,5866), (1,15594), (1,12527), (0,9487), (1,17649), (2,5847), (4,7065), (1,9206), (2,5080), (4,8605), (0,8475), (1,12028), (1,1533), (1,5374), (0,8477), (4,4259), (0,7711), (2,1251), (0,10785), (0,2850), (2,4837), (0,7974), (5,6032), (4,3250), (2,1779), (1,16148), (0,10292), (0,2613), (0,7477), (1,13078), (1,6167), (4,8891), (1,7448), (1,5657), (1,17177), (4,4541), (1,10010), (4,1470), (4,4030), (0,10298), (4,6847), (4,8383), (1,3613), (1,1054), (0,2877)
venis	(1,1025), (4,8580), (4,2856), (4,1705), (1,1862), (4,8009), (1,14502), (4,8011), (4,2064), (4,4784), (4,1682), (4,4882), (4,2201), (4,1882), (1,6396), (4,1889), (4,3137), (4,1730), (4,2690)
ociosidad	(1,18096), (1,17878), (1,16570), (1,16858), (1,1787)
reusan	(0,3799)
alegrar	(1,9188)
verdosos	(2,2678), (2,7083)
alegran	(1,1192)
holgar	(1,11699), (1,10058)
enfadados	(1,18518)
goces	(2,4161), (4,5287), (4,4696), (1,1674), (1,2234), (2,6208)
dicho	(0,1087), (1,5159), (0,3143), (0,9289), (5,945), (0,9292), (0,11342), (0,1103), (1,17457), (0,11345), (0,9299), (0,11353), (4,7134), (0,3163), (0,5213), (0,9313), (0,9314), (0,11362), (0,11363), (1,1098), (1,5196), (0,13419), (0,11380), (0,1145), (0,1146), (3,1053), (1,7260), (0,5244), (1,13409), (3,1061), (0,3202), (1,13412), (0,13444), (0,1161), (1,17514), (0,11402), (4,7183), (1,15469), (0,1165), (0,11407), (5,1016), (0,11411), (1,13429), (1,1149), (1,13437), (3,1088), (0,1182), (3,1090), (1,13442), (1,1158), (1,15495), (2,5228), (1,17552), (0,9397), (3,1117), (0,1214), (0,5311), (3,1127), (0,1222), (0,9417), (3,1133), (0,1226), (0,9423), (1,13489), (3,1141), (0,5330), (0,5337), (1,11450), (0,1249), (0,11492), (2,7335), (0,11494), (0,1255), (0,11501), (2,3251), (1,7378), (1,17618), (0,5366), (0,9462), (1,11485), (1,11488), (0,1281), (0,9478), (0,5386), (4,3217), (0,9485), (0,1294), (3,1205), (1,17657), (2,3294), (0,11557), (0,1320), (2,7402), (0,5417), (0,11561), (1,3340), (0,11564), (1,9487), (2,7410), (0,5428), (0,5429), (0,11574), (4,5308), (0,11576), (1,15643), (0,7483), (4,3264), (4,3266), (5,7333), (0,5442), (1,3367), (2,3337), (4,3276), (1,3369), (0,5448), (0,3402), (0,5450), (4,7377), (2,3346), (0,5456), (1,1331), (1,1333), (0,5460), (0,3414), (1,7481), (1,13632), (0,1376), (0,11621), (0,5478), (0,11624), (0,11627), (0,11630), (0,5489), (0,11636), (0,5494), (0,11638), (2,3385), (0,5496), (1,13657), (0,11642), (0,5499), (0,7548), (0,9596), (0,11644), (0,9599), (0,11648), (0,9601), (0,9604), (0,9606), (1,9579), (0,5517), (0,11661), (0,11662), (0,9615), (0,9618), (0,11667), (0,1428), (0,11668), (0,9621), (0,11669), (0,9624), (0,5529), (0,11673), (0,9626), (0,11680), (0,11681), (0,11682), (0,1447), (0,9639), (0,11687), (0,1448), (0,11689), (0,9642), (0,11690), (0,1452), (0,9645), (0,1454), (1,17808), (0,1456), (0,9648), (0,11696), (0,9651), (0,1460), (0,9654), (0,1463), (0,9657), (0,1467), (0,9659), (0,1470), (0,9662), (1,1440), (0,1472), (0,9665), (1,17828), (0,9668), (0,11717), (0,9671), (1,1450), (0,9674), (5,3377), (0,9678), (0,9681), (1,17844), (0,9684), (0,11732), (0,9687), (0,9690), (1,17853), (0,7645), (1,1472), (0,11743), (1,5572), (0,9699), (1,3526), (0,9702), (1,5578), (0,9705), (0,1516), (0,9708), (0,1518), (1,13775), (0,9711), (0,1521), (0,1522), (0,9714), (0,9717), (0,1526), (0,9720), (0,1531), (0,9723), (0,5630), (4,3459), (0,9727), (0,1537), (0,9730), (3,1447), (0,11780), (0,9733), (0,3590), (0,9739), (0,9741), (0,9744), (0,9747), (0,9749), (0,9752), (3,1468), (0,9755), (1,1534), (0,3614), (0,1567), (0,3619), (0,1573), (0,9765), (4,7595), (0,9767), (0,9769), (0,1587), (0,5683), (0,1590), (2,7672), (2,3577), (0,1597), (0,3652), (0,1605), (0,7749), (0,1606), (0,1608), (1,9770), (3,1531), (0,3673), (1,5690), (1,5691), (0,9822), (0,3681), (1,5698), (1,1604), (3,1542), (1,5707), (1,5708), (0,1646), (0,1648), (0,1649), (0,3697), (2,5690), (5,7649), (0,9853), (0,9856), (0,5766), (0,5769), (0,9868), (0,1677), (0,9871), (1,1650), (0,3732), (0,9876), (2,1623), (0,9883), (1,3710), (0,5789), (1,15998), (0,9886), (0,9889), (0,9890), (1,18052), (0,9893), (2,3690), (0,9897), (2,1644), (0,5803), (0,9899), (0,11952), (2,3703), (1,11926), (1,3735), (1,11927), (1,11940), (1,9905), (0,9942), (0,11991), (0,3801), (1,11963), (0,3806), (0,12008), (1,1742), (3,1682), (0,3824), (1,1749), (0,12024), (0,3838), (0,1791), (1,5876), (5,5758), (0,5924), (2,1780), (2,1785), (0,5943), (0,10039), (0,10044), (1,7967), (0,10047), (4,5830), (0,10050), (0,3909), (0,10053), (4,5836), (0,10056), (0,3915), (1,3885), (0,5964), (0,10060), (1,12079), (0,10063), (0,5969), (0,10066), (4,5847), (0,3925), (0,10069), (0,10072), (0,3931), (0,10075), (0,5981), (1,18239), (4,1763), (0,3937), (0,5987), (0,10088), (0,5994), (3,1806), (3,1807), (3,1813), (1,14163), (0,3961), (3,1821), (0,3963), (0,10109), (0,1921), (0,6017), (0,10116), (0,8082), (4,7974), (1,14212), (0,6052), (3,1868), (0,6058), (0,6060), (1,3983), (0,6062), (0,6063), (1,1937), (0,6066), (0,8114), (1,10132), (0,6071), (5,5918), (0,4035), (0,4049), (2,3990), (1,6069), (0,2005), (0,2009), (2,3998), (0,2016), (1,12230), (0,2025), (0,4073), (2,1966), (0,6124), (0,2032), (0,2034), (0,2036), (0,8182), (0,2040), (0,2047), (0,2050), (0,2055), (3,1962), (0,2056), (2,4044), (1,16365), (1,2030), (3,1971), (4,6038), (1,6135), (1,12286), (0,2078), (1,4096), (1,10247), (1,14366), (0,8254), (1,12343), (1,12344), (0,8284), (0,2144), (0,2151), (0,2152), (1,6225), (0,2168), (0,2169), (5,4066), (0,10366), (0,4229), (0,6280), (0,2185), (2,4173), (0,2188), (2,2129), (0,4240), (0,2194), (0,6290), (3,2102), (0,4245), (0,4247), (1,8312), (0,4250), (3,2112), (0,2207), (0,4255), (0,2208), (1,6273), (1,18561), (1,16514), (0,4258), (1,14469), (0,2213), (0,2214), (3,2124), (0,4268), (1,2196), (0,4275), (2,2169), (0,4284), (2,4223), (1,2208), (5,4133), (1,16550), (0,4297), (0,4298), (3,2159), (0,4301), (0,4302), (2,6288), (0,4306), (1,18614), (2,152), (0,4310), (3,2170), (0,4311), (3,2174), (1,16572), (0,4317), (0,10461), (0,4318), (3,2178), (1,2241), (1,14531), (1,14532), (3,2183), (0,4327), (0,2284), (0,246), (1,14559), (0,4351), (1,18664), (3,2222), (2,6349), (1,18669), (0,4366), (0,4369), (0,4372), (4,4258), (0,4384), (1,10499), (1,12551), (0,4395), (0,4399), (1,14613), (0,2357), (0,4405), (1,8475), (1,14621), (0,4416), (1,12594), (0,6487), (1,18744), (5,6333), (1,12604), (0,4444), (2,287), (5,4290), (2,2337), (2,6434), (2,4390), (2,4392), (4,6386), (0,10611), (4,249), (1,10582), (1,16727), (1,10585), (1,16734), (1,16735), (1,4449), (2,2372), (4,6406), (0,8579), (1,16741), (3,298), (1,10604), (3,303), (1,14701), (3,305), (3,308), (1,18805), (0,4521), (1,6539), (1,12686), (0,4526), (1,400), (1,12688), (1,8593), (1,4498), (1,12692), (3,2391), (0,2487), (1,10649), (0,4539), (0,2492), (3,356), (0,2498), (3,359), (1,4527), (4,8531), (4,342), (1,4534), (0,2521), (1,18874), (1,10688), (3,389), (3,395), (1,10703), (0,2543), (2,4529), (1,10705), (0,6644), (3,414), (0,2555), (3,416), (0,2558), (3,419), (3,422), (1,2535), (0,2566), (0,4617), (3,430), (2,2511), (0,2573), (3,434), (3,2484), (0,8722), (1,14836), (3,443), (3,445), (1,16894), (3,455), (0,2596), (3,2504), (2,2537), (0,4650), (2,502), (3,473), (1,4634), (1,4635), (3,482), (3,488), (0,2636), (1,14900), (3,505), (0,4695), (3,514), (2,2594), (3,521), (1,12871), (1,14919), (1,14920), (3,523), (0,8813), (3,532), (0,8818), (0,10866), (0,2676), (1,4694), (0,2678), (1,16983), (0,640), (0,10885), (0,4744), (0,4745), (1,14955), (0,651), (1,6764), (0,8843), (0,6798), (0,4751), (0,8849), (2,2646), (1,6775), (3,572), (0,2718), (1,4739), (0,2726), (0,2729), (0,2734), (1,2704), (1,2705), (0,2736), (4,568), (1,2709), (0,10932), (3,604), (0,8889), (1,10909), (0,2753), (0,706), (0,10947), (0,710), (0,2760), (2,6796), (0,718), (0,2766), (0,10959), (0,2769), (0,2770), (0,724), (0,2775), (0,10967), (1,2746), (0,2779), (0,2781), (0,2782), (0,10979), (0,2788), (0,10980), (0,2791), (1,8904), (5,590), (0,10986), (0,4844), (0,10988), (0,6894), (2,691), (1,8920), (1,8921), (0,11002), (0,2814), (2,711), (0,11014), (0,2823), (0,11019), (0,6932), (0,8981), (4,2714), (0,8982), (1,10999), (3,703), (0,11039), (0,8992), (1,13060), (5,4745), (0,2854), (0,812), (3,720), (0,2864), (0,9013), (5,6811), (0,9016), (1,13090), (3,746), (2,2826), (0,11080), (2,784), (0,2895), (3,760), (1,6969), (0,11096), (5,702), (0,9053), (0,9054), (0,11103), (0,9056), (0,9064), (0,9065), (0,9067), (0,2929), (0,11125), (0,9080), (0,9081), (0,2938), (1,13148), (0,2940), (0,9085), (0,9086), (1,15206), (0,13193), (0,2954), (4,4879), (0,912), (2,6995), (0,2964), (5,4858), (0,9109), (0,11170), (1,15236), (0,9124), (0,11172), (0,11176), (1,2955), (0,9132), (0,11180), (0,9134), (0,9135), (2,7026), (0,11184), (0,11189), (1,15256), (1,9115), (1,926), (0,957), (0,961), (0,11203), (0,971), (0,11212), (1,5042), (1,3001), (0,985), (0,3033), (0,3038), (5,6979), (1,9151), (2,2977), (0,5091), (4,7015), (0,11236), (3,907), (1,9161), (0,1008), (1,3025), (0,11248), (1,978), (0,5105), (1,15314), (0,5108), (0,5110), (3,924), (0,5114), (0,1022), (3,933), (2,7111), (3,938), (2,5079), (0,3095), (0,9239), (1,3066), (0,3098), (3,958), (2,3037), (0,1053), (3,961), (0,11295), (3,965), (3,967), (1,11269), (0,11301), (0,1066), (3,975), (3,977), (2,5104), (1,17430), (3,987), (0,11320), (2,3070), (0,7228), (0,5182)
acondicionados	(1,141)
pusoselo	(4,5927)
supone	(0,689), (0,13329), (5,7615), (5,2611)
gocen	(4,2336)
trahereis	(0,4824), (0,4986), (0,4747)
brisa	(0,10368), (0,9937), (0,13522), (0,10371), (0,10249), (0,7356), (0,10316), (0,10461)
petrarca	(1,16074)
todavia	(5,166), (1,7458), (5,2983), (5,2216), (5,6824), (5,6570), (5,171), (2,1544), (5,3244), (5,5804), (5,6062), (1,17707), (2,1549), (5,3506), (1,5935), (5,7603), (5,2484), (5,3764), (2,6929), (5,7862), (1,10547), (1,10548), (2,6678), (5,955), (1,3386), (1,3388), (5,6594), (2,801), (2,1570), (5,6854), (2,1834), (5,1230), (2,6191), (5,7380), (2,6712), (5,6876), (5,3549), (4,5119), (2,576), (5,2532), (2,7745), (5,5094), (5,1768), (2,5189), (2,4424), (0,8071), (2,7243), (5,1778), (2,4945), (5,7925), (5,7414), (2,6741), (5,3577), (5,1530), (1,2934), (5,2301), (1,6268), (5,3075), (1,3969), (0,5028), (5,3850), (1,13190), (0,10408), (1,4490), (5,6928), (2,3696), (4,8243), (1,5017), (1,13210), (2,637), (5,6432), (5,5414), (4,1865), (1,2217), (1,15792), (1,13247), (0,4065), (2,6053), (0,9960), (5,1615), (5,6481), (1,5584), (0,9967), (1,10963), (4,3192), (3,666), (5,2653), (5,4445), (5,5729), (4,4737), (5,2147), (5,6504), (5,2412), (5,1904), (2,3021), (5,1397), (5,2165), (2,5846), (5,1153), (0,13085), (0,7200), (0,13091), (5,2959), (5,3218), (5,915), (5,6294), (1,18709), (1,2586), (2,1532), (0,8766)
ancon	(5,5447), (0,10371), (0,10250)
excluir	(5,2180), (0,508)
gustaban	(1,9985), (1,16807)
proballo	(4,423)
bienvenida	(1,9143)
pisarelo	(1,373)
