dineros	(1,9380), (1,17444), (1,1065), (1,2089), (1,2990), (1,14382), (1,2994), (4,6357), (4,6358), (1,7219), (1,3894), (4,8157), (0,9305), (4,2398), (4,5731), (4,7396), (0,9444), (1,11462), (1,2503), (1,13383), (1,17095), (4,4848), (1,13392), (4,4725), (1,17106), (1,15828), (4,6266), (4,4860), (4,4223), (1,13149), (4,5121), (4,2818), (1,16096), (1,9443), (1,15851), (4,4369), (1,8942), (4,6419), (1,9201), (1,13428), (1,2167), (1,2042), (1,891), (1,2045), (1,894), (4,4769), (1,13312), (4,4900), (0,801), (4,5802), (1,13575), (1,3208), (4,4908), (4,4784), (4,4788), (4,822), (0,2996), (1,15125), (4,5689), (1,7192), (1,7448), (4,7746)
fara	(0,2107), (0,2139), (4,1088)
buscalla	(1,15453)
quanta	(0,8191)
buscalle	(1,12791)
tomadas	(5,4740), (5,6901), (1,6293), (3,1873)
tributos	(0,1125), (0,11786), (3,2766), (0,4812)
cordeles	(0,6960), (0,7266), (0,9810), (1,1620), (0,6196), (1,1992), (0,7545), (0,8602), (0,6411)
episodio	(5,2564), (5,5431), (5,2908), (5,5805), (5,5376)
navaja	(4,1638), (2,7382), (2,7687)
faro	(1,3352)
buscallo	(4,7123), (4,7124), (4,5416)
cocanavio	(0,10024)
impunes	(2,6785)
solapo	(1,9797)
aplicaron	(5,4811), (1,7068)
lugarteniente	(5,5766), (0,1992)
traidora	(4,5931), (4,6559), (1,15870), (4,5410)
parlaba	(4,4999)
siguela	(0,1055)
audiencias	(4,4481)
colonia	(3,2291), (5,2549), (5,4518), (5,5142), (5,3769), (5,4618), (5,3679), (0,187), (0,859), (0,875), (5,4849), (5,2738)
concernientes	(3,2375), (3,1853), (3,2573), (1,6061)
800	(0,7827), (0,7995), (2,2816)
801	(3,3315), (0,14018), (1,19268), (2,8344), (4,9197), (5,9167)
envuelven	(5,5415)
supimos	(1,12439), (1,2091)
habilmente	(5,3015), (5,6170), (0,662), (5,5618)
contorneada	(2,3715)
tubiere	(0,5054)
809	(3,3314), (0,14017), (1,19267), (2,8343), (4,9197), (5,9166)
espantable	(2,5019)
exaltaron	(5,1753)
afirmaba	(5,3492), (5,2280), (5,5914), (5,6782), (5,7682)
registraran	(0,1887)
legazpi	(0,5954), (0,12098), (0,11971), (0,12110), (0,13393), (0,3538), (0,11990), (0,600), (0,5849), (0,860), (0,11996), (0,9566), (0,4191), (0,12000), (0,12005), (0,4072), (0,9192), (0,874), (0,5867), (0,108), (0,12015), (0,630), (0,12023), (0,9336), (0,12920), (0,9340), (0,12029), (0,13439), (0,4227), (0,12036), (0,133), (0,4101), (0,5895), (0,9351), (0,5898), (0,4108), (0,9356), (0,13324), (0,9102), (0,536), (0,12057), (0,539), (0,159), (0,5417), (0,12074), (0,12076), (0,815), (0,560), (0,12080), (0,12339), (0,5556), (0,13620), (0,12087), (0,9145), (0,9532), (0,10814)
retire	(2,410)
parlado	(3,2044)
retira	(2,843)
resultaban	(5,248), (5,4192)
cositas	(2,1858)
respondimosle	(0,10494)
corona	(2,7681), (2,4739), (2,1418), (2,7434), (2,6540), (2,1939), (5,5817), (0,983), (2,2204), (0,12890), (0,987), (4,8164), (2,3876), (2,6052), (2,1065), (2,2222), (5,6994), (0,13170), (2,6966), (2,3768), (1,6360), (0,121), (2,5691), (2,4285), (1,2145), (0,6021), (4,6415), (0,4622), (5,5749), (5,2807), (0,5780), (5,3580), (4,6044), (0,795), (4,6047), (0,4764), (0,5532), (1,2303), (1,2305), (4,6052), (0,1059), (3,2886), (2,5094), (4,8872), (2,5096), (0,13223), (5,5531), (1,6040), (2,4347), (2,6528)
invierno	(2,978), (1,8593), (3,1162), (2,4073), (5,4444), (1,17816), (1,16811), (1,9612), (3,928), (1,9230)
saludando	(2,321)
verdades	(4,7143), (1,165), (1,1958), (1,1255), (1,18279), (1,8781), (1,14701), (1,6126), (1,13968), (1,14928), (2,2773), (1,13944), (1,13113), (5,5023), (1,15871)
repetianse	(2,6076)
grial	(1,18151)
armonia	(5,3143), (2,7012), (5,7527), (5,4329), (5,2539), (2,4105), (5,7228), (1,11786), (1,3022), (5,4339)
demencia	(5,283), (5,3021), (5,2848)
retiro	(1,11264), (1,13472), (2,930), (2,4194), (1,12705), (3,1412), (2,5667), (2,4838), (2,2535), (5,5675), (5,2062), (2,1100), (2,4559), (1,4943), (1,2544), (3,2196), (5,3959), (2,5716), (2,4821), (5,5400), (2,2841), (2,5726), (5,2307)
207von	(5,412)
distributor	(5,9094), (0,13939), (3,3242), (1,19195), (4,9120), (2,8271)
reconocidas	(5,6908)
cercanos	(1,14115), (0,3828)
tubiese	(0,8495), (0,8655), (0,9280), (0,7857), (0,7778), (0,4841), (0,8409)
llenemos	(2,6876)
impopulares	(5,3761)
mantuvo	(5,2149), (3,1640), (5,1966), (5,2432), (5,1378), (5,2307), (5,2563)
servillos	(4,376)
alegadas	(5,5443)
mandilejos	(1,10788)
valenciano	(1,13752), (5,4112)
sardinas	(0,7874), (1,4870)
pendejos	(4,6304)
precedieron	(5,5510), (5,96)
valenciana	(4,3992)
almalafa	(1,3608)
marcelino	(5,5245), (5,4574), (5,7825), (5,6818), (5,6787)
oriente	(2,1), (2,2113), (2,7041), (2,67), (0,3396), (2,1671), (3,2408), (2,4808), (2,7112), (2,2762), (2,11), (4,6157), (2,400), (2,82), (2,2130), (2,2194), (2,25), (0,3415), (2,2202), (3,764), (3,1152), (2,2527), (2,4703), (2,2085), (2,2600), (0,3881), (4,2928), (2,48), (2,8049), (2,6644), (2,2165), (2,3894), (2,8054), (2,503), (2,7032), (2,6649), (4,8124), (2,1980)
revolviendo	(1,3952), (1,9396), (1,17293)
preguntando	(5,3380), (1,10128), (0,7042), (1,11171), (1,13736), (1,2617), (1,13835), (1,11901)
marfuza	(4,3239), (4,3264)
copina	(4,7797)
835	(5,7143)
836	(2,2722), (2,2754)
formales	(2,2699), (3,605)
caprichosa	(0,201), (5,7423)
considerablemente	(5,5771), (5,5694), (2,6095)
principiaria	(5,3043)
educational	(5,9159), (0,14007), (3,3307), (1,19260), (2,8336), (4,9186)
acariciado	(5,374)
biografos	(5,7131), (5,1933), (5,7421)
afirmandose	(0,6312)
almidonado	(1,10033), (1,4611), (2,6600)
despedazarte	(2,4481)
encargando	(1,12560), (0,8165), (3,2607)
apedrear	(0,6515)
convencion	(5,3237), (5,3110), (5,3048), (5,2985), (5,2987), (5,3183), (5,1200), (5,3123), (5,1336), (5,3451), (5,1212), (5,3196), (5,382), (5,3076), (5,1287), (5,3143), (5,3080), (5,3272), (5,1930), (5,3214), (5,3153), (5,1620), (5,2069), (5,3287), (5,1240), (5,1883), (5,3163), (5,2717), (5,1374), (5,1248), (5,1441), (5,2337)
buoni	(1,8946)
eritos	(1,17480)
sosegase	(1,13051), (2,1438)
lamentando	(5,5844), (0,848)
construida	(5,1134), (0,13147), (0,12910)
caprichoso	(5,6313), (5,5457)
alguien	(2,7745), (5,4534), (2,7366), (1,18645), (5,6846), (5,3263), (2,622), (1,10494), (4,4578), (2,7520), (1,17231)
apedrean	(2,5074), (2,4730)
acariciada	(0,544), (5,2362)
asesinos	(2,6930), (5,7478), (5,5832), (2,7736), (2,7273), (2,6861), (2,4751), (2,6863), (2,6927)
maule	(3,2782)
presididos	(2,5409), (5,4522)
dendel	(0,11191)
quitado	(3,1922), (1,2688), (1,5506), (1,14050), (1,14595), (2,4136), (1,11443), (1,18899), (1,16920), (2,4029), (1,16412), (1,2941), (4,1857)
gomera	(2,7022)
obstinadamente	(0,455)
unas	(0,6721), (1,1572), (1,9765), (1,1578), (2,4876), (2,271), (0,6733), (0,9806), (4,2515), (4,4820), (0,9808), (1,7730), (2,3862), (1,4917), (1,10806), (0,11094), (1,312), (0,4951), (1,1339), (1,1853), (1,17981), (1,16449), (3,1032), (4,6379), (2,4907), (0,10090), (0,10604), (4,5362), (1,8784), (0,10351), (2,3379), (0,5745), (5,7384), (1,9045), (0,7543), (5,7900), (1,10328), (5,5343), (0,10106), (2,4159), (4,7681), (1,14691), (1,7780), (0,644), (4,5129), (1,8038), (1,13158), (4,4618), (0,10631), (1,17769), (1,7787), (3,814), (1,9071), (0,7313), (2,7764), (0,7314), (1,9843), (5,6392), (4,792), (2,5976), (0,5783), (1,14712), (0,9881), (1,12925), (1,2174), (5,6659), (0,8095), (0,10402), (3,2119), (1,11909), (1,11912), (3,75), (1,11914), (0,11433), (1,18826), (4,1073), (1,15760), (0,9905), (1,6293), (2,7295), (0,9919), (1,18341), (0,10437), (4,7242), (5,6443), (0,9931), (1,16816), (1,1457), (5,4663), (4,8022), (1,6835), (4,5978), (5,7483), (0,7126), (1,15799), (4,2139), (0,8920), (1,3004), (0,10203), (4,5985), (5,4674), (0,10205), (1,3776), (0,9951), (0,483), (4,5735), (1,14020), (4,3689), (1,11974), (1,18630), (1,3783), (5,6990), (0,491), (2,4270), (1,18391), (1,729), (1,8153), (0,10232), (2,1724), (1,3295), (0,11525), (5,876), (2,4813), (1,17388), (4,1172), (0,8464), (1,11250), (1,4851), (4,7574), (1,11252), (1,6647), (1,6648), (2,2010), (4,6300), (2,5087), (1,1279), (4,676), (4,1703), (2,4326), (0,6692), (1,1286), (1,4615), (5,2705), (1,13581), (4,1204), (1,16145), (1,5138), (1,6674), (4,5814), (2,7413), (0,6711), (1,281), (0,5176), (4,7104), (0,9788), (0,5694)
construido	(5,5321), (3,2857)
copiante	(0,198)
cumpliole	(1,10334)
coordinacion	(0,13235)
informaciones	(0,9025)
ayudando	(4,1704)
solana	(1,15777)
escobazos	(2,5965)
choose	(0,13952), (3,3255), (1,19208), (4,9133), (2,8284), (5,9107)
saltri	(1,16077)
llancapichun	(3,2035), (3,2049)
ahora	(1,10273), (5,2982), (1,11302), (1,1063), (2,4617), (1,16424), (2,4619), (3,2030), (1,8749), (2,2576), (2,4112), (1,11311), (1,17967), (1,17457), (5,4534), (1,5172), (1,17976), (5,2493), (5,446), (1,16968), (5,5582), (1,17995), (1,16460), (1,9810), (1,16979), (1,2133), (1,16981), (1,9815), (5,3038), (5,480), (2,6209), (0,128), (1,16994), (2,2628), (1,612), (1,6757), (2,1608), (1,9320), (2,4688), (1,8815), (1,8817), (5,5626), (0,150), (0,151), (2,6234), (1,13945), (1,9340), (1,14464), (1,6789), (1,13446), (1,15495), (2,5737), (1,17032), (2,7789), (4,1073), (1,18063), (2,2164), (1,6804), (2,2166), (1,2709), (1,15509), (1,6810), (1,3740), (5,1058), (1,12446), (1,16542), (2,5249), (4,580), (1,11937), (1,16545), (1,12452), (1,13989), (1,16550), (1,11946), (1,16554), (0,3788), (1,17069), (2,5265), (2,7825), (1,9904), (1,17072), (2,147), (1,10932), (1,12471), (1,13495), (1,18105), (3,128), (1,10944), (1,11458), (2,2215), (5,7243), (1,12487), (2,5290), (1,1740), (2,6317), (1,6348), (2,1198), (0,4332), (2,3248), (1,14031), (2,3762), (2,5812), (1,9427), (3,1686), (1,14036), (1,9429), (0,3831), (1,12504), (0,3832), (2,1215), (3,674), (2,2753), (1,12515), (2,4805), (1,14052), (2,1223), (1,18663), (2,3786), (2,2766), (1,14574), (1,18158), (2,5328), (2,211), (1,16114), (1,18162), (2,2261), (1,12532), (0,8469), (1,3319), (2,7896), (1,17657), (2,7900), (5,4224), (1,18684), (3,708), (3,2756), (5,4231), (2,230), (3,2251), (5,6797), (1,11532), (1,16140), (1,18188), (2,1268), (1,16660), (4,5307), (2,7417), (1,16158), (1,12066), (3,747), (1,11565), (3,757), (5,6328), (2,2838), (1,3382), (2,6424), (1,12601), (1,18234), (1,18238), (5,6851), (5,2249), (5,1739), (1,2888), (1,3402), (1,18768), (2,6451), (1,12115), (1,5461), (2,1337), (1,17240), (2,2363), (1,16731), (2,3901), (1,17758), (5,1764), (1,13664), (1,3426), (2,2373), (2,5445), (5,6378), (1,18279), (1,360), (4,1804), (1,2926), (5,7922), (3,1330), (1,15217), (1,17265), (3,2871), (1,886), (2,4445), (5,1281), (1,14717), (3,2370), (1,9600), (1,3969), (1,9602), (1,4483), (2,7525), (2,5478), (1,11141), (1,7558), (1,8071), (2,874), (1,3980), (1,17806), (1,5520), (1,18323), (0,6068), (1,4502), (3,2906), (2,4475), (1,12698), (1,15772), (1,10653), (2,2434), (2,3467), (1,17834), (1,17836), (1,8623), (1,14768), (2,2962), (2,918), (5,1849), (2,7574), (1,16309), (5,5437), (2,411), (1,8634), (1,16316), (2,926), (2,3486), (2,7584), (5,6468), (2,6051), (1,16322), (1,2502), (1,4551), (3,1930), (1,2506), (1,16843), (1,15823), (5,6484), (1,16854), (1,4057), (2,6586), (1,9691), (3,2974), (1,18908), (5,5477), (2,963), (1,4067), (1,18916), (1,8677), (5,7530), (2,7627), (2,4044), (1,4077), (5,6513), (0,8717), (2,4563), (1,9720), (1,508), (4,932), (1,11267), (1,4100), (2,7653), (1,17413), (0,8237), (1,17424), (1,9746), (4,1978), (3,2014), (3,2016), (1,2079), (1,3615)
mateme	(2,7798)
veniendo	(0,2642), (0,3430)
loarse	(4,6410)
ahogaria	(0,10479), (4,1140)
concho	(4,550)
dejarles	(1,6455)
aplicarse	(5,7896), (0,13045), (5,1181)
fresca	(3,1170), (4,5876), (4,1481), (4,5930), (4,3821), (2,3227), (4,6653), (0,6138), (1,575), (4,1682)
ciudades	(1,13729), (3,932), (1,7779), (3,744), (3,936), (3,1640), (3,1837), (1,7788), (3,943), (1,7662), (3,1969), (3,2228), (1,17650), (3,1591), (3,959), (4,6177), (3,2691), (1,16711), (3,138), (3,780), (5,2127), (3,1937), (1,14288), (5,2133), (1,7825), (3,2708), (3,792), (1,1624), (5,3869), (5,543), (3,1247), (3,1440), (1,18335)
tibio	(2,4369), (5,3223), (1,18691), (2,873)
unda	(4,8471)
afilo	(2,7715)
fresco	(1,7777), (1,4387), (0,7526), (0,10023), (4,1485), (3,381), (1,1614), (2,1488)
envolvieron	(5,3759)
represas	(4,7583), (4,7584)
creacion	(5,4776), (5,3710), (5,834), (5,5619)
riquezas	(1,4196), (3,551), (3,106), (4,656), (1,18158), (0,4626), (1,9205), (1,4214), (0,12954), (1,1217), (0,737), (0,802), (4,7463), (1,4487), (0,5607), (1,7114), (3,2189), (0,10410), (1,4364), (4,6703), (0,4653), (1,7182), (1,9422), (5,790), (3,2196), (3,85), (3,150), (4,7863), (1,8982), (3,219), (4,6588), (5,2143)
ademanes	(1,11015), (1,13113), (2,619), (1,8127)
bordos	(0,6484)
acariciaba	(5,5031)
llevaste	(1,3825), (1,3577)
risosu	(0,10034)
quitaba	(1,12273), (1,4950), (4,3835), (1,17213), (4,3938)
tibia	(1,8826)
contenteza	(4,3109)
enganare	(1,1065), (1,15164), (4,6528)
cogote	(0,6402)
rebajaban	(5,2954)
senoreaba	(4,596)
rescataron	(1,7547)
brocado	(4,3654), (1,1098)
pedagogia	(5,4790)
quanto	(0,2943), (0,8255), (0,9986), (0,1988), (0,3204), (0,10500), (0,6409), (0,5900), (0,2829), (0,1489), (0,6097), (0,9105), (0,10769), (0,1106), (0,1043), (0,3734), (0,3799), (0,1048), (0,9048), (0,7707), (0,2846), (0,6302), (0,9310), (0,1055), (0,3423), (0,2019), (0,1316), (0,3879), (0,7788), (0,1134), (0,2094), (0,2862), (0,2672), (0,8368), (0,1713), (0,1204), (0,2742), (0,2551), (0,2616), (0,3704), (0,4795), (0,8574)
memoria	(0,13121), (1,16166), (0,591), (5,695), (0,8787), (1,4405), (0,4948), (1,13622), (1,3392), (1,12096), (5,4038), (1,14147), (0,611), (0,9318), (1,16199), (1,4937), (1,16457), (1,8778), (2,5165), (1,13903), (1,15440), (5,4053), (1,6739), (1,14166), (3,2843), (1,12889), (1,92), (1,2655), (5,741), (1,18020), (0,2951), (0,1672), (5,4854), (1,16498), (2,4697), (0,1945), (2,3165), (1,10620), (1,4477), (1,16258), (4,295), (5,2825), (5,7439), (0,3245), (0,1966), (5,3603), (5,4627), (4,8243), (1,17552), (5,3861), (2,3701), (5,4634), (1,2202), (5,5150), (1,155), (1,4510), (5,4647), (2,6532), (1,16550), (3,873), (1,11183), (1,18098), (1,6835), (0,9170), (1,16307), (1,9396), (0,11987), (1,4790), (1,18615), (4,347), (0,4057), (2,6044), (2,3230), (1,17602), (1,6083), (5,840), (1,16073), (5,6990), (5,7246), (4,5231), (1,16844), (1,7629), (1,3790), (4,375), (1,8406), (1,2011), (1,16859), (1,18395), (1,4834), (1,12258), (0,3586), (1,14819), (0,7172), (0,7174), (1,7657), (0,4363), (1,8689), (1,17138), (0,3604), (1,8950), (1,12278), (5,3707), (0,3607), (4,668), (1,7418), (5,2433), (5,4226), (1,7425), (4,5800), (5,1166), (5,1934), (1,5901), (5,2962), (1,3854), (0,9262), (1,13071), (0,2351), (0,8751), (1,1554), (1,5907), (1,17684), (1,5913), (0,4154), (1,5915)
flaquea	(5,7740)
arrepiente	(2,4538)
imprimen	(5,2214), (5,6423), (1,8166)
flaquee	(5,5736)
desmandarse	(1,8686)
corriere	(1,5166)
copiar	(2,305), (2,5410), (2,376)
copias	(0,193), (0,179), (0,5659)
olian	(1,15887)
seguirian	(3,869), (3,1725)
merecimientos	(1,2993)
rebus	(5,8152), (5,6654)
argentinos	(5,5639)
colonos	(5,2725), (5,666), (5,3003), (5,620), (5,1807), (5,1187)
sosegaos	(1,14881), (1,13668), (1,14597), (1,15638), (1,13804)
inventario	(0,4292), (0,4308), (0,7381), (0,4342), (0,4265)
buelvan	(0,5691)
rabiosa	(1,13673), (1,13547)
volumen	(4,103), (0,5140), (5,6442), (5,6716), (5,7564), (5,7628), (5,6510), (5,560), (5,7217), (5,7313), (0,5117), (5,7586)
xlivcomo	(4,8794)
distributed	(2,8387), (4,8910), (0,13835), (1,19311), (3,3124), (0,14034), (5,9210), (4,26), (2,8153), (3,3325), (4,9248), (0,29), (3,3137), (0,13726), (2,8354), (2,8166), (1,19077), (4,9007), (5,8976), (1,19278), (1,19090), (0,14067), (1,21), (5,9177), (4,9017), (5,27), (3,27), (5,8989), (4,9214), (3,3358), (0,13822)
llevasen	(1,7232), (1,4869), (1,6245), (1,7015), (1,16824), (1,7642), (1,17338), (1,8380), (1,12204), (1,13852), (0,8157), (1,7983)
malucas	(3,2237)
sepulturas	(0,1409), (1,16261), (0,1386), (1,16268)
templanza	(5,6268), (2,506), (1,16639)
recetas	(2,6161), (4,1703)
unen	(2,2210), (5,764)
frode	(1,16076)
rabioso	(2,838), (2,4767)
desairadas	(5,366)
pintaban	(2,6097), (1,16788)
epoca	(0,832), (3,101), (2,4933), (0,199), (5,6509), (5,6130), (5,7603), (2,1747), (5,6328), (5,7608), (5,6137), (5,5116), (5,7868), (5,701), (5,3261), (5,5633), (2,3104), (0,13150), (5,6661), (5,6725), (5,5127), (5,1928), (5,4104), (5,137), (5,7754), (5,1164), (5,1292), (5,7565), (5,5264), (2,110), (5,3601), (5,5713), (5,916), (5,1684), (2,2037), (2,3126), (5,3161), (2,4086), (0,13108), (5,1691), (5,2139), (5,3742), (5,863), (5,7775), (0,190)
mascullaba	(2,4332)
alcanzarian	(1,6360)
distinguen	(5,6116), (3,1772), (5,4495)
exclusion	(3,3266), (1,19219), (4,9144), (2,8295), (5,9118), (0,12955), (0,13963)
unio	(4,7092)
yzuf	(1,3232), (1,3250), (1,3268), (1,4020), (1,3206), (1,3255), (1,4024), (1,3193), (1,3210), (1,4011), (1,3245), (1,3247)
local	(5,293), (5,1541), (2,4419), (5,680), (5,297), (2,1608), (2,4906), (5,1134), (5,3310), (5,2159), (2,5036), (2,2125), (5,2037), (2,6325), (5,3001), (5,2586), (2,6327), (2,2425), (5,222), (2,1982), (2,4990)
tormento	(2,2213), (1,5044), (1,1462), (5,3868), (4,8187), (3,971), (2,6170), (1,2890), (2,6109), (1,17454), (4,5794)
editores	(5,70)
vendado	(2,5121)
asomo	(1,14563), (1,18517), (1,6970), (1,18892), (1,14221), (1,574), (1,14574)
bezaris	(0,1517)
poniendose	(1,13793), (0,6324), (2,6295), (2,1881), (2,3450), (2,5338), (2,2891), (2,7723), (2,7805), (1,5901), (1,5695)
imponente	(2,5044), (5,4567), (2,1546), (2,427), (2,1182)
cotizaciones	(5,1460)
locas	(4,7317), (4,4283), (2,2140), (4,1105)
tormenta	(1,8225), (1,1732), (5,4136), (0,13443), (1,3302), (1,6695), (1,6634), (0,7786), (1,5204), (1,6522), (1,3355), (1,6907), (1,12027), (1,9404), (1,3326)
asome	(4,473)
flamante	(1,4836), (1,17256), (5,6829), (5,3168)
resorte	(5,2375)
allanandose	(5,1236)
asoma	(1,3806)
colmenar	(4,6626)
regocijarnos	(1,10308)
exuberancia	(5,5864), (5,734)
menjurjes	(1,18719)
colmenas	(4,1300), (2,220)
jocosamente	(5,4400)
desdichas	(1,16836), (1,4485), (1,14582), (1,2937), (1,14522), (1,13179), (1,8669), (1,16925), (1,16830), (1,4495)
cobardemente	(2,6268)
apocrifos	(5,7757)
saltos	(1,16674), (1,16676), (1,17428), (4,1688), (1,17782), (1,17402)
copied	(3,3124), (1,19090), (2,8166), (4,9016), (1,19077), (2,8153), (5,8989), (4,9007), (5,8976), (0,13835), (3,3137), (0,13822)
cuatrocientas	(1,821), (3,730)
apostado	(4,6767)
cercania	(3,1105)
navichuelo	(0,5702)
copies	(3,3044), (2,8195), (5,9128), (2,8073), (3,3179), (0,13898), (0,13771), (0,13899), (2,8208), (1,19119), (4,9045), (1,18997), (5,9018), (0,13973), (4,8927), (5,8896), (1,19132), (3,3200), (3,3201), (4,9058), (3,3074), (5,9031), (2,8229), (2,8230), (2,8103), (0,13864), (3,3276), (2,8305), (0,13743), (1,19153), (1,19154), (1,19027), (4,9079), (4,9080), (0,13877), (5,9052), (5,9053), (5,8926), (4,8958), (3,3166), (1,19229), (4,9153)
poniendome	(2,2239)
agurto	(3,2147), (3,2132), (3,2072), (3,2633), (3,2589), (3,2062)
ahogo	(2,7777), (4,6788), (2,7618), (4,4809), (1,2155), (3,816), (3,721)
boluptatibus	(4,441)
modified	(0,13746), (3,3047), (1,19000), (2,8076), (4,8930), (5,8899)
resolvieron	(3,1431), (1,8693), (1,12933), (5,1468), (3,1259), (3,2721)
filocrates	(2,195)
pusistes	(0,3075)
corola	(2,3148)
enojarle	(2,3985), (0,7809)
activos	(5,3623), (5,3913), (5,3914)
febreromejicocarta	(0,4106)
tenlos	(1,18634), (1,18639)
dabantur	(1,8098)
desuellan	(1,2995)
entronizar	(5,3209)
unir	(2,3620)
envuelvan	(0,336), (5,7043)
pagaban	(3,2776)
raudal	(5,4660), (1,5190)
ahogaran	(0,10224)
copica	(4,7852)
inedit	(0,13716)
modifico	(5,3928), (5,2448)
venganse	(1,18864)
advirtiendoles	(3,2643), (1,5282), (5,4718)
leipzig	(1,73), (1,18958)
nominarse	(2,188)
descoloridita	(2,5813)
malcochero	(4,3368)
violentamente	(5,3284), (2,1431), (5,7453), (5,2287), (5,2304), (2,3360)
invocacion	(1,18438)
poblazones	(0,4645)
fracasos	(0,760), (0,540), (5,1409)
bocablos	(0,7201), (0,7097), (0,7086)
radical	(5,3221), (0,166), (5,7292), (5,3406)
biografia	(5,5958), (5,5191), (5,7655), (5,7336), (5,201), (5,5738), (5,5388), (5,8172), (5,4589), (5,5389), (5,4334), (5,2319), (5,6545), (0,13324), (0,13298), (5,5118), (5,7647), (0,13019), (5,5954), (5,3875)
agengibre	(0,10015), (0,9984)
irresistible	(5,5003), (5,2892)
disciplinada	(5,5029), (5,3434)
industriales	(5,1811)
olido	(4,4104)
ofrecieronsele	(1,14145)
alamedas	(3,1156), (1,185), (1,8415)
contraccion	(2,5855)
disimuladas	(4,2388)
bracamonte	(1,18769)
poniendosele	(2,7342)
munoz	(2,5246)
argamasa	(1,11884)
poniendosela	(2,3596)
demasias	(1,5670)
unos	(0,6207), (2,2566), (1,13357), (3,496), (1,13358), (4,7637), (1,12851), (1,13367), (3,1018), (1,2617), (1,573), (4,6112), (0,6236), (1,575), (1,7232), (1,582), (0,1637), (1,17993), (1,3658), (0,8819), (0,119), (1,16479), (5,1514), (3,1065), (5,7148), (1,3690), (3,1070), (0,3723), (3,2098), (3,1075), (0,7318), (3,2106), (1,18042), (3,1089), (1,16000), (5,4614), (1,8836), (1,142), (0,7854), (0,9905), (1,4247), (0,8375), (0,6333), (5,2598), (5,4134), (0,194), (0,11459), (3,2152), (4,7241), (5,5679), (1,11953), (5,4664), (1,14006), (4,7777), (5,4675), (1,7874), (2,6309), (2,167), (1,3783), (2,170), (5,7757), (5,3150), (1,17104), (4,3707), (1,9432), (2,2234), (2,7354), (1,7385), (1,7386), (1,1243), (1,4316), (0,4861), (1,16097), (4,2184), (4,7823), (1,14065), (3,1205), (4,3738), (0,8982), (2,217), (1,12536), (2,6363), (0,10011), (5,7300), (1,9986), (0,6434), (0,10532), (2,2791), (3,2760), (1,16134), (1,15115), (1,13580), (1,8975), (2,2289), (1,11026), (1,5396), (0,6452), (0,10549), (2,1789), (0,6460), (1,10017), (4,5317), (0,7493), (3,1258), (5,173), (2,268), (1,11051), (2,6926), (1,10031), (3,2808), (1,16182), (0,10079), (0,10596), (1,3398), (1,6470), (1,6472), (3,1806), (3,785), (5,6868), (0,6512), (1,1879), (1,8535), (1,17752), (1,17243), (3,799), (1,14174), (0,8062), (0,6531), (1,2406), (0,10630), (1,365), (2,1872), (0,10638), (1,17776), (1,3445), (5,258), (3,328), (5,4875), (4,4907), (1,18825), (5,7438), (5,7444), (5,3866), (2,376), (0,7606), (0,6585), (2,2429), (5,7456), (1,5535), (1,8609), (0,6085), (0,6086), (0,3018), (3,1391), (1,9653), (0,10708), (1,9654), (3,1920), (0,10205), (1,8128), (0,10207), (5,838), (0,10213), (1,17352), (2,7082), (4,879), (1,17868), (0,8685), (0,11245), (2,2483), (3,1432), (1,17370), (1,3549), (1,17376), (2,1986), (1,9186), (1,11244), (2,4558), (3,2481), (4,6546), (0,6670), (4,915), (1,9200), (0,7696), (1,16386), (5,2952), (1,4613), (1,6664), (0,8232), (1,8713), (3,1484), (4,1454), (4,944), (1,5133), (1,5134), (0,6702), (0,6192), (0,6203), (0,6206)
compradme	(4,4403)
disputemos	(2,1223)
munon	(0,4262), (0,12473), (0,4444)
consolaban	(5,1389)
fragil	(1,8480)
gozarian	(4,8332)
declinar	(1,16866), (5,5084)
esmeradamente	(5,4647)
exclusiva	(5,1970)
claudia	(1,18754), (1,18883), (1,18791), (1,18823), (1,18952), (1,18602), (1,18539), (1,18859), (1,18540), (1,18796), (1,18766), (1,18672), (1,18896), (1,18866), (1,18483), (1,18611), (1,18742), (1,18839), (1,18936), (1,18714), (1,18812)
seyano	(1,17287)
ahogarse	(2,2023)
empingorotar	(2,349)
capas	(1,17232), (1,12186), (5,4802)
manejan	(3,2040)
fuenfrida	(1,4676)
rescataren	(0,5132)
capaz	(3,99), (3,1190), (2,6470), (5,2285), (5,2034), (2,6544), (2,4753), (5,2489), (3,2487), (2,4503), (5,443), (5,5183), (2,7708), (5,1921), (2,2846), (3,2945), (5,5827), (5,7364), (5,7492), (1,16256), (2,5154), (5,5516), (5,3154), (3,1298), (2,6772), (5,7703), (2,2616)
grita	(0,6655), (0,7999), (1,8608), (0,10592), (0,10594), (1,11428), (0,6628), (0,6949), (1,17160), (1,3305), (2,7473), (2,435), (0,6516), (1,2455), (0,8566), (0,6938)
ayudamos	(2,5277)
dejarlos	(1,17668)
exclusivo	(2,7250), (0,581)
grite	(2,5494), (1,12716), (2,2382)
absolutos	(2,1064)
lanzarla	(5,991)
insalvable	(5,251), (5,3883)
salistes	(4,779), (4,4545), (4,4018)
encontraredes	(0,4800)
marques	(5,2408), (2,3786), (0,265), (2,1163), (2,3789), (2,3853), (0,972), (2,3794), (5,2422), (0,978), (1,17396), (2,3865), (1,8568), (5,7678), (2,3804), (2,3870), (2,6047), (0,5725), (2,3234), (0,3427), (0,3430), (2,3753), (2,8042), (2,3884), (5,7696), (2,3759), (0,1263), (2,6003), (2,3830), (2,4345), (2,3838), (2,3200)
grito	(2,5122), (2,7810), (5,6566), (2,1220), (2,5898), (2,2509), (2,5331), (2,6484), (2,2197), (2,6037), (2,5526), (2,5015), (2,5337), (5,7678), (2,4323), (2,5219), (2,1508), (1,8708), (2,5926), (2,2151), (5,715), (2,7848), (2,1385), (2,6185), (2,234), (2,3498), (2,5611), (2,7723), (5,913), (2,7278), (2,7983), (2,6577), (2,2164), (2,7797), (5,4569), (2,5558), (1,17179), (2,5885), (1,18844), (2,7614), (2,7998), (2,6592)
dijeramos	(2,164), (2,1990), (2,4908)
germania	(1,5010), (1,5602)
privilegiado	(2,6694)
lastimados	(3,1765), (1,8997), (1,8716)
marquez	(3,2175)
incidentales	(0,117)
veremos	(4,7622), (2,3013), (1,13194), (2,3468), (4,2227), (2,1298), (2,213), (2,469), (4,855), (4,664), (4,1304), (2,5114), (1,635), (4,480)
adorna	(1,8086), (4,7227), (4,7547), (2,3838)
olimpico	(2,7623)
bellisima	(1,1189), (1,3063), (1,7742)
completamente	(5,644), (2,2114), (5,1542), (4,105), (5,2027), (5,845), (2,3818), (5,1294), (0,746), (5,1140), (2,2675), (2,3221), (5,6104), (5,1018), (5,7578), (5,3965), (5,7741), (5,6111), (5,7457), (5,5474), (5,7906)
sosiego	(4,8516), (0,2562), (1,9445), (1,9575), (1,18024), (1,2924), (0,6923), (1,7026), (1,11575), (1,18103), (1,11261), (1,9154), (1,3844), (1,12488), (1,16456), (1,13129), (1,17610), (1,10256), (1,9427), (1,3092), (1,13717), (3,216), (1,13593), (1,10651), (1,18079)
incidencias	(0,13272)
devio	(0,9635)
ligeramente	(5,1910), (5,7612), (0,3002)
sosiega	(1,10123), (1,1327)
novedad	(5,4326), (0,226), (0,1220), (5,6505), (2,6249), (1,18314), (4,142), (0,1202), (5,280), (3,1687), (3,568), (0,2457), (5,6302), (2,511), (3,1216), (5,2979), (3,2721)
excitandose	(2,5571)
descubrieremos	(0,3951), (0,3957), (0,3910), (0,4008), (0,3897)
descabezando	(2,894)
hicierdes	(0,4806)
devia	(0,799), (0,2496), (0,5812)
encargamos	(0,3583), (0,3116), (0,1358)
bovedas	(2,5606), (2,1547)
celajes	(5,6363)
amanada	(5,2209)
sosegado	(1,3331), (1,7347), (1,13044), (1,14071), (1,3948), (1,13487)
necesitando	(3,2899), (5,6710)
agrupanse	(2,218)
sastres	(2,5313)
huerto	(4,7274), (4,446)
pasitea	(2,127)
rines	(2,3546), (1,810)
sosegada	(3,2243), (1,12707), (1,6310), (1,10615), (1,14682), (1,11899)
amanado	(5,4833)
ficase	(0,2916)
intermitentes	(5,7348)
registrarse	(1,6022), (0,1901)
rinen	(1,5779), (2,5349)
cortolas	(1,4656)
olimpica	(2,6756)
traidoramente	(2,5553)
huerta	(4,7284), (1,18049), (1,11109), (1,3127), (1,12167), (1,17928), (1,17992), (1,18040), (1,17930), (1,17978), (1,5534), (1,15054)
extincion	(5,502), (5,1961), (5,1993)
expirante	(5,7487)
exanime	(2,1442)
descontando	(0,743)
inspirada	(5,1097), (5,4810)
fabulosa	(2,90), (3,545)
either	(0,13839), (3,3141), (1,19094), (2,8170), (4,9020), (5,8993)
cerbunas	(4,7514)
arraigada	(5,4198)
quartillos	(0,2263)
cercanas	(2,6005), (3,2719)
crujian	(1,14746)
crujias	(2,7589)
diocesi	(4,6216)
reconocidos	(5,1687), (5,1470)
flotar	(5,2907)
flotas	(0,256), (0,3817), (0,13578), (0,555), (0,540)
rescataran	(0,5110)
ofreciese	(1,4054), (1,6630), (1,9529), (1,12073), (1,4238)
presentenuestro	(3,1693)
vicios	(1,16640), (1,17521), (1,18113), (5,775), (1,16788), (1,16853), (1,16981), (4,8394), (1,16570), (3,112), (1,17518)
sistematica	(2,4059)
lavado	(4,1559), (4,5080), (4,3596)
marzoco	(4,5143)
detiene	(2,1443)
adorno	(1,13280), (1,9233), (2,3173), (1,7381), (1,6679), (1,13880), (1,15048), (3,1323), (1,6297), (1,15545), (1,15530), (1,15165)
parker	(5,4455), (5,8571), (5,4467)
ofreciere	(1,15253), (0,2394)
senato	(4,6040)
encerrar	(1,15280), (1,3923), (5,5368), (5,4899)
explorar	(2,4105)
distinguir	(1,8835), (3,2891), (0,13321)
lavaba	(1,11472)
osados	(4,1496)
mayorazgo	(1,965), (1,11131), (1,12108)
deven	(0,3055), (0,3183), (0,3072), (0,9248), (0,3073), (0,9249), (0,1524), (0,3182)
inspiraba	(5,1447), (2,3254), (5,1246)
titularse	(5,3697)
azumbres	(1,9798)
saluda	(5,5877)
tardaron	(1,4256), (1,7266), (0,6169), (2,5120)
comparaciones	(5,798)
recibiesen	(3,2247)
entremos	(1,4466), (1,5074), (0,2260), (4,5049), (2,7543), (4,6427), (1,606)
portentos	(1,16277)
penon	(2,7022)
muestre	(1,1952), (4,5093), (1,17810), (4,4038), (1,1188), (4,5672), (4,1230), (1,16443)
unto	(4,6276), (1,10161), (1,17716), (1,5959), (1,17098)
saludo	(1,3448), (2,1964)
vacilar	(5,3766), (5,1481), (5,5517), (5,4945)
nombresfelipe	(0,11665)
asesinas	(5,4703)
cuadrilla	(1,14755), (2,1733), (2,1462), (1,1823)
frutara	(4,6869)
quando	(0,6463), (0,2368), (0,6337), (0,2371), (0,2884), (0,8772), (0,1349), (0,2886), (0,8774), (0,7886), (0,3792), (0,1363), (0,7380), (0,1111), (0,5465), (0,6107), (0,5212), (0,6620), (0,10588), (0,2782), (0,10462), (0,9695), (0,1890), (0,6370), (0,6498), (0,9954), (0,4323), (0,5219), (0,4452), (0,3562), (0,1899), (0,11371), (0,1772), (0,4460), (0,10732), (0,11507), (0,11511), (0,3448), (0,3832), (0,4729), (0,7930), (0,10747), (0,11521), (0,3974), (0,4870), (0,7302), (0,4874), (0,8842), (0,3980), (0,2189), (0,8594), (0,2963), (0,5395), (0,6676), (0,10777), (0,7194), (0,11420), (0,5918), (0,10271), (0,10530), (0,9635), (0,5028), (0,11557), (0,1958), (0,7718), (0,10152), (0,9771), (0,1708), (0,3628), (0,9772), (0,11565), (0,8622), (0,1839), (0,2353), (0,9905), (0,10673), (0,4402), (0,5940), (0,4919), (0,8889), (0,11449), (0,11581), (0,11454)
vidrios	(1,8040)
penol	(0,12786), (1,4260), (0,10917)
corriese	(0,5588), (1,2107), (0,5594), (0,5597)
distinguia	(2,6267)
sustentamos	(1,1632)
anegadizas	(0,9864)
buscabades	(1,14078)
resplandeciente	(4,8537), (1,14555)
previniese	(1,15092)
unte	(1,10305)
muestra	(1,17952), (1,6306), (1,1187), (0,1733), (0,9286), (0,7623), (1,12456), (0,7883), (1,5809), (0,9304), (5,6727), (0,7906), (0,7011), (0,7653), (0,2918), (1,14027), (0,8299), (1,2772), (1,18262), (1,17499), (0,3451), (0,4734), (1,4577), (1,18273), (1,14690), (1,1123), (0,7428), (1,11623), (0,7053), (3,689), (1,13042), (1,12659), (4,2203), (1,14842), (1,9470), (2,1248), (0,2591), (0,8223), (0,6688), (1,18820), (1,7429), (1,15622), (0,7335), (1,9227), (1,13451), (4,2104), (1,9495), (0,2104), (1,10140)
civiles	(5,4701), (3,528)
jerigonza	(2,1834)
bayles	(0,10122)
zingladuras	(0,6088), (0,6092)
froto	(2,4597)
imborrable	(5,4453), (5,5939)
aventajadamente	(1,8847)
presentaremos	(2,530)
guinchilca	(3,1458), (3,1460), (3,2007), (3,2027), (3,1456), (3,1472), (3,1473)
descosida	(1,18706)
lanzarse	(2,7231)
cestillo	(4,5691)
honroso	(1,5161), (2,222), (1,16687)
defectillo	(2,3835)
importara	(0,3633), (0,3877), (0,5269), (1,14438), (0,4728)
hijita	(2,4246)
cordoneros	(0,3797), (0,3724)
dccccli	(0,11736)
detengas	(1,10204)
molido	(1,5554), (1,16680), (1,18717)
detengan	(0,3121), (0,3282)
honrosa	(2,214), (1,10536), (1,16985)
magnificamente	(1,14292)
despacharla	(0,7419)
hormiga	(1,17646)
animales	(5,549), (1,1601), (1,6850), (1,16164), (5,5002), (1,16167), (3,2732), (1,16684), (0,335), (2,1491), (1,17491), (1,16182), (2,7707), (1,16413)
fiereza	(3,1262)
cajita	(2,3563), (2,3516), (2,3519)
apostare	(1,11221), (1,2439), (1,8299), (1,11163)
ahogarle	(2,4668)
exactitud	(5,6998), (5,5687), (5,7244), (4,255), (5,5123), (5,6675)
acallarlos	(2,2104)
llevarte	(2,5765), (2,4319), (1,11598)
hospitalera	(1,17430), (1,17596), (1,17695)
vaquerias	(3,962)
despacharlo	(3,1850)
pellejos	(2,6512)
pellejon	(4,4302)
riguridad	(1,12293), (1,17355)
acampados	(5,1570)
rinon	(3,986)
relatar	(1,8121), (5,2865)
molian	(1,11411)
rescatarme	(1,3367)
lobos	(4,6084), (1,16595), (2,197), (3,2552), (1,16599), (1,8683), (4,1919), (1,16572), (1,16589), (2,4671)
proprio	(5,2929)
relatan	(5,1100), (5,7422)
fletamos	(1,7523)
afrancesados	(2,5594)
lleveis	(4,8216), (4,3433), (0,1238), (0,1350), (0,1526), (4,7482), (1,14505), (0,1290), (0,1562), (4,3678)
ahogarme	(1,17766)
magnificencia	(3,147), (5,6566), (1,13858), (0,7586), (0,8117), (1,14247), (4,5282)
palancas	(1,18849)
reflejada	(2,3309)
chacabuco	(5,5622), (5,5359)
despacharon	(1,9127), (0,715)
montiel	(1,17460), (1,17604), (1,17464), (1,17449)
vestigio	(0,779)
pudiendo	(2,930), (4,341), (4,8486), (5,5930), (1,14183), (3,2239), (4,8242)
rescatarla	(1,3196), (1,3724)
tiber	(4,6789), (5,6220), (5,6237), (2,187), (4,6927), (4,6769), (4,8465), (4,4610)
abreles	(1,15907)
penso	(1,17121), (2,7495), (4,651), (2,7497), (1,7850), (1,2156), (1,2478), (2,3217), (2,4180), (4,599), (0,12947), (2,7318), (4,5657), (3,249), (1,6903), (1,11639), (1,13175), (4,3996), (2,7517), (1,9282), (1,10691), (1,4165), (2,7462), (2,7465), (1,15370), (1,11403), (5,1554), (2,7536), (4,757), (5,3927), (1,10518), (1,13211), (1,17116), (2,7552)
apostata	(5,381)
estrecheza	(1,5842), (1,8949), (1,9446), (1,10774), (1,2894), (1,9582), (1,8591)
errores	(5,4004), (1,33), (4,40), (5,42), (2,6699), (2,7371), (0,42), (3,847), (5,6196), (5,6644), (5,2229), (5,7894), (3,855), (0,13684), (1,88), (0,152), (3,188), (5,5441), (5,7681), (2,32)
pense	(4,6532), (4,1542), (4,7338), (4,8365), (4,1519), (1,4077), (4,8560), (1,16017), (4,4150), (1,3991), (4,7835), (4,1854), (4,4031), (1,4988), (1,1277), (4,802), (4,5506)
desbalixar	(4,4111)
fragua	(2,4053), (0,1577), (2,5358), (4,8528)
pensa	(4,4677), (4,424), (4,2136), (4,4683), (4,3630), (4,1554)
aplicarle	(5,3590), (5,2270)
importacion	(5,2960), (5,177)
pablo	(0,703), (0,3104), (0,13312), (0,11714), (0,5796), (0,13413), (0,5671), (5,8557), (0,9837), (0,13293), (0,3246), (0,9550), (0,592), (0,12018), (0,12210), (0,5971), (5,6744), (5,4123), (0,824), (0,5977), (0,12825)
supieran	(4,8483), (1,5703), (2,7128), (0,1614)
lanzaron	(5,2729)
lutero	(5,8436), (5,5264), (5,5266)
ahogaros	(4,5225)
llaneza	(1,16705), (1,9571), (1,14137)
expresadas	(0,13151), (0,13631), (5,5541), (5,3011), (5,5763)
entremes	(1,18106)
ahogaron	(2,2144)
escuderos	(1,17077), (4,7801)
rebanos	(1,16444)
recalcitrantes	(5,427)
luca	(1,7772)
luce	(1,10799)
afirmado	(5,3202)
atreguado	(4,6819)
cerdoso	(2,2671)
estraordinariamente	(1,18606)
frondosa	(2,370)
compuestas	(1,18355), (1,13092), (1,18581), (1,16518), (1,7375)
hablandoles	(0,5026), (0,6985)
afirmada	(5,3129)
abiles	(0,3532)
atormenta	(4,7076), (2,2206)
gasparejo	(4,7520)
important	(1,19280), (2,8356), (0,14036), (5,9179), (3,3327), (4,9216)
queremos	(1,1377), (1,1649), (4,7460), (4,854), (5,3912), (4,6327), (1,1605), (4,7337), (2,2792), (3,2043), (2,1776)
osadia	(3,1252), (5,5402), (4,845), (5,4494), (1,207)
metelde	(4,8212)
ahoya	(4,1834)
cosiendose	(1,1286)
atormento	(0,9971)
comprados	(5,1700), (0,3727)
nanza	(0,10400), (0,10401)
comprador	(1,6716), (1,3550)
ecija	(4,8121), (4,4046)
albaniles	(2,4963)
cajistas	(5,7893)
solenizar	(1,12884)
rescataria	(1,3252)
acariciale	(1,16446)
solenizan	(1,11554)
hacernos	(2,1873), (2,2818), (2,837), (1,17636), (1,17578), (0,8939)
baja78	(0,6205)
distinguirlas	(5,7900)
vezasen	(4,433)
descartando	(5,5075)
septuaginta	(4,6815)
evangelica	(0,8423), (0,8855), (0,8846)
lleveme	(1,17477)
reunamos	(2,7365)
original	(5,4900), (3,3171), (2,5570), (0,5696), (0,13376), (1,35), (0,13186), (0,13379), (2,8200), (5,7793), (0,2062), (0,13073), (0,13649), (2,20), (0,13138), (1,19124), (4,9050), (5,4925), (2,1755), (5,6142), (5,6846), (5,9023), (0,13339), (5,2882), (5,4419), (5,7171), (2,34), (0,2402), (5,5321), (0,13605), (4,42), (5,4111), (0,44), (0,5548), (5,1938), (0,13869), (4,58), (5,7643), (0,13302), (5,5022), (1,9181)
despilfarro	(2,3578)
disciplinadas	(5,1233)
fuimos	(0,6335), (0,11072), (0,11393), (0,5700), (0,6341), (0,9287), (0,9415), (1,2089), (0,11144), (0,11082), (0,6859), (0,6732), (0,6285), (0,11154), (0,6291), (0,10452), (0,10644), (0,10518), (0,11158), (0,11354), (0,10588), (4,3554), (0,10462), (0,13534), (0,13536), (4,869), (0,10082), (0,10532), (0,10919), (0,11112), (0,10475), (0,11051), (0,11372), (0,10927), (2,819), (0,10609), (0,10929), (0,11249), (0,11378), (0,10419), (0,11251), (0,11188), (0,11254), (0,11512), (1,12441), (1,17502)
varcos	(0,9935), (0,9930)
coronados	(5,997), (5,3635)
nectar	(1,18035)
cascos	(1,2150), (1,11866)
suprimirse	(5,4096)
espana	(0,5189), (0,3142), (1,7208), (0,5192), (1,7211), (1,11308), (0,13393), (0,3154), (4,983), (0,1109), (1,7226), (1,7241), (0,2162), (4,3069), (0,3195), (0,10363), (0,13435), (4,4101), (0,8325), (0,4231), (4,6155), (0,8328), (5,6127), (5,7151), (5,7153), (0,13452), (0,3213), (0,9357), (0,4238), (0,4243), (1,7289), (2,2139), (5,7169), (5,6152), (5,7190), (2,5236), (0,1208), (4,7228), (3,93), (2,5244), (0,5307), (1,9376), (0,1216), (0,5314), (1,9383), (0,5319), (1,9390), (0,8398), (0,1231), (0,4304), (0,5328), (0,3284), (3,1144), (0,5336), (2,5277), (0,4325), (0,1259), (0,5355), (0,4332), (1,9421), (3,147), (2,5299), (0,245), (3,156), (0,3321), (0,5371), (0,7420), (0,3331), (0,7430), (0,263), (3,171), (0,7433), (0,3341), (5,6262), (0,3349), (0,4374), (4,8349), (1,11518), (2,5346), (5,6280), (0,1317), (0,305), (0,4401), (0,5431), (0,3384), (5,6301), (1,7449), (0,13629), (0,9534), (0,3409), (1,8498), (0,11601), (0,3411), (0,341), (1,6455), (0,11614), (0,3426), (0,3427), (1,7492), (0,3429), (1,7494), (4,6378), (0,3431), (0,2410), (0,13675), (2,1329), (0,2417), (1,6482), (1,15702), (0,3448), (1,15708), (0,2428), (0,3457), (0,5509), (0,2438), (0,391), (2,4426), (0,11658), (0,3474), (0,5523), (0,5525), (0,11672), (0,3481), (0,3485), (0,3494), (0,1449), (1,7566), (0,10671), (0,1457), (0,5555), (0,3508), (1,6549), (0,1464), (0,5561), (0,10685), (1,13729), (0,6598), (1,6568), (5,2351), (0,8653), (2,400), (3,369), (0,2512), (5,2357), (0,1489), (0,12755), (0,3540), (0,5588), (5,2365), (0,10714), (5,4418), (1,6593), (5,2376), (0,4585), (1,17868), (4,6515), (4,6517), (5,2392), (2,2486), (2,5559), (4,378), (4,1404), (0,5625), (1,478), (1,6625), (5,6508), (0,6663), (0,1545), (1,6636), (5,6514), (0,4622), (0,8720), (0,1553), (5,6518), (0,3602), (5,6524), (0,1561), (0,3612), (0,6688), (1,1540), (0,3625), (5,6544), (0,556), (1,17935), (5,6550), (0,562), (5,6554), (2,504), (5,4507), (0,10806), (5,6557), (1,17946), (0,10812), (0,11837), (0,10815), (0,4674), (0,11844), (0,5703), (5,2478), (2,2573), (0,10829), (5,6581), (1,17969), (1,1586), (0,10834), (0,11858), (0,4694), (1,10810), (0,603), (0,11867), (5,449), (0,611), (0,11875), (5,6612), (5,2518), (0,10866), (5,2520), (5,2521), (5,6618), (5,2524), (0,11897), (0,3706), (5,4577), (0,12925), (5,4581), (0,1677), (3,561), (5,2548), (0,656), (0,11921), (4,3606), (0,2710), (0,11928), (0,3738), (0,11934), (5,2564), (0,3744), (5,4613), (0,5792), (0,2723), (0,4771), (1,2693), (0,12964), (0,12967), (0,680), (0,2728), (0,3753), (0,2731), (5,5648), (0,3756), (0,4780), (5,2580), (0,11951), (0,3765), (0,3774), (0,11967), (0,705), (5,2598), (5,3628), (4,1612), (0,3784), (1,7849), (0,714), (1,7852), (0,716), (5,7731), (0,13007), (0,11984), (0,3793), (0,7892), (1,10940), (4,608), (5,7745), (0,738), (5,3657), (0,3817), (0,12010), (0,12013), (2,1716), (2,1719), (5,3676), (0,2811), (0,3844), (1,9962), (2,1745), (0,3857), (0,10001), (0,10003), (5,6777), (5,7801), (0,789), (1,8950), (3,698), (4,8859), (5,6781), (0,797), (5,7812), (0,12064), (5,7819), (5,2704), (2,751), (3,720), (2,2800), (5,7829), (5,8855), (5,2712), (0,3892), (0,2870), (5,2718), (5,6814), (1,18202), (3,733), (0,12090), (5,5794), (0,3905), (0,12100), (0,5957), (5,2733), (5,7853), (0,9032), (0,12108), (0,4941), (0,5965), (0,12111), (2,791), (0,12119), (5,3775), (5,7871), (2,797), (0,863), (0,3936), (5,6855), (0,3940), (5,5837), (5,6861), (0,1897), (5,6863), (0,1900), (0,5997), (4,7922), (0,1903), (5,6869), (5,5849), (5,6875), (0,3961), (1,9050), (0,4986), (0,892), (0,10112), (2,4932), (0,3973), (0,910), (4,3859), (1,7029), (0,13204), (0,13206), (1,7035), (0,13212), (0,3998), (0,2976), (3,2886), (5,6920), (5,4877), (4,7982), (2,7026), (0,4017), (0,4018), (0,10165), (0,10166), (0,4024), (0,10168), (5,6943), (0,4028), (0,3008), (0,9152), (0,4034), (0,1989), (0,9157), (0,4039), (0,4042), (0,13258), (0,4045), (1,9137), (0,9168), (0,3031), (0,13273), (2,5021), (0,13275), (1,962), (1,7113), (0,3049), (0,3051), (0,4077), (1,14286), (0,9198), (0,1008), (2,6071), (0,2038), (2,7100), (1,17373), (0,2046), (5,7018), (0,2059), (4,7055), (0,1039), (0,3088), (2,982), (1,7157), (0,5141), (0,11285), (1,13302), (0,2073), (1,7177), (0,1067), (0,2091), (2,5101), (1,7184), (5,7061), (0,4150), (3,986), (1,7194), (1,7196), (3,2015), (1,15390)
ofreciendoseles	(1,7587), (1,9980)
ludi	(5,4412)
teclas	(2,4164), (2,4103), (2,4110)
malucos	(0,3199), (0,9407), (0,1312), (0,4612), (0,4613), (0,9222), (0,5639), (0,3208), (0,12713), (0,4650), (0,3085), (0,5583), (0,5584), (0,5648), (0,4753), (0,3155), (0,3092), (0,5622), (0,5628)
huesca	(2,95)
canoa	(0,6335), (0,6591), (0,8000), (0,6465), (0,8002), (0,8130), (0,8133), (0,7303), (0,7241), (0,7307), (3,1712), (0,7885), (0,7118), (3,1716), (0,6742), (0,7191), (0,6873), (0,6555), (3,1729), (0,6560), (0,6562), (0,6818), (0,6882), (0,8034), (0,3876), (0,6565), (0,6822), (0,6887), (0,7784), (0,6893), (0,8175), (0,6320), (0,6832), (0,6834), (0,6579), (0,6581), (0,8119), (0,6456), (0,7736), (0,6458), (0,7546), (0,7100), (0,7292), (0,6461), (0,6462), (0,6590), (0,7038)
confian	(5,4302)
joan	(0,7423), (0,7424), (0,6145), (0,10823), (0,13703), (0,13704), (0,6348), (0,2702), (0,6158), (0,6351), (0,8176), (0,7411), (0,6454), (0,6491), (0,7483)
llevarlo	(0,4127), (5,1781), (3,2821), (3,1927)
lugo	(0,12305), (0,7501)
plana	(5,1862), (0,13303), (5,2064)
confiar	(5,4053), (0,7536), (0,2305), (0,11889), (5,3031), (0,3204), (5,4222), (0,332), (5,2242), (1,10735)
septiembrecarta	(0,11947), (0,12012)
despidieron	(1,14978), (1,13651), (1,10020), (1,10005), (1,10118), (1,4119), (1,14154), (1,15051), (1,11006), (1,15438), (1,14143)
felizmente	(5,1285), (3,2420), (1,9074), (5,4967), (1,14965), (5,4811), (5,4863)
completados	(5,7436)
coseletes	(0,3744), (0,6960), (0,8602)
escandalizan	(2,2520)
repiten	(1,471)
repites	(2,4582)
echen	(0,2241), (0,2307), (0,2245), (0,2248)
canon	(1,4257), (4,3237), (4,3285), (4,3301), (1,4434), (4,3272), (4,3289), (2,1916), (4,3295), (2,4509), (2,4511)
domados	(4,5662)
alusiones	(5,5977), (5,735)
desatinadamente	(1,1008)
canos	(1,5601)
ignorancia	(1,3107), (1,16549), (1,18822), (2,3080), (1,8136), (3,75), (2,656), (1,8111), (1,18096), (1,17747), (1,8788), (2,3478), (1,11671), (2,4121), (1,8508)
remitirnos	(0,9213)
faltabale	(5,977), (5,978)
enciclopedia	(5,8172), (5,8174), (5,2319)
llevarme	(1,2128), (1,4854), (1,17064), (1,12473), (1,4059), (1,16427)
916	(0,429)
entretejidos	(1,6296)
seguirme	(1,8632), (1,8797)
perdonar	(4,3651), (1,11458), (5,4537), (2,7094), (4,6253), (1,7100), (1,17660), (1,17614)
picose	(1,12241)
maten	(3,1411), (1,1346), (2,7139), (0,11891), (1,18809), (1,18873), (1,11116)
baldeo	(1,18312)
mateo	(0,9136), (0,9552), (0,4385), (0,12481), (0,5411), (2,6869), (0,4412)
vencieron	(4,6604), (5,5326)
disclaim	(3,3237), (1,19190), (4,9115), (2,8266), (5,9089), (0,13934)
composiciones	(5,7157), (5,6951), (5,6983), (5,6392), (5,7208), (5,6443), (5,4060), (5,6893), (5,6303), (5,7152)
estobisteis	(0,3152)
compadres	(4,3603), (2,501), (2,1722), (4,3596)
perdonas	(2,4823)
pedire	(2,2438), (2,3933)
llevarla	(1,3750), (3,428), (1,14538), (1,3533), (2,5903), (1,12559), (5,4728), (1,3543), (1,3994), (1,17147), (1,14364), (1,9598), (1,14366)
conscientes	(5,2603)
pedira	(1,11474)
distincion	(5,5700), (5,4438), (5,6471), (2,2182), (5,2363)
fragatilla	(0,5977)
buscamos	(3,884), (4,5538)
plano	(3,2803), (2,1976)
llevarle	(1,11491), (1,16405), (1,3287), (1,14631), (1,4360), (1,12154), (2,6412)
merecimiento	(1,18561), (4,3112), (1,4485), (4,5580), (1,11577), (4,2669), (4,5069), (1,1756)
auge	(5,1416), (2,1721)
gracias	(2,129), (2,3201), (2,1283), (1,6050), (1,14501), (1,14246), (2,1928), (1,14759), (4,6347), (5,5293), (1,16681), (1,9131), (5,4658), (1,7983), (0,13007), (1,10417), (2,2451), (2,2452), (1,13364), (2,4246), (1,4662), (1,1847), (5,3643), (4,6363), (1,7224), (2,2842), (1,6588), (0,1502), (1,16066), (2,1061), (5,1743), (0,1515), (4,8431), (2,2607), (5,3668), (1,17365), (0,12665), (1,10469), (4,1034), (5,2667), (2,3784), (0,7302), (2,2637), (2,4173), (5,241), (1,9325), (2,719), (1,16494), (2,592), (2,466), (2,4562), (5,5878), (1,9202), (1,4467), (5,4089), (5,6521), (1,17399), (1,6904), (1,14840), (1,7036), (1,8701), (2,7776), (2,5601), (1,6145), (2,3300), (0,7587), (1,11908), (5,5769), (1,6149), (2,1773), (4,1587), (4,8885), (1,14099), (1,12820), (2,5241), (1,12573), (1,286), (4,8513)
luis	(5,6180), (1,9888), (0,11711), (0,11967), (0,704), (1,9891), (0,11974), (0,584), (0,4170), (0,11723), (0,3153), (1,9012), (0,3412), (5,6714), (0,4183), (1,9784), (0,11994), (0,4059), (1,9661), (5,962), (0,4189), (1,9918), (1,10046), (1,9791), (0,11998), (0,607), (0,4064), (5,6341), (0,9568), (0,3554), (1,9668), (0,3173), (0,13285), (0,12518), (0,5991), (3,2703), (0,3309), (1,9934), (0,12014), (5,8405), (1,9682), (1,9810), (0,3570), (0,627), (3,2714), (0,3064), (0,3321), (5,4703), (0,3067), (0,4219), (0,3581), (1,9951), (3,2722), (1,9953), (1,9701), (3,939), (1,9706), (0,4106), (1,9835), (0,4236), (0,9357), (0,12303), (0,12048), (0,3346), (0,3474), (1,9847), (0,3361), (1,9863), (0,11943), (1,8969), (5,4111), (0,9514), (1,9869), (0,5808), (1,9745), (0,561), (0,5556), (0,11958), (0,5560), (1,9755), (1,9759)
prominentes	(5,3090)
seguirle	(1,18080), (2,1460), (2,1581)
arrancaban	(3,133), (0,6940)
picota	(4,347), (4,5455)
endurecido	(1,10475)
mudole	(1,17908)
competencia	(5,664), (2,6375), (5,4189), (1,1146), (1,10910), (5,5715)
tacitas	(4,8325)
abrelos	(4,7424)
desclavo	(4,8514)
lazos	(1,1025), (5,3445), (1,9233), (1,9186), (5,3832), (1,1399), (1,2395)
alhajas	(1,4692), (1,1765), (1,2405), (1,5093), (3,666), (1,7306), (2,1040)
humillada	(5,4672)
solteras	(0,4494)
infortunado	(5,432)
distinguirles	(1,8803)
tirais	(4,3959), (4,5343), (4,3442)
manifestaciones	(2,2276), (2,5397), (2,6469), (5,5162), (5,4363), (2,5536)
persuadome	(3,1384)
interrogatorio	(5,2166), (0,13270)
manejos	(2,4371), (5,3288), (2,7013), (2,2781), (2,5296)
tejoletas	(1,5777), (1,5799), (1,5742)
infantes	(4,8565)
desclabaron	(0,6454)
poblezuelo	(0,7388)
alisto	(0,13391), (0,13243)
resueltamente	(2,2535), (2,6631), (2,5948)
seguirla	(0,5935), (5,3383)
xvcomo	(4,8685)
echas	(0,9953), (4,4807), (4,3738)
aula	(1,16776), (1,16778), (2,381)
beguendanao97	(0,9289)
carducha	(1,2416), (1,2369), (1,2401), (1,2436), (1,2390), (1,2395), (1,2430), (1,2383)
echar	(1,6113), (1,5666), (5,1447), (1,15587), (2,7048), (1,12968), (0,8075), (1,3309), (2,5070), (1,9966), (2,6034), (0,6353), (0,10642), (5,1720), (1,3958), (4,6937), (1,7863), (0,11223), (2,4058), (0,6105), (0,7129), (2,5087), (2,1893), (2,2341), (4,2983), (4,1704), (1,15111), (1,4680), (1,8906), (4,943), (1,9165), (4,3313), (2,7087), (0,9778), (5,1560), (1,9881), (0,10104), (5,606), (2,2747), (1,16732), (0,6332), (1,12189), (1,18078)
precede	(2,220), (4,8337)
amunategui	(5,6180), (5,6197), (5,6185), (5,6329), (5,7978), (5,6207), (5,6064)
echan	(2,5810), (1,16130), (2,857), (4,6011), (1,16664), (4,1149), (1,5194), (1,10235), (4,5025)
traductora	(5,5268)
volaron	(1,4400)
lealtada	(0,5872)
manteles	(0,7860), (4,4810), (0,8023), (4,7823), (1,13436), (4,6112), (4,6113), (1,5470), (1,5518)
ofrecidas	(5,5560)
pellejar	(4,4300), (4,4302)
echad	(2,5017)
siglo	(3,1639), (2,6664), (5,7724), (2,3212), (4,209), (5,2483), (3,2804), (5,6714), (3,2297), (5,5180), (5,4800), (2,6046), (5,3651), (4,5221), (2,3237), (5,7881), (5,1995), (5,7627), (5,5068), (5,7628), (5,1103), (4,114), (1,10323), (5,5848), (5,7642), (5,4956), (5,6492), (5,4317), (5,6623), (5,7903), (0,126), (4,6278), (1,18147), (5,6123), (3,170), (4,6675), (1,18800), (1,3315), (2,2005), (5,6136), (2,2391), (5,6142), (5,4995), (0,13092), (5,3596), (3,81), (5,2707), (2,3185), (5,6164), (5,6933), (1,18707), (0,179), (2,3190), (5,5018), (5,8859), (5,4381), (5,1694), (2,7039), (2,3200), (5,6819)
repitio	(2,4516), (2,7653), (2,6982), (1,2919), (2,4872), (2,3433), (1,8522), (2,2704), (2,5968), (2,3473), (2,5937), (2,3379), (2,852), (2,4437), (2,3990), (2,4214), (2,2456), (2,7933), (2,1470), (2,6366), (2,7966), (2,2624), (2,7616)
costearonla	(0,451)
expirando	(2,2888)
seguirse	(0,6015), (0,594), (0,13427), (0,982), (1,1560), (0,649), (0,669)
filosofos	(5,6132), (4,4100), (1,16850), (5,3912), (5,4280), (2,1802), (5,4989), (5,6109), (4,7935)
paraban	(0,7088), (3,1800), (0,7881)
subyugados	(3,2693)
africanas	(1,3490)
llevaros	(1,13921), (4,7685)
oscuridad	(2,7601), (2,3092), (2,6868), (2,7014), (2,6092)
gines	(0,2175), (2,276), (1,10965), (2,88), (2,2746), (0,395), (0,12350)
llevaron	(1,10720), (3,1252), (0,9228), (1,2478), (0,10767), (2,6038), (1,15157), (0,10326), (0,10327), (5,3522), (4,8742), (0,10338), (1,8964), (1,17160), (4,6700), (0,9962), (5,6865), (1,13838), (1,5391), (4,4345), (1,6102), (1,1880), (3,1883), (3,799), (1,2461)
engravidase	(4,8016)
caballerias	(1,929), (4,247), (0,1301), (3,2472), (4,129)
enojasen	(0,7232)
zagal	(5,6564)
eloisa	(5,1102), (5,8529)
buscan	(3,2050), (5,6740), (1,7008), (4,8292), (1,9201), (4,2965), (5,5980), (1,185), (1,2521), (1,16925), (4,2113), (3,2640)
buscar	(0,449), (0,1729), (4,6085), (0,8131), (1,8996), (2,903), (1,12070), (5,3115), (1,9002), (2,4876), (1,12587), (4,6097), (1,11311), (2,273), (1,10800), (1,12592), (0,6737), (1,14642), (1,12596), (0,2772), (2,3223), (4,5849), (0,8405), (4,4698), (3,2043), (1,7869), (0,13534), (2,4770), (0,10081), (5,3015), (1,12483), (1,14917), (4,4713), (1,7625), (1,16201), (1,4812), (1,14540), (1,15437), (5,2258), (1,7886), (1,3535), (4,4595), (4,5491), (1,13265), (1,15953), (5,5206), (0,498), (1,4691), (2,3893), (1,13141), (1,15446), (1,1240), (0,13432), (1,6106), (3,542), (2,1085), (4,2561), (0,6909), (1,13156), (5,7530), (1,14054), (5,7410), (1,14062), (4,3858), (0,8719), (2,4306), (4,8213), (1,3828), (1,13940), (1,17908), (0,5911), (1,7289), (1,8828), (1,18044), (0,10652), (1,13696), (1,16131), (1,9476), (4,4907), (4,7984), (1,11022), (1,16014), (4,3895), (0,10293), (1,8858), (1,1179), (1,13852), (1,2845)
sarmientodijo	(2,1472)
pieconfio	(5,318)
encuvierto	(0,2129)
perpendicularmente	(1,1645)
marineresca	(1,10032)
lujo	(2,3841), (5,790), (2,3849), (2,3178)
matiz	(5,2346), (4,349)
parira	(4,3467)
estofa	(1,18867), (5,7083)
however	(2,8194), (4,9044), (5,9017), (0,13863), (3,3165), (1,19118)
majestuosa	(2,748), (5,6451)
encomendaran	(2,5486)
ligera	(2,2934), (4,5645), (5,6094), (2,3373), (0,814)
desvaratado	(0,7870)
luna	(0,2047), (1,14689), (5,7655), (2,1989), (5,8434), (2,2641), (1,6324), (1,10997), (4,8474), (1,3896), (5,7616), (1,445), (1,11841), (1,8835), (5,7502), (1,847), (2,1841), (4,5109), (5,6422), (4,5558), (1,8151), (4,1211), (1,1882), (0,12347), (4,6016), (5,6563)
metelle	(4,3316), (4,5021)
conjurados	(5,2282), (5,3501)
corridas	(2,681)
confesores	(1,1623)
llevarse	(5,1932), (0,10329), (3,2925), (1,17052), (3,2464), (0,12893)
camposanto	(5,4569)
signo	(5,2852), (2,1987), (5,4615), (4,5815), (5,7354), (5,2075), (0,2215), (5,3007), (1,5167)
ligero	(5,468), (5,2596), (2,3505), (0,6416), (4,3496), (0,7412), (4,4169), (0,8330), (4,5649), (2,1312)
molina	(3,2580), (3,2853)
legalmente	(5,2180), (5,4521), (5,3882), (5,1803)
mundo	(2,2051), (1,3106), (1,14882), (1,9251), (5,7081), (2,4105), (4,7117), (5,4015), (5,6575), (4,7119), (1,8748), (1,559), (4,7122), (4,5590), (4,983), (1,8245), (0,2139), (0,99), (1,15428), (1,16964), (4,8168), (5,6601), (1,17478), (1,5194), (4,7662), (1,8779), (1,14923), (0,11888), (2,2100), (1,5717), (5,3034), (1,12888), (4,2557), (1,8794), (0,2685), (2,2113), (4,3076), (1,7779), (2,3145), (1,13928), (1,14955), (1,7788), (4,531), (1,11888), (1,5750), (5,6654), (1,7290), (1,7802), (1,9850), (4,2081), (1,13954), (1,643), (1,135), (4,1579), (1,13450), (4,7728), (1,7822), (1,7826), (1,7827), (4,6202), (5,1053), (1,12954), (0,9916), (1,2206), (5,551), (1,9892), (3,103), (2,2694), (5,6697), (1,13477), (0,7878), (5,6702), (5,5171), (5,5172), (1,17072), (2,3219), (2,1689), (1,2235), (1,18620), (4,3680), (1,14014), (3,642), (1,18625), (1,7875), (4,8295), (4,6249), (1,17608), (4,7794), (1,16609), (4,6277), (4,8327), (1,9445), (1,8424), (1,2281), (1,10475), (2,2254), (1,9455), (1,3312), (1,16115), (4,6295), (1,17140), (3,183), (5,7296), (1,15100), (1,2816), (1,11521), (1,15617), (4,6309), (1,259), (1,8963), (1,4360), (1,7945), (2,751), (5,4246), (1,787), (5,5783), (4,4279), (1,12054), (3,217), (5,1691), (1,17176), (5,6302), (4,6847), (2,768), (5,6820), (1,292), (2,3333), (5,681), (1,8488), (1,11565), (1,6963), (1,15670), (3,2811), (3,2300), (4,3806), (1,4934), (1,15687), (1,331), (4,750), (1,6990), (1,12115), (1,10581), (5,7902), (5,1249), (4,7943), (2,3399), (3,2345), (4,7437), (1,9066), (2,6995), (1,18804), (1,18805), (1,2934), (1,14710), (1,15223), (1,3964), (4,3361), (1,4992), (1,15233), (2,1892), (1,10630), (0,1960), (1,18829), (1,8595), (4,6967), (0,2998), (1,8087), (1,2968), (3,2907), (1,16793), (5,4382), (1,10650), (1,18842), (1,5021), (4,324), (1,13729), (4,2888), (5,811), (2,2952), (5,4908), (1,17833), (1,18860), (5,2353), (4,8017), (1,8111), (1,8624), (1,10672), (1,10674), (5,7482), (4,3931), (5,4928), (4,2402), (1,12225), (4,5478), (0,6627), (4,1384), (1,14277), (4,3434), (2,6568), (1,18375), (5,5965), (4,2413), (1,10188), (5,4947), (5,5971), (4,3956), (2,439), (2,1978), (1,9690), (1,11228), (1,2015), (5,4457), (1,15342), (1,2037), (5,1918), (1,16890), (4,929), (1,13311), (2,2020), (2,6116), (1,10761), (2,2029), (5,5010), (2,2033), (1,9745), (1,5141), (4,5049), (1,3100), (1,10781), (1,17437), (2,4096), (4,7106)
recientes	(0,10011), (5,1617), (5,2099)
asnos	(4,8083), (4,5860), (4,8789), (1,11442), (1,5045), (4,4761), (1,12168), (4,828), (1,16877)
seguiros	(1,13914)
inquietud	(5,281), (2,5718), (2,344), (2,6824), (2,954), (2,6989), (2,7133), (2,655)
molino	(4,2585), (4,4223), (4,6512), (1,17229)
quitalla	(1,5394)
alborotadores	(2,4372), (2,4378)
conspiracion	(5,3797), (2,3396), (2,7045), (2,440), (5,3758), (2,1132), (2,5455), (2,2464)
nancu	(3,2722)
sangrando	(0,10132)
infantas	(3,2691), (3,2229)
enviaba	(0,11951), (0,12015), (0,7236), (0,5557), (0,3142), (0,7128), (3,1966), (1,3468)
tirado	(0,6634)
corridos	(1,18518), (1,15436), (5,5345)
pende	(1,4721)
lutos	(1,15687)
inespugnable	(1,7828)
penda	(4,3239), (4,3246)
maton	(1,9645)
hice	(4,5508), (4,6724), (1,16801), (1,12450), (1,16421), (1,10663), (1,17768), (0,9160), (4,5838), (1,13619), (1,8118), (3,1529), (2,1114), (4,2141), (4,7838), (1,13947), (4,7327), (4,2400), (3,1793), (1,4544), (1,15809), (1,17927), (1,3080), (1,15626), (1,7501), (1,17039), (1,14736), (4,8372), (1,13521), (1,14737), (4,4214), (1,4051), (1,16665), (1,16093), (1,17438), (4,8194)
sacarlos	(3,1667), (1,10801), (1,11955), (0,4708), (1,3383), (5,7649), (0,4702)
aparecimiento	(1,1523)
sobrellevarla	(1,9097)
leales	(0,2111), (0,8879), (0,2193)
sabiendo	(1,2625), (1,8899), (1,15043), (0,803), (0,7690), (1,13613), (0,7567), (0,7727), (4,7092), (4,277), (3,340), (4,4183), (1,4054), (4,4188), (1,8314), (3,543), (4,5922)
tinacria	(1,4399)
sibi	(4,8387)
autos	(3,1858), (4,6090), (3,175), (3,2353), (3,1843), (1,3476), (0,9076), (0,4822), (3,2522), (3,2331), (3,2494), (3,2686), (5,3808)
metafisica	(5,4991), (5,5089)
bajuelo	(0,10572)
rematarlo	(5,4759)
autor	(1,18080), (5,6309), (5,1318), (5,6314), (2,6025), (4,8652), (5,6448), (5,6065), (3,1654), (5,5695), (5,6208), (5,7617), (5,6723), (5,6469), (4,8299), (5,5710), (1,8778), (1,10954), (3,400), (5,6738), (4,8691), (5,6101), (4,118), (4,8694), (5,7895), (5,5336), (2,54), (1,18006), (4,122), (5,6875), (5,7771), (1,18393), (5,862), (5,5343), (5,7648), (4,133), (5,6502), (1,18018), (0,388), (1,8165), (1,17765), (5,5610), (1,8166), (5,6892), (5,5870), (4,146), (5,5366), (5,6775), (4,153), (5,7931), (5,6653), (1,1146), (5,5120), (5,6784), (5,7808), (5,6274), (4,546), (5,6531), (5,5381), (4,549), (5,7816), (4,2344), (5,2316), (5,6284), (4,172), (5,4495), (5,5519), (1,18061), (0,685), (1,18062), (5,4371), (5,6163), (3,338), (1,145), (1,18066), (4,2487), (5,4762), (4,316), (4,189), (1,18074), (1,18075), (5,4257)
segundaba	(1,16649)
cuadragenas	(4,6954)
murieron	(1,4352), (5,2729), (5,2937), (0,8118), (3,1434), (0,11591), (0,456), (4,7054)
sian	(0,12837), (0,7607), (0,7628)
aficiono	(1,6379)
julioasientos	(0,11863), (0,1035)
piamontesa	(4,7835)
john	(5,100), (5,2788), (5,2856), (5,8361), (5,2858), (5,4268), (5,2799), (5,7215), (5,2868), (5,183), (5,2745), (5,3131), (5,2814), (5,3390), (5,4990), (5,7232), (5,4866), (5,2821), (5,2886), (5,1290), (5,7377), (5,5650), (5,2963), (5,1947), (5,8413)
criase	(1,12516), (1,15535)
preguntamos	(1,17573), (0,10333), (1,12430)
tamano	(2,6997), (5,265), (4,6472), (3,1101), (1,4956), (3,1120), (0,3517), (2,7423), (2,3568)
siguiria	(0,7438)
conoced	(1,13982)
espanolea	(3,695)
liberalisimo	(2,299)
penetran	(5,5393)
viento	(0,11071), (0,6722), (0,11075), (0,11082), (0,11083), (1,6449), (3,2550), (1,6453), (1,6454), (0,11094), (0,11356), (0,11359), (1,3906), (1,13122), (4,6886), (0,7526), (1,7240), (0,11112), (4,3316), (5,6615), (0,11378), (0,11133), (5,6371), (0,11136), (0,11141), (2,3148), (0,11146), (4,6160), (2,344), (4,4890), (0,11160), (0,10143), (0,8610), (0,10918), (0,13485), (0,11184), (4,5174), (1,3220), (0,11194), (0,7356), (0,7357), (0,11198), (0,7359), (0,9927), (1,4012), (1,9391), (0,10961), (0,11224), (0,10972), (1,9406), (0,10461), (0,10975), (0,11234), (0,11241), (1,13521), (0,11250), (1,3284), (0,10484), (1,3287), (0,10999), (0,11255), (1,3292), (0,11259), (0,7165), (0,11264), (1,3302), (0,11269), (1,6633), (0,10249), (1,18667), (1,3309), (1,9454), (0,11277), (0,6414), (1,6640), (0,11024), (0,10514), (0,11282), (0,11283), (4,6297), (0,11286), (1,6906), (3,2239), (0,11038), (0,11040), (0,11560), (0,11050), (0,11306), (1,3341), (0,11310), (2,754), (0,2352), (1,3345), (0,10801), (0,9779), (0,11315), (0,11326)
penetrar	(5,6564), (3,771), (2,7715), (5,716), (3,778), (5,1663), (5,6847), (3,622), (3,752)
tamana	(1,16034), (2,5076), (1,3305), (5,2559), (0,10891)
meditando	(2,4481), (2,7348), (2,7541), (5,4281), (2,2999), (2,6571), (2,7357)
sien	(1,13797), (2,2807), (1,13847)
conocen	(1,3104), (1,17602), (4,935), (1,17868), (4,8339), (5,6804), (0,2934), (0,4150), (4,5531), (1,1689), (3,2043), (4,5596), (3,381), (4,5570), (4,8770)
tiraba	(1,17217), (1,1844), (2,7639), (1,17190), (2,6106), (1,16937), (4,8254)
plata	(3,355), (3,1123), (2,3716), (4,4806), (3,2022), (3,1512), (3,1004), (1,18347), (0,4945), (3,373), (3,118), (1,18359), (0,9303), (4,4573), (0,1372), (1,2365), (4,8034), (0,1119), (0,8039), (0,1385), (1,2122), (1,9420), (1,2126), (4,4210), (0,5102), (0,1391), (1,8144), (1,12368), (1,18641), (3,148), (0,5105), (0,7794), (0,1396), (0,13049), (2,3644), (4,6654), (0,5115), (1,1117), (0,8188), (0,1407), (1,866), (1,12386), (3,1573), (3,1062), (0,8196), (1,2406), (0,8197), (0,1414), (3,1323), (1,746), (3,1328), (1,752), (4,787), (1,4976), (1,6001), (1,18161), (1,1139), (1,18163), (0,8211), (3,951), (3,696), (1,763), (0,3483), (3,325), (0,1826), (1,8454), (1,1800), (1,15880), (0,3496), (4,7852), (1,138), (4,5422), (3,1998), (2,1903), (1,9614), (0,3503), (1,8848), (1,786), (1,11538), (1,788), (4,823), (1,9238), (1,11543), (3,475), (2,3834), (0,8248), (1,12188), (0,5052), (3,1120), (1,799)
estorbara	(1,2160), (2,1296), (1,9599)
bibalias	(4,7278)
canunt	(4,8220)
penas	(1,3296), (0,10175), (0,1344), (1,6114), (1,1636), (1,3300), (1,11367), (1,3304), (1,6184), (0,1929), (5,4270), (0,4554), (1,4013), (1,3314), (1,4025), (0,6362), (0,2395), (0,5084), (0,5469), (0,2014), (1,3328), (0,8865), (0,2019), (1,3334), (0,358), (0,2023), (1,1614), (0,5231), (5,535), (1,7763), (0,1331), (0,4596), (1,6805), (0,8949), (0,10232), (0,2042)
cottin	(2,3239)
espanoles	(3,2020), (1,6693), (0,581), (5,6570), (2,7176), (3,493), (3,1521), (5,6583), (3,1526), (1,56), (3,510), (3,2046), (0,4699), (3,511), (3,513), (3,2050), (3,515), (0,4704), (3,1029), (1,13381), (0,7781), (0,5735), (1,15433), (3,2060), (3,1550), (3,527), (3,529), (4,1527), (5,2521), (3,537), (3,2075), (5,4574), (3,541), (3,2077), (5,6623), (3,1054), (3,2080), (1,7774), (3,2594), (3,2083), (3,548), (3,2596), (5,7654), (3,1573), (3,550), (3,552), (0,4741), (3,554), (3,1067), (3,556), (0,5260), (3,2098), (3,565), (3,1080), (3,1592), (5,4602), (3,2105), (0,3222), (0,4758), (3,1595), (3,2620), (3,1086), (0,8863), (2,1122), (3,2627), (3,2116), (3,1606), (0,9380), (3,2124), (3,1103), (3,1616), (5,6164), (3,600), (2,1144), (3,1114), (4,65), (5,6692), (3,1637), (3,2661), (0,8388), (3,1129), (3,2156), (2,652), (5,8751), (3,2671), (3,1138), (1,6832), (0,8913), (3,1145), (3,1146), (0,7895), (3,1659), (0,8921), (3,1149), (3,2689), (4,102), (1,3780), (3,2697), (3,139), (3,2188), (3,1677), (0,7914), (3,1682), (0,7919), (1,15568), (3,2197), (3,154), (4,2171), (2,7865), (3,1183), (4,129), (3,162), (3,2211), (1,15080), (3,2220), (1,15595), (2,1745), (3,2738), (3,1203), (3,2227), (1,8946), (3,2743), (3,1209), (2,218), (3,700), (3,2748), (5,8319), (5,5249), (1,15102), (3,1217), (3,2753), (0,800), (1,14594), (0,803), (5,7816), (4,168), (3,1223), (3,2760), (5,7821), (1,14601), (1,15113), (3,716), (3,1232), (3,2768), (3,1745), (3,1251), (3,2792), (3,1770), (3,2796), (3,1262), (5,6834), (0,336), (3,1267), (3,758), (3,760), (3,767), (3,1793), (0,3424), (3,776), (0,8037), (3,1292), (0,3433), (3,1805), (3,1806), (5,6866), (3,1810), (0,3439), (0,3441), (3,1814), (3,1817), (0,3446), (3,1820), (0,6522), (3,1822), (3,291), (1,7524), (3,2858), (3,1329), (0,7055), (3,1844), (1,6514), (1,6515), (0,9106), (1,6517), (0,3993), (3,834), (3,2882), (5,6916), (3,1348), (3,837), (1,6531), (3,1862), (3,2375), (5,6923), (3,331), (0,4010), (3,846), (3,1870), (3,335), (3,2386), (2,5490), (4,822), (3,1365), (3,1881), (2,7039), (3,360), (3,1384), (3,2410), (1,6568), (4,8012), (0,457), (3,1388), (2,5515), (3,1389), (0,7114), (3,1390), (3,367), (3,1905), (3,371), (3,1908), (1,6585), (3,382), (3,1920), (3,1412), (3,397), (3,1421), (3,1933), (3,1424), (4,8563), (3,919), (3,920), (4,1402), (3,1434), (3,1947), (0,8696), (3,2975), (1,14302), (3,931), (1,14305), (3,932), (3,1447), (1,6629), (0,7685), (3,1449), (3,1967), (0,7692), (3,1968), (3,1972), (3,437), (3,1974), (2,7125), (3,439), (1,6134), (0,6677), (3,1466), (5,6525), (3,446), (3,1470), (3,1988), (5,6535), (3,1992), (3,1994), (0,6185), (3,973), (3,2000), (0,4141), (3,1489), (3,2001), (0,13359), (0,7729), (3,1493), (3,2007), (3,1496), (3,1500), (3,2012), (3,1504), (3,2016)
penar	(4,5590)
simile	(4,3466)
sido	(1,33), (1,14370), (0,582), (1,9767), (5,7088), (0,3150), (5,4019), (1,12855), (2,6682), (0,5723), (2,32), (5,5571), (2,1057), (2,34), (2,37), (2,4645), (2,40), (2,1064), (5,5580), (2,3116), (5,1490), (0,3184), (5,473), (0,7284), (3,2073), (0,5751), (2,7740), (0,5759), (4,8196), (1,4195), (4,6151), (3,553), (2,3144), (1,16492), (2,3152), (1,15985), (1,18545), (2,7764), (5,5113), (5,6137), (0,8857), (5,7683), (4,40), (1,12935), (5,1036), (1,1679), (0,3246), (5,7188), (2,1140), (5,1559), (0,183), (0,13496), (3,608), (2,3202), (2,4226), (2,6788), (1,12451), (2,645), (3,1638), (1,13476), (5,42), (0,3269), (5,43), (5,5164), (1,18091), (2,1677), (5,5168), (1,18093), (2,6799), (1,6318), (5,563), (1,177), (3,124), (5,5204), (1,16594), (2,1716), (5,4187), (2,1721), (1,6872), (3,2716), (1,4317), (4,4738), (1,7391), (1,8418), (5,103), (3,2213), (5,2666), (5,7274), (5,6251), (1,8424), (1,2793), (4,655), (5,7796), (1,16113), (4,2711), (5,4729), (2,1242), (5,1667), (1,5375), (5,3719), (5,7818), (4,4266), (5,142), (1,17675), (1,4878), (5,663), (5,7831), (1,4378), (0,9021), (1,13599), (3,2278), (5,4271), (2,784), (5,3254), (1,7474), (5,183), (2,4886), (1,15669), (5,2747), (3,250), (5,4284), (1,14652), (5,197), (3,259), (1,6977), (3,1796), (4,230), (5,3783), (1,13124), (3,267), (2,5418), (5,5852), (1,1369), (2,3388), (1,1373), (2,6462), (1,17252), (5,2793), (1,17765), (5,3819), (4,8462), (2,5457), (1,9073), (5,3835), (1,7031), (3,1850), (2,4441), (3,1851), (2,4442), (5,1279), (1,12668), (0,11676), (1,3967), (0,11684), (5,7435), (1,8071), (1,4491), (5,2321), (1,4493), (1,8077), (0,11692), (1,12686), (0,3502), (5,4884), (5,1301), (1,14737), (5,4886), (5,280), (1,10645), (5,5404), (0,1464), (5,5406), (3,1890), (1,14241), (1,6562), (0,3522), (2,5509), (1,17324), (5,1844), (5,3892), (5,5428), (3,371), (1,14257), (1,3508), (2,6039), (5,2364), (1,3003), (3,1919), (0,2018), (1,12742), (5,3404), (2,4010), (5,848), (5,6992), (1,15822), (5,6995), (2,2481), (1,3537), (4,5497), (5,7005), (1,9180), (1,3550), (2,7105), (2,971), (5,5488), (0,9229), (1,14831), (1,14836), (0,4118), (5,380), (5,896), (0,4123), (1,15868), (0,4125), (5,6020), (0,9250), (0,42), (0,3626), (0,7722), (5,3984), (0,47), (2,6133), (1,17434), (1,17435)
escuchare	(1,16334)
ocuparnos	(0,2902)
alegas	(1,3573)
hiel	(1,802), (5,7310), (1,13037)
alegar	(1,1130), (1,16141)
december	(3,17)
munio	(5,7168), (5,7968)
penal	(2,556)
apuntarse	(5,4264)
echarlas	(5,6961), (1,7535)
estorbase	(1,8864), (1,10817), (1,1316), (1,7416), (1,17738)
nombrarlas	(1,16914)
mudose	(1,3844)
restaba	(0,5571)
ajusticiado	(5,3892), (0,13625)
matos	(0,3039), (0,12381)
llevaren	(0,1294), (0,3102)
itali	(4,8220)
penca	(4,5147)
sonido	(4,8356), (1,8803), (4,3052), (4,258), (2,7520)
century	(5,8103), (5,1948)
aguante	(2,6372), (2,1100)
asomeis	(4,3229)
plato	(1,5474), (4,8602), (2,1914), (1,11532), (1,5741), (1,11534)
costeamos	(0,10159), (0,6225), (0,10661), (0,10425)
repitas	(2,1859)
auto	(0,9056), (0,5459), (0,9133)
confies	(1,8790)
sacristan	(1,4960), (2,1894), (1,5349), (1,4648), (1,4936), (1,17804), (1,4941), (1,17422), (1,4946), (4,8022), (1,4916), (1,17492), (4,2361), (1,4951), (1,5336), (1,16696), (1,4924), (1,4927)
siga	(2,4033), (2,7891), (2,7173), (1,13924), (0,5685), (0,5724), (0,5693), (1,11599), (1,15791)
plazo	(5,7094), (5,1994), (5,315), (1,18583)
huesos	(1,16672), (1,17728), (2,1762), (4,6212), (1,16838), (1,13548), (1,1549), (2,1838), (1,7890), (0,9811), (2,1624), (1,17047), (1,10457), (2,1599), (4,674)
invalidity	(0,13967), (3,3270), (1,19223), (4,9148), (2,8299), (5,9122)
baldia	(1,9631)
sigo	(0,6448), (0,7761), (2,6901), (0,5220), (2,1224), (0,6935), (1,13038)
alcazares	(2,5020)
plaza	(3,1636), (5,2086), (2,2564), (1,10787), (1,8869), (2,2568), (4,2379), (1,10920), (3,1261), (4,1998), (2,6284), (3,1519), (1,177), (2,5138), (2,1683), (3,1652), (3,2292), (3,2676), (2,5139), (3,2933), (1,5304), (3,2555), (3,1788), (2,2589), (3,1535), (2,673), (2,6305), (4,740), (3,1542), (3,1671), (3,1799), (3,1673), (3,1420), (3,2580), (3,2582), (1,8410), (3,2463), (3,2592), (1,4830), (3,1828), (3,1189), (1,4835), (0,10754), (2,966), (3,2471), (1,4837), (3,1192), (1,8169), (4,2062), (3,2861), (5,5104), (1,17133), (3,1457), (2,722), (2,2386), (2,5204), (3,2358), (1,4854), (1,16375), (4,6171), (1,18944), (3,1475), (3,2372), (1,4867), (1,135), (3,1866), (1,17290), (3,1870), (1,17294), (3,1617), (2,4976), (4,822), (1,11414), (3,1241), (2,6520), (2,377), (2,4729), (1,7196), (1,2077), (3,1632), (2,5119)
relator	(1,11608)
rotulado	(3,2484)
limosnas	(4,8568), (4,3602)
adulais	(2,2235)
otorgarles	(1,10966)
baldio	(5,3006)
canuto	(1,4725), (4,7836), (1,17099)
republicanas	(2,5464), (5,4483)
llevaria	(1,17904), (0,6451), (0,10451), (4,4504), (1,14742), (1,2007), (3,2620), (1,6621)
seguiria	(1,14329), (0,8509)
canas	(1,8995), (0,6372), (4,2986), (0,13128), (1,2858), (1,8461), (1,9614), (1,3569), (1,10679), (1,14199), (0,471), (5,3935), (0,10397), (0,6686)
dejandonos	(1,12523)
gallegos	(1,18645), (1,15116)
artista	(5,1140), (5,6999), (5,5736), (2,6070), (2,6694), (2,6072), (2,3289), (5,1166), (5,4382), (2,4124), (5,5871)
sigue	(1,421), (3,2407), (2,6022), (2,4039), (1,16998), (1,17382), (1,13991), (2,4073), (2,5449), (0,1837), (1,16750), (0,10830), (2,438), (1,1686), (3,1470), (5,6433), (0,13084), (4,321), (5,7811)
contenidos	(0,322), (0,866), (2,6792), (0,253)
restrictions	(5,4), (4,4), (3,4), (2,4), (0,13826), (1,4), (3,3127), (0,5), (1,19080), (2,8156), (4,9010), (5,8979)
higa	(4,6297), (1,15082)
cantadas	(1,16488), (1,11770)
sigun	(0,4157)
arresto	(4,7925), (4,7986)
botija	(0,5927), (0,7294)
fiten	(3,2288)
bismarck	(5,8037), (5,5690)
brillaban	(2,951), (2,3644)
mayomejicocontestacion	(0,3314)
errors	(2,8257), (5,9080), (0,13925), (3,3228), (1,19181), (4,9106)
estopa	(4,3458)
cerquen	(4,4477)
volteadores	(1,17886)
escopetas	(1,3445)
galeones	(0,3231), (0,4207), (0,5967), (0,3233), (0,3409), (0,1063), (0,4138), (1,6637), (0,13581), (0,3630)
estringa	(4,2417)
hija	(1,2598), (1,12838), (1,13096), (1,12843), (4,719), (1,5422), (1,2607), (1,2865), (1,12850), (1,5428), (1,12852), (2,1304), (4,475), (2,6169), (1,2619), (1,2621), (1,2367), (1,12864), (2,3106), (4,2023), (2,1318), (2,6182), (1,12614), (1,839), (2,6185), (1,2633), (2,1323), (1,5450), (4,2542), (1,336), (1,1361), (4,2548), (1,2642), (2,7987), (2,7989), (1,2648), (1,13657), (1,6236), (1,9052), (2,1343), (1,2654), (1,10590), (1,352), (1,358), (1,615), (1,2663), (1,618), (1,13418), (4,3599), (1,9580), (1,9582), (1,367), (1,15215), (1,13424), (5,4085), (1,372), (4,4121), (2,1368), (1,3191), (2,1371), (3,829), (4,8736), (1,10622), (1,13951), (2,1380), (1,14226), (2,629), (4,2359), (2,632), (2,1400), (1,7322), (1,9114), (4,6977), (1,7328), (4,1093), (1,7331), (1,16041), (4,4173), (5,4142), (1,9131), (2,3982), (1,7601), (1,13491), (4,5719), (2,7829), (5,4153), (1,8374), (4,4188), (4,2654), (4,4192), (1,18624), (4,1125), (1,10690), (1,12740), (4,1128), (2,5798), (1,6597), (4,874), (5,7500), (1,8904), (1,12488), (4,4204), (1,12745), (4,6253), (1,6858), (1,6860), (1,18636), (1,10702), (1,11470), (5,4179), (1,6607), (1,8914), (1,11474), (1,18642), (4,4215), (1,8916), (4,1145), (1,3030), (1,8662), (1,6618), (1,6107), (4,4224), (1,6109), (1,6368), (4,391), (1,12516), (1,6885), (1,6375), (1,12519), (4,1163), (2,969), (4,4237), (1,15082), (2,972), (1,8684), (2,975), (1,6128), (1,8688), (1,18930), (1,13555), (2,983), (0,10773), (2,1498), (4,6300), (0,10780), (1,510), (0,10781), (4,422), (2,1508), (0,10786), (0,6181), (1,2823), (1,18951), (0,10792), (1,2827), (1,9484), (1,8717), (1,2574), (2,3823), (1,8974), (4,7090), (4,4019), (5,7063), (1,2581), (5,5786), (4,443), (2,1273), (2,7929), (2,1022), (2,7935), (1,9503)
opusieron	(1,8843)
repartieron	(0,10591), (5,3344)
impresion	(5,741), (5,1413), (5,4742), (5,4391), (5,1163), (5,4427), (5,3852), (0,42), (5,2863), (5,2865), (1,3505), (5,6102), (1,8115), (5,6266), (5,4252), (0,13368), (1,7418), (4,254), (5,1087)
total	(2,2753), (5,6660), (2,2787), (3,2692), (5,3050), (3,1611), (3,2764), (2,5326), (3,1296), (1,18190), (3,1299), (1,18069), (3,2456), (5,2237), (2,4000)
credula	(1,12136)
criava	(0,10775)
consolo	(1,4960), (0,7568), (1,17108), (1,9126), (1,13254), (1,11466), (1,8925)
espanolas	(4,3011), (4,676), (3,741), (0,12930), (4,3080), (3,1800), (0,70), (5,7820), (5,6125), (3,2796), (0,11), (3,1812), (3,2037), (4,728), (2,3127), (1,6295), (4,7262), (4,737), (4,3074)
preparacion	(5,5317), (5,739)
pondrian	(2,5362), (1,14727)
borrasca	(1,5808), (1,8225), (1,3284), (1,3259)
canes	(4,5598)
puente	(4,1508), (3,1510), (2,5029), (3,1896), (4,3467), (3,1356), (3,1646), (4,240), (2,558), (3,145), (4,5491), (4,217), (3,1304), (0,5206), (3,1306), (2,5017), (0,3736), (4,7452), (4,1249)
alardes	(5,6061), (5,2864)
chauz	(1,3483), (1,3485)
instruidos	(3,2647), (5,3610), (3,2671)
credulo	(3,229), (2,7837)
estome	(4,7820)
social	(2,4049), (5,3063), (5,4488), (5,4970), (5,1643), (5,3099), (5,4364), (5,4975), (5,1072), (2,3200), (5,7235)
heredarle	(1,11131)
olhay	(1,8442)
filosofia	(5,5030), (2,2181), (5,5033), (5,5164), (5,3951), (5,5168), (5,5041), (1,7917), (1,16941), (1,1199), (1,16946), (2,2005), (5,5048), (5,3961), (5,4731), (1,16951), (5,4355), (5,4103), (5,4942), (5,3729), (5,5074), (5,4948), (5,6100), (4,7860), (5,8215), (5,6105), (5,5084), (0,13242), (5,5027)
playa	(0,7007), (0,4897), (0,8449), (0,7267), (0,3684), (0,3685), (0,12998), (1,13738), (0,7018), (0,8490), (0,3692), (0,10511), (2,1302), (1,13397), (0,8920), (0,7033), (0,9789), (1,3295), (0,6142), (0,10558)
volaria	(1,17418)
candi	(4,683)
sistemas	(5,4281), (5,6106)
luto	(4,6633), (4,8526), (1,319)
retiraremos	(2,6702), (2,5519)
porfiadas	(4,2930)
conjuro	(1,1170), (1,17410), (4,5308), (1,17406)
amontonados	(5,6183)
atormentaban	(1,7025)
geronimo	(0,2180), (0,1847), (0,7448)
rinas	(1,5671)
vilbao	(0,9546)
encomendarte	(1,8914), (1,17565)
jerjes	(1,14947), (2,7566)
resienten	(5,6972)
calmese	(2,7164)
discutirlas	(5,6905)
evacuado	(3,2374)
apuntarlo	(2,2359)
horizontes	(5,4260)
corpore	(4,4898)
cuantos	(1,17185), (1,12835), (1,677), (1,1193), (1,8619), (3,1263), (5,4273), (5,5042), (5,1715), (1,304), (5,1716), (5,4664), (2,278), (1,14005), (1,15157), (1,17077), (5,2619), (1,3132), (5,7104), (1,5310), (5,1348), (1,11200), (1,12224), (4,7013), (1,9666), (1,17218), (4,7014), (1,13765), (4,4457), (4,4459), (5,4301), (5,3791), (2,5421), (1,18766), (1,3151), (1,13648), (3,1172), (4,7417), (1,14300), (4,7041), (1,16353), (1,18657), (1,739), (1,3683), (1,10979), (4,5383), (4,3595), (5,7148), (1,9576), (4,5516), (5,7533), (2,2125), (1,365), (1,13294), (1,2159), (4,788), (5,2934), (5,1783), (4,8726), (1,4215), (1,1400), (1,7801), (4,929), (4,7969), (4,931), (5,7300), (3,836), (4,7717), (4,423), (1,2692), (4,808), (4,6057), (5,4875), (1,17934), (4,3762), (5,7059), (5,7444), (2,2674), (2,5747), (1,6676), (1,10007), (5,6174), (2,6268), (1,6300), (3,1375), (1,415)
catolica	(0,1026), (1,7075), (1,7140), (0,9475), (0,904), (0,9354), (0,2253), (0,4557), (0,4621), (1,6126), (0,9360), (0,4561), (1,7030), (1,7480), (3,1147), (0,5272), (0,4505), (0,5273), (0,3357), (5,7811), (0,5281), (0,9188), (1,7432), (0,9524), (0,3317), (5,5211), (0,8630), (2,4922), (5,8350), (1,16795), (2,7037), (0,318)
inferior	(5,342), (5,7334), (5,4791), (5,3882), (5,1695), (5,3250), (5,1443)
abatieron	(1,18364)
expectantes	(5,3912)
guelfas	(4,2924)
paternidad	(5,4169), (5,7754), (5,7694)
prometiera	(1,10457), (1,13083)
tibuli	(4,3855)
grande	(2,1), (1,4640), (3,2022), (1,6182), (1,4647), (0,9798), (2,521), (2,11), (0,6733), (0,6734), (1,16431), (2,531), (0,9297), (1,4659), (3,1014), (3,2038), (1,13364), (2,25), (0,6743), (1,4668), (1,4671), (0,7776), (2,2085), (2,2599), (1,8774), (0,9830), (4,3051), (3,1035), (1,2121), (1,6729), (0,10347), (1,15949), (5,2002), (2,48), (5,5588), (0,10865), (1,15956), (4,7672), (3,1051), (4,1535), (0,7803), (3,1055), (3,1057), (2,67), (3,1060), (0,10369), (4,4615), (1,10852), (5,3561), (0,13447), (1,15464), (1,4713), (4,8205), (2,7758), (2,6737), (2,82), (3,1075), (0,7827), (0,10899), (1,18037), (5,7167), (0,10906), (3,1087), (2,4703), (0,6813), (0,9373), (0,6814), (2,2145), (0,8351), (0,10400), (5,3590), (2,4195), (1,12931), (3,2118), (1,7302), (3,1098), (3,1099), (1,8841), (1,14985), (1,14986), (1,9356), (1,142), (1,5780), (0,692), (0,10422), (1,13465), (1,15514), (3,1117), (0,10426), (2,637), (3,1118), (0,10429), (5,1061), (1,17057), (1,18082), (1,6307), (0,6850), (1,16036), (3,1127), (1,4773), (1,17062), (5,4651), (0,9926), (0,5831), (0,6345), (0,6346), (0,6858), (5,2096), (0,9419), (1,16556), (5,7729), (1,4782), (0,7374), (0,10446), (3,1141), (1,11449), (0,9947), (2,5285), (2,1190), (5,7241), (0,9956), (0,10468), (5,5708), (0,8425), (1,4300), (3,1679), (3,1680), (0,9965), (0,4848), (5,4697), (5,7257), (5,2650), (1,1751), (1,4312), (0,7927), (0,10488), (2,6843), (0,9977), (3,1183), (5,7266), (1,18142), (5,7785), (1,1254), (2,4808), (1,4327), (1,3304), (3,2732), (1,7919), (3,1203), (5,3191), (1,4343), (1,5370), (5,3199), (0,6938), (4,3744), (0,9501), (0,7969), (0,8481), (2,740), (5,7304), (1,16644), (3,1737), (1,16135), (5,2188), (5,1165), (0,7464), (5,1680), (3,1742), (0,9519), (0,9522), (0,10552), (0,6970), (1,12573), (4,8385), (0,6973), (0,8509), (0,9023), (3,1763), (0,9025), (1,10532), (4,4809), (0,6981), (5,7345), (2,1809), (1,4913), (0,9043), (1,6457), (1,11577), (0,7002), (0,7005), (0,10077), (5,7875), (0,10593), (5,2248), (1,10567), (3,1290), (0,4455), (1,6474), (0,10089), (0,3946), (3,1296), (1,7502), (3,2323), (0,4464), (1,17234), (3,1301), (1,4952), (0,10106), (1,9564), (5,7395), (1,5472), (1,18275), (1,3942), (0,10117), (1,7018), (3,303), (5,6388), (3,307), (5,3317), (3,820), (0,8596), (4,283), (1,2431), (0,10657), (1,12675), (0,7587), (4,4905), (0,7077), (0,10150), (0,10663), (1,17801), (0,10156), (5,787), (2,8049), (0,10159), (5,277), (4,822), (2,8054), (0,8116), (3,345), (2,7032), (1,16279), (4,5947), (3,349), (3,1885), (2,4990), (1,13214), (2,7041), (1,4514), (1,13732), (5,3369), (1,16806), (1,7592), (0,8135), (1,13736), (0,10697), (0,10186), (3,366), (5,816), (4,8530), (3,883), (0,10192), (1,4018), (1,15796), (0,10197), (0,9174), (0,10199), (4,8540), (1,13242), (5,4417), (0,9180), (1,17856), (0,7136), (0,8672), (0,9185), (1,17347), (0,8679), (1,14283), (4,879), (1,6093), (4,375), (1,7125), (3,1432), (1,17367), (5,862), (1,12253), (5,2402), (2,7112), (1,5097), (0,7688), (3,1453), (0,7690), (1,14315), (5,3445), (5,6009), (1,7161), (0,8220), (2,2527), (1,5119), (5,7556), (1,12810), (1,16394), (0,7212), (0,10284), (0,10285), (1,1551), (0,6703), (0,10288), (2,6644), (2,503), (2,6648), (1,2072), (0,3642), (0,6203), (1,2589), (0,7740), (0,6206)
preguntaronme	(1,12422)
demacrado	(5,320)
subsistencia	(3,2856), (5,2012)
preguntaronle	(1,7622), (1,9974), (1,15320), (1,7626)
carroza	(1,15123), (2,8041), (2,8042), (1,15130), (1,6299), (1,6301)
peragente	(4,8470)
inquietudes	(3,2747), (3,2987)
bienhechoras	(1,5192)
faga	(0,2283)
precocidad	(2,345)
maldiciente	(1,12258), (1,16732)
orgullo	(2,3298), (2,506), (2,6650), (5,6925), (5,6687), (5,1744), (2,2446), (5,2546)
mereceria	(2,7212), (5,6735)
diceque	(3,1848)
laxau	(4,1076)
respetando	(5,4518), (0,13219)
renovacion	(2,4937)
sigamos	(2,5470)
obstinacion	(5,2431), (5,2562)
pongase	(4,1163), (2,7165), (2,7647)
faja	(5,3368)
rasuras	(1,11609)
desenvolviola	(1,14376)
desesperabame	(1,16579)
dioselos	(1,1099)
alquitara	(1,4940)
docenas	(1,564), (2,6439), (2,7704), (2,5210), (1,157), (1,5471)
entreis	(0,4613), (0,4651)
bulto	(1,14497), (1,4610), (1,1320), (2,7881), (5,6606), (1,18027), (0,844), (1,12495), (1,14450), (2,7445), (1,14356), (4,2525), (2,2364), (1,12735)
cargole	(1,4864)
rencorosos	(2,425)
inmundicia	(2,2724), (2,7216)
influido	(5,4620), (5,6893), (5,7825)
tuvimos	(0,9636), (0,9845), (0,13528), (0,9961)
envenenadas	(5,4028)
insolencias	(1,16853), (1,17350), (1,7723)
desparecila	(1,2566)
influida	(0,814)
priosta	(4,6969)
otorgar	(1,8305), (2,1629)
eminentemente	(5,4381)
nombres	(2,129), (0,6207), (5,1576), (5,6313), (2,6663), (2,6664), (2,6673), (1,5171), (2,6676), (0,7890), (1,5173), (1,16949), (0,854), (2,5273), (0,13143), (1,16954), (1,5179), (5,6593), (0,5983), (0,5088), (4,3051), (0,5738), (0,8427), (0,13547), (0,4591), (0,8315), (0,13569), (0,13319), (1,18152), (0,9865), (0,8332), (1,7791), (5,3190), (1,8947), (2,2135), (2,2392), (1,5367), (2,2393), (2,7898), (4,8349), (0,7197), (5,7943), (1,10755), (0,4389), (0,297), (1,5002), (2,2158), (1,5009), (1,16913), (1,16916), (1,2207)
estremadura	(1,18448), (1,1845), (1,1112), (1,1837), (1,9374), (1,2191)
mendoza	(3,483), (0,1472), (3,485), (0,1989), (0,5701), (3,490), (0,11847), (0,1485), (0,2511), (0,1488), (0,11857), (0,13012), (0,4693), (0,3030), (0,11867), (0,13276), (0,11871), (0,11875), (0,12387), (0,3428), (0,13284), (0,2412), (0,5613), (0,2417), (0,2811), (0,12925), (0,895), (3,938), (0,2439), (0,1545), (0,2058), (0,523), (0,3341), (3,945), (0,271), (0,911), (0,1039), (0,1553), (0,11922), (3,312), (0,2710), (0,13206), (3,314), (0,11928), (3,957), (0,13214), (0,11938), (0,12963), (0,1317), (0,2727), (0,1320), (0,1449), (0,13228), (0,1457), (0,1463), (0,11837), (3,481)
calva	(2,1365), (1,18840), (2,2010)
entendimientos	(1,3016), (1,4526)
rescatara	(2,1040)
matracas	(1,5954)
abrian	(0,6329)
dolamas	(1,12162)
rescatare	(0,5120), (0,5126), (0,5165)
tontos	(2,3025), (2,4547), (2,1764), (2,1988), (1,17812), (2,5657), (1,16888), (2,5423), (2,2672)
arqueta	(2,7435)
desembarazada	(1,15816), (1,137)
reencargandose	(3,2855)
innata	(5,4268)
rreal	(0,3488), (0,9073), (0,9042), (0,709), (0,9118)
ubeda	(4,284)
gigantones	(2,1861)
pronunciasen	(5,4629)
sagazidad	(0,1742)
innato	(5,1985)
first	(5,8217), (5,1651)
desembarazado	(0,10693), (1,6583)
juntasemos	(4,7572)
atas	(4,1546)
atar	(1,3350), (0,4917), (2,1436), (4,5726), (5,146), (1,18799)
rogando	(4,8627), (1,1106), (1,10546), (1,4123), (2,2192)
calor	(2,519), (1,5991), (5,558), (1,13386), (5,4431), (1,10764), (5,6385), (0,717), (5,4882), (0,720), (1,6513), (5,1943), (5,2232), (2,6645), (5,5850), (5,5724), (5,5283), (2,6784), (1,11103)
cogerte	(2,2542)
miraldas	(4,6349)
malquerer	(5,5699)
consabida	(2,2020), (2,5159)
interrogando	(4,8031)
fama	(2,3209), (4,3663), (1,558), (1,12722), (1,308), (1,8756), (1,1845), (1,1847), (1,2872), (1,13498), (2,3230), (4,6372), (1,3014), (1,7366), (1,8652), (4,6000), (1,12109), (5,2642), (1,2002), (2,5556), (1,17491), (1,3031), (1,2009), (1,13663), (1,17759), (5,6246), (1,14308), (1,14948), (1,11750), (1,4584), (1,14698), (1,2284), (1,13420), (1,5613), (1,17261), (1,10990), (1,17262), (1,14319), (1,13424), (1,14707), (1,17398), (1,504), (1,7291), (4,6048), (1,11517), (1,12422), (4,2348), (1,15117), (1,270), (1,1424), (5,408), (1,7829), (1,17435), (4,6593), (1,12703)
merecerla	(1,6888)
despriva	(4,7931)
seneca	(4,373), (4,5000), (4,5002), (4,6363), (4,319)
trasladen	(1,10805)
consabido	(2,6078)
deducciones	(5,7929)
garcia	(0,3039), (0,11935), (0,3040), (0,3328), (0,388), (0,11816), (0,137), (0,457), (1,44), (0,12337), (0,3026), (0,13490), (0,12245), (0,11832), (0,13496), (0,2425), (0,12284), (0,2429)
extenderla	(5,584), (5,297)
cibdad	(4,2566), (4,6182), (4,361), (4,6795), (4,8620), (4,6189), (4,2094), (4,1231), (4,6004), (4,6135), (4,1241), (4,6777), (4,282), (4,7100), (4,8674)
considerese	(1,17948)
bercebu	(1,10971)
trazadas	(0,3971), (5,4433)
acercaos	(2,5153)
cardinalis	(0,1478)
agrandar	(5,4044), (5,4797), (5,243)
aristocracia	(5,4804), (5,518), (5,287), (5,6594), (5,6627)
fame	(4,7159)
condesa	(5,4744), (5,4745), (3,665)
ahijados	(1,5028)
almaciga	(4,7690)
nombrar	(1,16913), (3,804), (0,4433), (0,6387), (5,1882), (0,296), (0,408), (1,14698), (0,13578), (5,1201)
colores	(0,8287), (1,15552), (1,8836), (5,7561), (5,1802), (1,10473), (1,16201), (1,15787), (2,2734), (1,942), (5,5586), (1,3023), (1,15631), (5,2871), (5,4408), (2,90), (3,1341), (1,8444), (5,1569), (1,4414), (0,8094)
error	(1,12704), (1,14370), (5,3114), (2,456), (0,13638), (2,7117), (5,7862), (5,7032), (0,12884), (5,1723), (0,6103), (3,123), (5,1341), (2,3229), (5,7744), (5,6347), (2,4010), (3,206), (5,2387), (2,5872), (1,16912), (4,8437), (5,7447), (4,3580), (5,1566)
nombran	(1,11554), (1,12051), (3,1207), (5,1210), (0,7659), (1,14252)
bliglas	(0,10561)
coroza	(1,18943)
socorrida	(3,2932)
oscila	(5,2861)
embocaron	(0,4030)
lombarderos	(0,2177), (0,354), (0,3810), (0,3782), (0,2167), (0,2203), (0,3819)
ejemplos	(1,16786), (1,17032), (5,4861), (5,7904), (5,2817)
colmados	(1,4486)
disposicion	(2,1993), (1,10026), (1,1579), (1,13295), (1,1846), (1,10038), (3,125), (2,798), (1,15165), (2,1056), (0,96), (5,2501), (1,12932), (1,1157), (1,9032), (2,7466), (3,2829), (2,5164), (3,2767), (2,1010), (1,7762), (5,5463), (1,9236), (1,2906), (1,6298), (1,12954), (4,7614), (1,3677)
desagrado	(0,13216), (0,13221), (3,2653), (5,1682)
cordialisimos	(4,8599)
federales	(5,1876), (5,1574)
proscrito	(5,6468), (5,6076), (5,6476), (5,6478), (5,8607)
zerolo	(5,7146), (5,7131), (5,8802)
depurarlas	(5,6651)
mercantiles	(5,1461), (5,3665)
calpe	(1,6587)
socorrido	(1,14918), (0,8955), (0,1084), (0,5341), (0,4686), (1,14559)
desesperabase	(1,11024)
sahumerio	(1,4905)
acentuaba	(5,2961)
juntando	(1,12691), (1,9301), (0,7304)
expresamente	(0,674), (3,2981), (5,3482), (5,5267)
medioevales	(5,7763)
cogerse	(0,7215)
ruindad	(2,1223), (0,6615), (0,8055)
castiguele	(1,5191)
opiniones	(5,7076), (5,869), (5,1321), (5,1585), (5,3506), (5,5876), (5,6900), (5,4981), (1,17587), (2,726), (5,506), (5,4988), (2,6300), (5,1601), (5,4737), (5,1605), (5,1989), (3,261), (5,3080), (2,6310), (5,6794), (5,3532), (5,398), (2,7021), (5,4502), (5,4505), (5,5210), (5,1888), (5,3105), (5,1762), (5,7139)
