dierdes	(0,4512), (0,5354)
cansare	(1,16330)
references	(2,8146), (4,8981), (5,8950), (4,9000), (5,8969), (0,13796), (3,3098), (0,13815), (3,3117), (1,19051), (2,8127), (1,19070)
parescera	(0,10868), (0,10854), (0,8206)
averiguosele	(1,18941)
cuadrado	(2,6136)
procedera	(0,9120)
cuadrada	(2,1995)
enrevesadas	(2,1835)
independientemente	(5,1189)
propina	(1,8510)
redistribution	(4,8931), (5,8901), (4,8933), (5,8902), (0,13748), (0,13749), (3,3049), (3,3050), (1,19002), (1,19003), (2,8078), (2,8079)
sonsonete	(2,5345)
danton	(5,792), (5,8142), (2,782)
aparecieron	(5,5716), (5,5988), (5,3240), (5,5707), (5,7565), (5,7792)
hartaba	(1,2483), (1,15587)
paraiso	(3,1157), (4,8262), (4,2087), (4,8264), (4,7545), (4,876), (4,7660), (4,8268), (3,1165), (1,3915), (4,8270)
proporcionara	(2,2600), (2,3304)
mostrais	(1,13077), (4,7851)
ribera	(1,6657), (0,6625), (0,8513), (0,6339), (0,8490), (0,6795), (0,7147), (1,3185), (0,7152), (0,7027), (0,8947), (0,8949), (1,10966), (0,6838), (0,7190), (0,8567), (0,7096), (0,6682), (0,7098), (0,7004), (0,6653), (0,12445)
escusase	(1,6267)
sujetase	(0,12887)
reparemos	(1,17800)
escuridad	(1,8773), (1,8742), (1,14345), (1,17945), (1,8747), (1,13052), (1,13212), (1,2477), (1,3502)
formulismo	(2,5344)
trucidare	(5,6730)
redistributing	(3,3139), (5,8918), (4,8950), (0,13763), (1,19092), (2,8168), (4,9018), (3,3066), (5,8991), (1,19019), (2,8095), (0,13837)
desdenosas	(5,7311), (5,6912)
imposicion	(5,5498)
trucidari	(5,6731)
ponderase	(0,776)
derrumbamiento	(5,322)
oponerse	(3,2773), (5,2104), (5,3496), (5,2281), (5,5785), (2,2203), (1,14090)
emendar	(4,334)
cerain	(0,13240)
mejico	(5,6884), (0,576), (5,7077), (0,4226), (0,3139), (5,3432), (5,7081), (5,298), (5,3370), (0,4106), (5,242), (0,13389), (0,13453), (5,6646), (0,274), (0,13012), (0,11994), (0,13403), (0,4189), (0,13277), (5,7107), (0,11998), (5,3655), (0,13027), (0,12004), (0,13284), (0,3173), (5,331), (5,3020), (5,1806), (0,2412), (0,11948), (5,3667), (1,7823), (5,3668), (5,1302), (0,11958), (3,2203), (5,7070)
aminorarla	(5,3075)
escusara	(1,3968), (0,1671)
ahogues	(4,4595), (4,4833), (4,6769)
considerabase	(1,3951)
recompensarse	(3,98)
metrica	(5,6162)
jupiter	(1,442), (5,5074), (1,1711)
sentimental	(5,1257)
temblaban	(2,5930)
silbido	(2,7766)
maxime	(4,1092), (4,424), (4,1161), (4,6572), (4,8590), (4,5170), (4,8338), (5,1556), (4,6003), (4,7317), (4,278), (4,7448), (4,3420), (4,8573), (4,8030), (4,8383), (4,6176), (4,7906)
maxima	(2,225)
propios	(5,7748), (0,295), (0,13320), (2,3723), (2,5070), (5,4276), (3,2419), (1,16913), (1,5171), (2,3733), (1,16084), (1,14197), (2,3735), (1,14646), (3,122), (3,1146), (2,4090), (5,5279), (3,510), (2,5440)
sobrepone	(5,4966)
triangulos	(2,1559), (2,1840)
varbudos	(0,9802)
persistentes	(5,4196)
atletas	(5,326)
toviesen	(0,6691)
trabes	(0,3690)
tocinos	(0,4289), (4,1469)
cuecelo	(4,3740)
distes	(1,13906), (4,5622), (1,1204), (4,7306)
encaramarse	(0,6639)
insalubre	(0,449), (5,4186)
enredar	(4,6530)
amagamosles	(0,10210)
obedeceremos	(4,3296)
referencia	(0,13583), (0,12884), (0,524), (0,11805)
satisfacion	(1,15200), (1,13875), (1,13732), (1,14936), (1,14953)
insistio	(2,1450)
bonitamente	(2,1629)
daqui	(4,1559), (4,4429)
cinturiona	(4,2123)
subita	(5,2775), (2,2696), (5,4124), (1,6873), (1,11389)
desenganar	(1,18694)
incompletamente	(5,3713)
3437	(5,8068)
madona	(4,8006), (4,7561), (4,7690), (4,6539), (4,7627), (4,1422), (4,8846), (4,7119), (4,7503), (4,7637), (4,8281), (4,7645), (4,4255), (4,6815), (4,6629), (4,7464), (4,7216), (4,7155), (4,628), (4,7221), (4,7863), (4,7225), (4,7549), (4,6975), (4,7615), (4,7679)
deducion	(4,351)
disolverse	(5,1837)
menesteres	(2,4135)
reducia	(5,3694), (5,1569)
cobrando	(1,1040), (1,2063), (1,2399)
amena	(5,4746), (5,6510), (5,7587)
mencionada	(3,2372), (0,13146), (3,1870)
atormentaba	(5,4029), (2,4062)
venganzas	(2,6913), (1,8893), (3,97)
brutos	(3,2732)
paresceme	(0,7833), (0,3054)
tenazuelas	(4,8237)
tornadas	(0,2577)
sumisa	(2,5880)
ameno	(2,266)
3445	(5,8706)
amotino	(3,969)
sabiedes	(4,1823)
adivinar	(5,2203), (2,2585), (5,2492), (5,4158), (5,1295)
subito	(1,3808), (4,650), (5,5900), (2,7993), (2,5947), (5,5342), (5,4159), (5,7439), (5,544), (2,3373), (1,14255)
mencionado	(3,2818), (2,3683), (0,823), (3,2874), (5,3244), (5,4716), (3,2507), (0,13705), (0,13550)
sumiso	(5,5792)
adivinan	(5,1179)
washington	(5,1188), (5,7462), (5,7465), (5,1194), (5,942), (5,7343), (5,241), (5,178), (5,3252), (5,950), (5,2038), (5,5111), (5,1659), (5,1091), (5,1414), (5,8774), (5,1543), (5,2759), (5,7240), (5,7305), (5,7498), (5,7310), (5,2064), (5,1873), (5,1810), (5,405), (5,2391), (5,7319), (5,922), (5,1307), (5,2779), (5,669), (2,7035), (5,2720), (5,865), (5,2082), (5,1315)
bolviesen	(0,5625)
capitalejo	(2,3094)
subire	(2,1479), (2,1481), (2,334), (2,1519)
reglas	(5,4059), (5,6285), (5,6287), (5,2224), (5,4608), (1,17516)
subira	(0,3900)
torpedad	(1,16912)
turban	(1,4525)
vencidas	(2,4097), (5,4377), (4,2928)
dudaba	(1,9333), (1,7066)
cuadraba	(0,446)
correremos	(0,3955), (0,3910), (0,3914), (0,3962)
oleary	(5,8536), (5,8475), (5,5503)
deshonran	(1,17078)
trazo	(0,8688), (5,4893), (5,2883)
cautivar	(1,3152), (2,4484), (2,3805)
resigne	(2,6725)
meridiano	(0,13567), (0,3392), (0,10672), (0,3394), (0,13530), (0,3963), (0,3404)
recatado	(1,9602), (1,9638)
continua	(3,1443), (5,5514), (5,144), (4,7663), (1,17775), (3,210), (4,8275), (3,1395), (4,8285), (4,8062), (3,2110), (5,3938), (5,4258), (5,1955)
acciones	(2,769), (1,3106), (1,1731), (2,3908), (1,2184), (5,3308), (1,8971), (1,16684), (2,1806), (1,10797), (5,2035), (2,6228), (2,954), (1,17564)
mjuan	(0,1445), (0,1462)
continue	(1,15813), (2,5372)
cautivas	(3,2387), (3,1800), (3,1802)
lespagne	(5,8186), (5,6541)
resigno	(5,2522)
luxuria	(4,5758)
medicase	(4,3470)
traza	(1,15683), (1,18886), (1,904), (1,9225), (1,10953), (1,11497), (1,13001), (1,9707), (5,1680), (0,13615), (1,4499), (1,13523), (1,3828), (1,4151), (1,15863), (1,9145), (1,3418), (1,12507), (1,10046), (1,18367)
sanaron	(1,7891)
alegando	(2,1107), (0,8066)
capciosas	(5,3833)
condiscipulo	(5,5691)
offers	(2,8371), (0,14051), (5,9194), (3,3342), (4,9231), (1,19295)
vestirme	(1,3408), (1,13140)
given	(0,13746), (3,3047), (1,19000), (2,8076), (4,8930), (5,8899)
perspicacia	(5,6724), (2,3509), (2,6918), (5,1386), (5,1853), (5,2030), (2,6959), (2,7744)
excuso	(2,1191), (5,7498)
hallabanse	(2,8004), (5,625)
disminuira	(5,7559)
quatro	(0,10175), (0,10176), (0,10177), (0,10178), (0,10308), (0,9541), (0,7241), (0,8777), (0,10185), (0,10186), (0,5069), (0,10702), (0,5967), (0,721), (0,7121), (0,5074), (0,4182), (0,13528), (0,8025), (0,10329), (0,11737), (0,5978), (0,9563), (0,10331), (0,9949), (0,10336), (0,10464), (0,5859), (0,7395), (0,1126), (0,3942), (0,7400), (4,237), (0,7785), (0,11755), (0,4206), (0,9584), (0,3319), (0,10487), (0,4986), (0,10235), (0,7038), (0,10622), (0,6658), (0,7685), (0,6534), (0,9990), (0,10887), (0,10510), (0,10389), (0,1303), (0,7319), (0,9879), (0,11543), (0,10136), (0,11416), (0,6427), (0,6812), (0,11548), (0,4254), (0,10526), (0,7971), (0,10280), (0,4138), (0,10282), (0,10283), (0,9645), (0,10285), (0,10286), (0,6959), (0,6322), (0,11570), (0,10035), (0,7860), (0,11575), (0,3131), (0,6716), (0,8766)
pasarian	(4,3275), (5,5232)
cuatro	(5,940), (1,7720), (5,3501), (1,15404), (5,1969), (5,7091), (5,1972), (5,6068), (3,2553), (1,7735), (2,6681), (3,1019), (4,4575), (2,6174), (3,1538), (3,1027), (4,2020), (3,2051), (1,8271), (1,4689), (1,3154), (1,3155), (1,3161), (1,6233), (4,7684), (1,3170), (1,7778), (1,6243), (1,5223), (3,1072), (1,7791), (5,2037), (1,4723), (1,3194), (1,12412), (1,3198), (1,12414), (5,6660), (5,5131), (1,9353), (4,6701), (1,9869), (4,2102), (5,2074), (2,5755), (2,7298), (3,1636), (1,3234), (2,133), (1,10919), (1,3242), (4,8283), (4,8284), (1,8381), (2,678), (3,1673), (1,18120), (1,18121), (4,8301), (1,13002), (1,2255), (1,11984), (1,18128), (1,211), (5,2141), (2,2746), (0,13560), (4,4733), (4,7294), (0,13050), (2,1726), (1,7905), (4,8839), (2,2247), (5,7275), (5,6765), (1,6892), (1,749), (1,12527), (1,4339), (4,1176), (3,700), (3,2236), (2,2781), (1,767), (4,4258), (4,8866), (3,707), (4,677), (3,1735), (1,8965), (1,774), (1,1799), (1,18183), (4,173), (1,1804), (4,7857), (1,15121), (5,5784), (5,7835), (3,1755), (1,2846), (1,12576), (1,1313), (5,7846), (1,1828), (1,12580), (0,7493), (5,6316), (1,301), (3,241), (4,213), (5,1206), (1,9522), (4,5334), (1,4403), (5,1216), (5,2240), (1,12100), (1,14662), (1,15175), (1,7497), (1,843), (5,1231), (1,5963), (4,4336), (3,1811), (1,7506), (1,851), (1,3928), (1,2905), (5,2272), (1,7518), (1,15198), (1,3935), (1,16739), (3,807), (1,14191), (0,399), (5,756), (1,6001), (5,6392), (1,17780), (4,4888), (5,762), (4,7961), (5,765), (1,3961), (4,6941), (5,3328), (1,7550), (5,1799), (3,328), (1,4998), (5,1803), (1,4999), (5,4877), (1,394), (1,11658), (4,7984), (3,1873), (3,852), (1,17298), (1,403), (4,822), (1,15253), (3,346), (2,2425), (1,12184), (5,7453), (1,5530), (5,2339), (5,5924), (1,12192), (1,17315), (1,14246), (1,12199), (1,12200), (1,17321), (1,12203), (1,17323), (1,2988), (4,7503), (1,11180), (2,1424), (4,1875), (1,9136), (4,2390), (5,315), (2,2457), (1,6585), (1,3002), (1,6074), (5,1346), (1,3519), (5,3395), (4,7524), (4,359), (1,3525), (1,15813), (5,3405), (1,9675), (3,916), (4,7543), (1,17366), (2,1978), (1,14297), (4,4478), (0,6653), (1,13278), (1,18398), (3,2468), (4,8074), (1,8679), (0,520), (1,5097), (3,1452), (4,7056), (4,4498), (3,1458), (4,2452), (5,7541), (4,4502), (5,3960), (5,2937), (1,10237), (2,2019), (1,3074), (1,15874), (1,3075), (1,9731), (1,15875), (5,3981), (1,17417), (4,4526), (2,2545), (5,6040), (1,7701), (4,6585), (1,7191), (1,1561), (2,7675), (5,419)
desesperarme	(1,8789), (1,16008)
egercicio	(3,213)
leerse	(5,7141), (5,4589), (5,2318), (0,12921), (5,1681)
salvajes	(5,2016), (5,545), (5,1297)
honduras	(0,12676), (0,1221), (4,6793), (0,1227), (0,1260), (0,1214), (0,1262)
alborotado	(1,14480), (1,9028), (1,15912)
acabemos	(1,5587), (1,5656)
saliendose	(1,4585)
despidiose	(1,7221), (1,7670), (1,7771), (1,10815)
dudosas	(3,530), (1,12146), (1,6840)
pictima	(1,3767)
enfurecido	(5,2197), (5,5930)
adelanto	(1,6308), (2,5894), (2,1851), (2,6847)
rogativas	(1,7906), (2,1209), (1,7902)
agricultura	(5,6452), (5,7956), (5,4821), (5,3725), (4,6140), (5,3663), (5,6304)
filibusteras	(5,6938)
mejilla	(1,14562), (1,10996), (1,15352)
gresca	(2,278), (4,3803)
burlesca	(5,6466)
eclipsaron	(5,355)
secreto	(4,7237), (1,12453), (5,4266), (2,1162), (3,1515), (1,8494), (3,1522), (3,1650), (2,6674), (1,2226), (5,3896), (2,2335), (1,2622), (1,13248), (1,17600), (3,1925), (0,3301), (1,12742), (2,2344), (1,12489), (1,13513), (1,10705), (5,1367), (2,2357), (5,2648), (1,2006), (1,8918), (4,8188), (1,1373), (4,8448), (0,5757), (0,5376), (1,1378), (1,2404), (1,10471), (0,1800), (1,4201), (2,6603), (1,2542), (5,4850), (1,12142), (2,6738), (2,2259), (3,438), (1,14708), (1,2037), (2,7254), (1,1533), (2,3934), (5,1667), (1,8961), (1,15234), (0,5539), (1,8964), (0,934), (4,2602), (0,682), (3,1229), (1,2833), (3,2134), (1,13462), (4,1853), (0,316), (1,158)
adelante	(0,10559), (5,678), (1,17443), (0,4163), (2,519), (1,17190), (0,6984), (5,174), (1,13354), (5,1199), (0,10570), (1,15659), (0,6219), (3,1007), (0,4942), (1,16943), (3,755), (1,16689), (1,17971), (0,6227), (0,5716), (2,4376), (0,5463), (1,5177), (0,7001), (0,13401), (0,4954), (1,5948), (1,573), (2,4384), (1,5951), (1,16448), (1,5697), (5,6854), (0,3938), (0,9314), (3,775), (4,5611), (3,779), (0,6248), (4,1261), (1,18250), (1,3659), (0,3947), (5,7634), (0,6255), (1,18512), (4,8692), (0,9841), (0,6260), (0,4728), (0,6266), (3,2079), (0,6782), (1,1122), (0,7811), (1,9316), (3,1063), (4,5641), (5,2027), (4,5643), (0,7821), (1,16750), (1,18287), (0,5776), (1,17009), (1,10866), (5,3831), (0,7058), (1,3958), (1,5496), (0,1432), (0,9884), (0,4765), (0,7069), (2,5472), (2,5473), (1,16512), (1,1153), (1,2177), (0,417), (1,8578), (0,9122), (0,9634), (0,9636), (4,2345), (0,6566), (0,2983), (1,17800), (0,4776), (1,3211), (3,2639), (2,5231), (1,6542), (0,4019), (5,7448), (1,4758), (0,10422), (1,1944), (4,3133), (0,6074), (1,10659), (5,1320), (5,3625), (0,5061), (2,6536), (0,5063), (0,13511), (0,3784), (0,969), (0,3529), (4,8781), (0,6602), (0,7885), (0,462), (1,16559), (2,2195), (0,10449), (2,7066), (0,8666), (0,3291), (0,6115), (0,4838), (0,6118), (2,1195), (1,6090), (2,5294), (1,6862), (5,1107), (1,16591), (3,1939), (1,10963), (3,1687), (2,4796), (1,7387), (2,4033), (2,4034), (1,5347), (1,16611), (0,2820), (1,16613), (2,4039), (0,6151), (1,14825), (5,4210), (1,8687), (5,1141), (0,788), (5,5754), (0,7957), (1,11510), (5,636), (1,11769), (5,1918), (2,7900), (5,3712), (1,4865), (3,1732), (1,3074), (1,7939), (3,710), (3,1739), (1,10761), (0,10280), (3,1741), (0,1324), (1,18449), (0,2867), (1,4632), (1,5912), (0,3128), (3,1756), (2,508), (5,4511), (2,509), (0,6972), (0,3902), (0,13374)
prescribele	(0,316)
prudens	(1,8258)
bayoques	(4,6995), (4,2103), (4,4417)
seducciones	(2,3153), (5,6396)
adelanta	(2,2757), (1,13498), (2,1581)
generis	(2,660)
andaboba	(1,4703)
murmuraciones	(0,461), (2,7120)
secreta	(1,18609), (4,4437), (1,15250), (4,4439), (1,6164), (1,8917), (1,1382), (1,18758), (2,7005), (5,3379)
vestirla	(1,10626)
atraccion	(0,318)
escotillon	(1,4342)
hobiesen	(0,8523), (0,7726)
responderles	(1,2319)
adoptaron	(2,4974)
anos52	(0,3353)
filantropo	(2,2658), (5,4450), (2,1936)
encoxa	(4,4238)
constituyen	(1,18144), (0,871), (5,5454), (5,6303), (5,7375)
antojos	(1,1957), (1,5109), (4,3498), (4,832)
mercaderias	(0,5055), (0,2567), (0,4427), (0,4302), (0,4944), (0,4946), (0,5010), (0,5138), (0,3731), (0,4500), (0,5204), (0,2453), (0,4310), (0,343), (0,1498), (1,6780), (0,4316), (0,1950), (0,1891), (0,5156), (0,5158), (0,1513), (0,7593), (0,299), (0,4336), (0,4656), (0,4784), (0,2482), (0,7476), (0,4854), (0,11899), (0,4348), (0,5052), (0,5116), (0,1917)
respetuosa	(2,2916), (2,7815), (5,3120)
huella	(1,17090), (5,6072), (5,6424), (2,2699)
rechaza	(2,7329), (5,6942)
inadvertida	(1,13091), (5,7688), (0,12940)
lamentaba	(3,413)
anos55	(0,3540)
autorizando	(5,661)
pendientes	(1,5121), (1,7462), (1,5096), (1,8840), (2,3776)
embargo	(2,2947), (3,1253), (2,7172), (5,4396), (5,2094), (5,6831), (5,7472), (5,5683), (2,2451), (5,5046), (5,7734), (2,7829), (2,1947), (2,4252), (2,4127), (5,3398), (3,1416), (5,6736), (2,4403), (5,7770), (5,1631), (5,7263), (5,6629), (0,513), (3,2213), (2,4167), (5,4331), (3,2347), (5,623), (5,2671), (5,6898), (5,3316), (5,3958), (3,2998), (0,5652), (5,5244), (3,2492), (0,12953), (5,2562), (3,449), (5,2692), (5,6535), (5,5131), (3,206), (5,7698), (2,2935), (5,3103), (2,7164), (0,13626)
rechazo	(2,6774), (5,7308), (2,698)
armonizarlo	(5,1846)
dominios	(5,5824)
manteniente	(0,10586)
ferocidad	(3,1251), (1,7781), (3,120), (3,2683), (2,7706), (5,5134), (2,7197), (3,2783)
asalto	(5,1157), (4,165), (5,7606), (5,7047), (1,3157), (1,17093), (1,5480), (5,2784), (5,2977), (5,1186), (5,1490), (5,2114)
viamos	(0,10645), (0,6502), (0,9911)
combenido	(0,5578)
desagradables	(5,2055), (5,5678)
reproduccion	(5,7335), (5,1072)
baneza	(2,3045), (2,983), (2,1079), (2,1255), (2,1088)
aventajados	(1,16626)
llebando	(0,4886), (0,7241), (0,4411)
abriria	(2,699)
bastarse	(5,4814)
desvirtuar	(5,7115), (5,7117)
omnimodo	(5,4619)
sacasen	(1,14419), (1,18550), (1,17275), (4,4527), (1,13839)
forzosa	(1,15840), (1,13570), (1,13925)
tarazana	(0,6713)
esbozo	(5,6476)
sanaras	(4,7012), (4,7189)
repulgados	(1,18556)
decisivos	(5,5610)
juzgadas	(5,569)
armonizarla	(5,5089)
cercan	(2,185)
lenguage	(0,6386)
edades	(2,3169), (2,1962), (4,8510)
turbonadas	(2,2054)
mantenerla	(5,3021), (5,227)
forzoso	(2,3139), (1,164), (1,17700), (5,937), (5,619), (5,4783), (3,2542), (1,1135), (1,10479), (1,12916), (0,4118), (1,6455), (3,1850), (3,2940), (2,5533), (1,8956), (0,6044), (1,9407), (3,2312), (1,17798), (1,12554), (1,6540), (1,13200), (1,14033), (1,3986), (1,16914), (1,3286), (1,13787), (1,8413), (1,11933)
senoritas	(2,3126), (2,637)
niegue	(1,13937), (2,93)
sentirlo	(1,9270), (1,1212)
jugo	(1,16963)
156326	(0,11990), (0,4072)
normalizados	(4,48)
borrando	(1,17601)
parras	(1,16368)
reglamento	(5,3943), (5,3791)
promocaes	(3,2782)
entretubiese	(0,8477)
importunacion	(0,2468)
juga	(4,4336)
asarnas	(4,3534)
justiciada	(2,7112)
recatada	(1,4562), (1,13506), (1,1961), (1,12285), (1,14925)
ricaredo	(1,7458), (1,6437), (1,6951), (1,7466), (1,7471), (1,7472), (1,6194), (1,6962), (1,6196), (1,6708), (1,7476), (1,6966), (1,6200), (1,6458), (1,6973), (1,7231), (1,6465), (1,6211), (1,6467), (1,6469), (1,6215), (1,6727), (1,6728), (1,6986), (1,6731), (1,6221), (1,6733), (1,6478), (1,7247), (1,6739), (1,6229), (1,6486), (1,7000), (1,6745), (1,6234), (1,6492), (1,7004), (1,6749), (1,7261), (1,7006), (1,6751), (1,6498), (1,7011), (1,6761), (1,6508), (1,6766), (1,6770), (1,7282), (1,7028), (1,6774), (1,6263), (1,6519), (1,7288), (1,7290), (1,7037), (1,6783), (1,6530), (1,6786), (1,7044), (1,7301), (1,6534), (1,6794), (1,6283), (1,6799), (1,7313), (1,6547), (1,6805), (1,7322), (1,6555), (1,7323), (1,7579), (1,6300), (1,6812), (1,6816), (1,7328), (1,7585), (1,7586), (1,7332), (1,7078), (1,6570), (1,7595), (1,6573), (1,7087), (1,7603), (1,7092), (1,6839), (1,7098), (1,7101), (1,7357), (1,7358), (1,6849), (1,7108), (1,7111), (1,7115), (1,6350), (1,7120), (1,6869), (1,6871), (1,6618), (1,6619), (1,6627), (1,6886), (1,6890), (1,6635), (1,7147), (1,6124), (1,7149), (1,6638), (1,6383), (1,7151), (1,6896), (1,7408), (1,7155), (1,6645), (1,7414), (1,6903), (1,7419), (1,7167), (1,6146), (1,6916), (1,7173), (1,6406), (1,6662), (1,6151), (1,7176), (1,6410), (1,6922), (1,7179), (1,6668), (1,6669), (1,6670), (1,6417), (1,6673), (1,6420), (1,6424), (1,6429), (1,6174)
vuesas	(1,2531), (1,6019), (1,15366), (1,10063), (1,17423), (1,4976), (1,18192), (1,10067), (1,10611), (1,18164), (1,18484), (1,8117), (1,5078), (1,5849), (1,4762), (1,10075), (1,8124), (1,15388), (1,765), (1,8125), (1,18206)
encontrasen	(4,179), (1,3647)
hecho	(2,4609), (1,10274), (1,8228), (0,580), (0,4676), (0,10822), (1,2601), (1,15402), (3,2030), (0,7755), (5,5553), (1,13870), (1,6704), (0,4176), (4,5591), (1,6202), (0,12889), (2,7708), (0,8795), (1,8766), (1,2623), (0,12894), (2,4641), (0,6752), (1,17986), (2,4132), (4,2535), (2,5157), (1,8772), (2,5159), (1,7752), (0,12905), (1,9291), (0,8810), (0,8811), (1,15948), (1,2640), (2,53), (1,12372), (2,6200), (1,16983), (0,3195), (1,2142), (1,2143), (0,3711), (4,6147), (1,11362), (1,2147), (1,11364), (0,4230), (0,4742), (1,9320), (1,14441), (1,4714), (1,9323), (1,15979), (1,4720), (1,8304), (1,15984), (1,4211), (0,4242), (1,15987), (1,13940), (1,14964), (0,1685), (4,7705), (1,3192), (2,1114), (0,4248), (1,14970), (5,4100), (0,10399), (2,1122), (0,4256), (1,3203), (1,13443), (1,14983), (0,4775), (3,1614), (1,6284), (2,6254), (1,1678), (1,10894), (1,13966), (5,7699), (4,6707), (4,6709), (1,8850), (0,2739), (0,1204), (0,4277), (1,18583), (1,9881), (0,2747), (1,7324), (1,8861), (3,608), (1,3231), (1,3743), (0,4288), (1,2210), (0,2753), (3,613), (2,2692), (1,12965), (1,13478), (0,11980), (0,9933), (0,13005), (3,2163), (1,3763), (1,17591), (1,8377), (5,2110), (1,5818), (1,5819), (0,9434), (1,17595), (1,8380), (5,579), (1,4800), (1,16577), (0,740), (1,6341), (5,6730), (1,4295), (0,5350), (0,12009), (1,13006), (1,4304), (5,6740), (0,1777), (2,2231), (1,7894), (0,3318), (1,12503), (1,8921), (1,11484), (0,9981), (1,1759), (1,16095), (0,3327), (1,17634), (4,2695), (2,5317), (2,2758), (1,2789), (2,1735), (1,18662), (2,2761), (5,5235), (1,18159), (4,8852), (1,2802), (2,4819), (0,4369), (0,787), (1,3831), (1,1784), (1,13048), (2,4826), (1,4346), (1,6395), (1,7419), (1,1790), (1,2815), (0,7967), (1,11009), (4,4261), (0,802), (4,3750), (4,6822), (5,7815), (0,7970), (3,2758), (0,3879), (3,2251), (1,9481), (1,1802), (1,18188), (1,1809), (0,6961), (4,1719), (1,13076), (0,2868), (0,4404), (2,1784), (5,7835), (4,187), (4,1723), (0,4408), (1,16669), (1,3358), (1,16159), (1,13088), (1,10529), (1,4386), (4,7881), (3,236), (0,3402), (1,6956), (0,12108), (1,13613), (1,3888), (0,1872), (4,7893), (0,4947), (0,3413), (0,13141), (1,9527), (0,5463), (3,2300), (1,14651), (4,226), (3,2817), (1,7487), (1,6464), (1,7488), (1,6981), (0,4453), (2,3880), (1,18760), (0,5482), (1,1868), (3,2830), (0,2924), (1,3407), (0,2930), (1,10579), (3,2839), (1,5976), (4,256), (3,1827), (0,4480), (1,12131), (2,2377), (1,1900), (0,5003), (0,7565), (1,16238), (2,1872), (0,13201), (1,10099), (1,4468), (5,5370), (0,2967), (1,18809), (0,11673), (1,1921), (1,2946), (0,2978), (1,9603), (0,5541), (0,7590), (0,3498), (1,7057), (2,1907), (1,406), (2,5495), (1,5527), (2,1914), (1,10650), (1,12698), (0,954), (3,1886), (0,4539), (3,863), (1,2973), (1,5533), (1,6557), (0,13245), (0,959), (2,1924), (1,13219), (5,4393), (1,2984), (0,9161), (2,6028), (4,1872), (1,11693), (4,341), (1,9653), (3,1912), (4,7513), (4,4443), (0,2521), (1,16826), (1,957), (0,2526), (1,1991), (0,6631), (1,18888), (1,12234), (4,7022), (2,1454), (1,10193), (0,4082), (5,856), (1,13268), (5,348), (3,413), (1,12763), (0,9212), (5,4452), (4,6531), (2,5061), (1,11751), (2,2506), (0,9224), (1,17897), (4,1933), (1,3052), (1,18925), (2,4559), (0,3598), (0,3088), (1,14834), (1,6131), (0,4118), (5,3454), (2,4583), (5,6538), (1,2056), (2,5097), (4,4524), (4,1453), (1,3596), (1,11281), (0,5681), (1,17428), (0,7732), (0,9271), (0,11831), (1,18456), (0,568), (0,10812), (0,1597), (1,13854), (1,2591), (1,10271)
estubieren	(0,4898), (0,4919), (0,4967), (0,5468)
torneros	(0,3725)
barrer	(2,376), (2,411), (2,589)
descomulgado	(1,18432)
libros	(5,808), (2,2439), (5,6316), (4,213), (1,7730), (4,8406), (4,216), (5,5689), (4,217), (2,4122), (5,7357), (2,4123), (1,7866), (1,16703), (2,4129), (0,1633), (4,102), (0,4322), (4,233), (0,1638), (5,3919), (4,111), (4,240), (4,241), (4,117), (4,8437), (4,246), (0,1650), (0,632), (5,4062), (5,6111), (4,129), (0,1662), (1,16479), (2,705), (1,8166), (5,6764), (5,4847), (5,6256), (2,6993), (1,16496), (5,6783), (1,16517), (5,2826), (0,295), (4,299), (0,298), (1,16528), (5,5654), (5,4251), (5,5661), (4,318), (5,7841), (4,65), (5,6435)
juez	(2,6273), (0,1216), (5,1703), (4,6087), (1,10980), (2,4679), (1,8295), (2,6796), (1,8299), (1,8491), (1,17198), (2,6290), (2,6803), (1,8310), (1,17021), (3,194), (1,9088), (1,898), (1,1989), (1,8261), (2,6827), (0,4268), (2,6510), (5,2196), (2,6772), (1,8915), (1,3479), (2,7289), (1,17689), (1,1114), (1,17436), (0,2684), (2,6784), (2,7296)
obra	(5,4773), (3,228), (5,5543), (1,8740), (0,10307), (5,6828), (0,1097), (5,7854), (0,9801), (5,7600), (1,16430), (3,242), (1,5937), (0,10321), (1,14136), (0,3679), (4,229), (2,291), (5,454), (5,5319), (0,3683), (5,4552), (0,8803), (5,6858), (5,6094), (0,10090), (5,5330), (1,5200), (5,5590), (1,17746), (5,7644), (5,733), (1,4953), (0,10360), (5,5086), (2,6205), (5,3041), (2,2367), (5,1763), (1,2399), (1,5986), (5,3303), (5,5863), (5,7399), (5,5608), (0,10120), (1,18025), (5,7663), (5,5364), (1,4209), (2,7251), (0,10390), (5,5628), (5,6910), (2,6237), (2,609), (5,3332), (4,8484), (5,5128), (0,3236), (5,5386), (1,4999), (5,269), (0,6825), (1,4235), (2,1903), (4,309), (1,9875), (2,1141), (5,7709), (0,8633), (1,5532), (5,7712), (0,3772), (0,10685), (1,6053), (0,10183), (1,938), (1,7850), (5,7728), (1,5037), (4,7760), (0,11724), (5,1330), (2,4751), (1,9646), (0,720), (0,4049), (0,10195), (5,7738), (5,1596), (4,348), (1,953), (5,5693), (5,5438), (0,10714), (0,8668), (0,7133), (1,5824), (0,13026), (5,5704), (0,10211), (0,3300), (5,5961), (4,105), (5,2891), (0,3815), (4,364), (5,5710), (0,10473), (1,13004), (5,2385), (5,5713), (0,10476), (4,8305), (5,4435), (2,6578), (5,5464), (0,8691), (5,5209), (5,5977), (5,5722), (0,10230), (1,8920), (0,6904), (5,7774), (5,2912), (1,18140), (5,3428), (2,1219), (4,134), (5,5737), (5,7786), (1,7910), (2,1225), (4,143), (5,7792), (0,10251), (4,8336), (0,8717), (0,8206), (0,9230), (5,7796), (4,148), (5,7285), (5,4472), (4,154), (2,3289), (1,17656), (5,2941), (2,2012), (0,10780), (0,8224), (5,1670), (1,13573), (0,3622), (5,6285), (4,173), (0,3626), (5,1680), (0,3627), (5,7312), (5,6801), (5,4754), (5,6298), (5,4764), (0,10551), (4,188), (0,2361), (2,6395), (4,8641), (5,5283)
traspasandole	(0,6626)
pasaban	(1,9504), (0,7686), (2,1676), (0,8778), (1,13355), (0,8779), (4,2387), (1,13362), (1,14323), (2,2389), (1,3316), (2,6173), (2,6111), (4,8481), (1,13503), (0,9952), (1,9667), (1,12099), (1,13581), (1,2193), (1,9618), (5,4443), (1,18072), (5,6685), (1,9562), (5,1057), (5,1123)
graficamente	(5,5461)
alborotaba	(2,2289)
capelos	(1,5153)
january	(1,16)
moscas	(2,2217), (2,2331), (2,2220), (1,7951)
zanja	(5,3933)
beatifica	(2,2069), (1,7785)
travaxosa	(0,5720)
agrimensorsupo	(5,2016)
catorce	(3,1442), (1,5824), (5,4134), (1,5476), (5,3817), (1,5893), (4,3082), (4,6154), (1,5835), (4,8562), (0,9616), (1,14130), (1,18195), (1,6229), (1,5847), (1,4600), (1,9464), (0,8983), (0,10617), (1,15738), (1,3293), (1,5117), (1,16701)
pleitos	(4,4508), (4,7277), (1,17196), (4,4290)
carencia	(5,1369)
inalterable	(2,551), (5,5853), (5,7389), (5,7810)
contentova	(0,5869)
iiila	(5,8824)
espirante	(5,2682)
replace	(4,8915), (3,3030), (0,13731), (1,18983), (2,8059), (5,8882)
talegas	(1,16358)
desvanes	(1,10399)
tornareis	(0,2196), (0,2103)
razones	(0,13631), (1,7463), (0,8266), (0,8267), (1,16942), (4,8403), (1,2355), (1,3124), (1,7220), (1,7476), (1,13108), (0,5716), (1,18229), (1,13878), (1,8762), (1,13371), (1,8768), (1,3393), (1,13889), (1,6210), (1,12098), (1,14406), (0,6247), (1,13388), (1,4173), (4,3828), (1,6225), (1,2898), (1,5206), (1,15959), (0,2938), (5,481), (1,6749), (0,637), (0,6016), (1,16739), (1,9060), (1,8805), (1,3177), (2,1099), (0,650), (1,13676), (2,4175), (1,7022), (1,17774), (0,8336), (0,657), (4,7957), (1,7284), (5,7672), (1,4469), (1,9077), (1,7030), (2,2394), (1,13433), (1,11386), (2,6492), (1,14203), (1,14209), (1,3978), (2,3180), (0,2988), (1,2961), (1,6547), (1,11411), (1,13977), (1,13210), (1,2971), (1,12443), (5,4385), (1,16542), (1,7588), (1,17573), (1,4775), (1,7080), (5,6959), (3,2417), (1,13487), (1,16821), (1,12733), (0,222), (2,4000), (5,5443), (1,2240), (2,4002), (1,3010), (1,12482), (1,15811), (1,5572), (3,2951), (1,13254), (1,18631), (5,5452), (3,398), (0,8427), (1,12749), (1,13261), (2,4527), (1,14031), (1,3537), (1,10449), (1,4567), (5,2396), (1,7896), (1,13785), (1,3546), (1,989), (1,2525), (1,3037), (1,8925), (1,13021), (1,4319), (1,13546), (1,7147), (1,8940), (3,2735), (1,15085), (1,6639), (1,4084), (1,13045), (0,2839), (1,14584), (0,2841), (1,9211), (1,13564), (2,6622), (1,9981), (5,2946), (3,1219), (1,7170), (1,11778), (1,12292), (4,6060), (1,7434), (1,2571), (1,2827), (1,2063), (1,6928), (1,15120), (1,3089), (1,1046), (3,2266), (0,8249), (1,7451)
hileis	(4,2549)
sentirse	(5,1493), (5,4535), (5,456), (5,5964), (5,1842), (5,163)
sobi	(4,4579), (4,5460), (4,4581), (4,2571), (4,7790), (4,7471), (4,1584), (4,7360), (4,2690)
hecha	(5,6311), (5,7658), (4,8458), (1,2984), (0,2760), (1,746), (4,6797), (0,971), (0,4171), (0,1548), (1,13293), (2,2192), (1,11313), (4,6039), (1,10997), (2,1239), (1,4535), (1,10039), (1,4024), (1,18553), (1,383), (0,2847), (0,12959), (3,2563), (4,7972), (0,13345), (1,15810), (4,8423), (0,3492), (0,11878), (0,12966), (4,2413), (2,1580), (4,1841), (4,1398), (0,5170), (0,10738), (1,14867), (1,9558), (1,18202), (2,5246), (1,7773), (1,10077), (0,13437)
estregadas	(4,2922)
group	(4,9092), (2,8243), (5,9066), (0,13911), (3,3214), (1,19167)
virilmente	(5,5940), (5,4517)
groso	(4,5671), (4,4413)
traspaso	(5,5749), (5,4058), (5,5821), (5,2355)
antojen	(2,483)
cronologia	(5,3974)
despidiola	(1,18576)
gross	(1,19136), (2,8212), (4,9062), (5,9035), (0,13881), (3,3183)
proseguimos	(0,6219)
representativos	(5,4497)
cavar	(1,2161), (1,2146)
traeis	(0,2517), (1,14502), (4,2842)
castigasen	(1,7948)
cristales	(2,3684), (2,5540), (5,4654), (5,6225), (5,6242)
marinados	(0,2000)
soba	(2,5382)
traspase	(2,7577)
detallado	(0,12904), (5,3712)
mendigante	(1,9969), (1,9982)
escaupiles	(0,6960), (0,470)
fisicas	(5,4270), (5,7346)
traspasa	(0,1440)
traiciones	(0,6673), (0,4930), (2,1224), (5,223), (2,6252), (0,2747), (2,7919), (0,8269)
quitaran	(1,17315), (2,5176), (1,7564)
telones	(2,4977)
sabremos	(4,3165), (1,5706), (0,3950)
detallada	(0,610), (0,13267), (0,388), (0,839), (5,5118)
cortarlas	(0,4916)
respondioles	(1,11091)
chispeantes	(2,3228)
esquividad	(1,11851)
general	(5,2982), (0,7233), (0,8258), (0,2117), (0,10309), (5,7084), (0,9288), (0,2122), (5,7090), (0,2127), (0,7250), (0,8277), (0,2134), (3,3066), (0,2136), (0,10332), (0,8286), (0,4191), (0,6239), (0,10336), (0,4194), (0,10339), (5,4045), (0,6253), (0,7283), (0,4212), (0,2166), (0,2172), (0,10364), (0,8318), (0,13438), (0,6274), (0,1155), (0,4227), (0,10372), (0,7301), (5,1003), (0,8326), (0,9351), (0,4234), (0,9355), (0,2188), (0,8332), (0,4237), (0,6287), (0,2192), (5,9205), (0,10385), (0,2194), (0,6292), (4,9243), (5,7165), (0,2201), (0,7321), (5,1025), (0,2208), (0,8352), (0,4258), (0,10402), (5,6152), (0,8356), (0,2214), (5,1043), (0,7342), (0,10414), (5,4121), (0,9399), (0,9401), (0,6332), (0,7359), (2,5251), (3,101), (0,9412), (3,2154), (2,3209), (0,7367), (1,9385), (0,6347), (2,1166), (1,9391), (0,8400), (0,6353), (0,9425), (3,117), (2,5268), (0,7378), (2,5272), (0,9434), (5,2113), (1,18628), (0,8421), (2,5290), (0,6379), (0,8428), (0,7407), (0,9458), (0,7411), (0,9462), (0,9465), (2,8382), (0,7422), (0,8448), (0,8455), (0,13575), (0,8456), (0,9481), (0,8458), (1,3311), (5,1143), (5,7287), (0,8471), (0,8472), (0,8473), (1,6395), (0,7452), (0,286), (0,4387), (0,8483), (0,7461), (0,7462), (0,8486), (0,8488), (0,5417), (0,6442), (0,7466), (0,5421), (0,7469), (0,302), (0,6449), (5,1176), (0,7475), (0,4405), (3,1241), (0,5432), (0,7480), (0,7482), (3,1246), (0,5436), (0,8508), (0,9532), (0,4414), (0,7487), (0,5441), (0,6467), (0,5447), (0,6471), (0,8519), (0,328), (0,331), (0,5455), (0,6479), (0,7503), (0,337), (0,5462), (0,8534), (5,1212), (0,8536), (1,6458), (5,1215), (5,1216), (0,5467), (0,6492), (1,6462), (0,6493), (0,9565), (5,5316), (1,15680), (0,352), (1,6465), (0,7520), (0,353), (1,6467), (1,6469), (0,8549), (1,6471), (1,6473), (0,9577), (0,8555), (0,9581), (0,5486), (5,219), (3,3353), (0,8575), (2,5442), (5,5350), (0,2436), (0,7556), (0,2437), (0,8582), (0,6535), (0,9607), (0,4488), (0,5513), (0,6539), (0,1422), (0,7568), (0,5523), (3,2360), (0,5526), (0,410), (0,5530), (0,10652), (0,6560), (0,7586), (0,8612), (5,5387), (0,7590), (5,5389), (0,6568), (0,7592), (1,4490), (0,6570), (0,13738), (3,2382), (1,6540), (5,5393), (1,7567), (0,8622), (0,4527), (0,6578), (0,10675), (0,5556), (0,6583), (0,6584), (0,6587), (0,10683), (0,6588), (0,4545), (0,5570), (0,6595), (0,7619), (0,13763), (0,5574), (0,7622), (0,8647), (5,7469), (0,8649), (0,6603), (0,5581), (0,7629), (0,10701), (0,2510), (0,463), (0,2511), (0,6609), (0,6612), (0,1494), (3,2425), (0,7638), (5,7486), (5,2372), (3,2435), (2,5538), (0,10721), (5,7497), (3,1417), (0,7654), (0,10726), (0,10728), (0,2540), (1,6607), (0,1519), (3,2452), (0,8693), (0,6647), (0,6648), (0,7672), (0,10744), (0,8697), (3,420), (5,2408), (0,5636), (5,2410), (0,8710), (0,10760), (0,5642), (0,7691), (0,10764), (5,5490), (0,526), (0,1552), (0,10768), (0,6675), (2,6615), (1,6646), (0,7701), (0,10774), (0,7705), (5,7554), (0,10781), (5,5507), (5,7555), (0,7711), (0,10784), (0,10787), (0,7720), (0,10800), (1,17938), (0,7730), (0,10802), (1,13843), (0,1589), (3,2520), (5,3482), (1,13848), (0,7737), (3,2526), (1,6686), (0,10814), (2,6658), (2,6661), (0,7748), (0,10825), (0,7756), (5,4530), (1,18990), (0,6735), (0,12882), (0,7765), (0,6745), (5,5567), (0,7771), (0,7772), (0,7774), (0,6751), (0,6752), (0,7781), (1,19019), (0,7789), (0,7791), (0,6768), (0,11888), (0,8818), (0,7797), (0,11893), (0,6774), (0,6777), (5,4578), (0,6781), (0,6783), (5,4582), (5,5608), (0,6790), (0,11910), (0,5767), (0,5769), (0,8842), (0,6797), (0,1678), (0,11919), (0,11920), (5,6647), (0,2707), (1,629), (0,2709), (0,6807), (0,7831), (5,5629), (5,2558), (0,7836), (0,2719), (0,7839), (0,2721), (5,6664), (0,6819), (0,7843), (5,4617), (0,6823), (0,5801), (0,7849), (2,1644), (0,7850), (3,590), (0,5803), (5,4626), (5,2579), (3,594), (0,7855), (0,7867), (3,1632), (3,1639), (0,6852), (5,5674), (0,7878), (3,2667), (0,7883), (0,7886), (5,2612), (0,7890), (0,11990), (0,11991), (0,730), (0,11995), (5,3649), (5,6721), (3,2688), (0,11999), (0,6883), (0,2789), (0,12005), (0,5867), (0,6892), (0,7916), (0,12014), (0,14062), (0,6899), (0,2804), (0,12023), (0,12025), (5,607), (0,6908), (0,7932), (0,9981), (0,12029), (0,9985), (5,1640), (0,12035), (0,5894), (0,8969), (0,5898), (0,7948), (0,8974), (0,8976), (0,7953), (0,6931), (0,8981), (0,12056), (5,1666), (0,6941), (0,8989), (0,8992), (0,6947), (0,8996), (0,6950), (0,9000), (0,12073), (0,9002), (0,6956), (0,7981), (0,9005), (0,7984), (0,9008), (0,9009), (0,7986), (0,9014), (0,7991), (0,12087), (0,7996), (5,5799), (0,5954), (0,12098), (0,8004), (0,8011), (0,5964), (0,12110), (5,4788), (0,5969), (0,8018), (0,8020), (5,8889), (0,9045), (4,8922), (5,3772), (0,8025), (0,9049), (2,796), (3,1789), (5,2751), (0,8028), (0,8029), (2,3874), (5,3782), (0,8033), (2,1830), (0,9065), (0,5995), (0,8043), (0,7020), (5,2771), (0,9071), (0,8049), (5,8918), (4,8950), (2,822), (0,8052), (2,3895), (0,8053), (0,8054), (5,2780), (3,2842), (0,7034), (0,2940), (0,8060), (5,740), (0,10112), (0,7041), (0,6019), (0,8067), (0,7044), (0,6021), (0,6023), (0,6024), (2,843), (0,7049), (1,19306), (0,10122), (0,8075), (0,10125), (0,9103), (0,6037), (0,7061), (0,8088), (0,8089), (0,8091), (0,2974), (5,5891), (0,8097), (5,3847), (0,2979), (5,3852), (0,6057), (0,7081), (0,6060), (0,4013), (2,4975), (0,8114), (5,792), (0,7091), (0,6070), (0,9144), (0,8122), (5,3874), (0,8125), (2,8066), (0,6081), (0,7106), (0,1987), (0,7108), (0,8132), (0,1992), (0,8136), (0,8139), (0,8144), (0,6097), (2,6037), (0,4052), (0,3029), (0,6102), (0,3031), (0,8156), (2,8095), (0,8158), (0,7135), (5,5962), (0,6118), (0,4072), (0,7144), (0,3049), (0,4073), (0,8170), (0,2027), (0,8172), (5,5971), (0,8177), (5,2903), (3,1952), (0,2050), (0,7171), (0,6150), (0,6153), (0,4108), (3,2995), (0,6164), (0,7190), (0,6167), (0,7192), (0,1050), (3,957), (0,6172), (0,7196), (0,2077), (5,2946), (0,1056), (3,965), (0,2084), (5,7056), (3,975), (0,2092), (0,7221), (0,4151), (2,2042), (0,9273), (0,10297), (3,3037), (0,2108), (0,2110)
lenguaje	(1,8224), (2,6467), (2,7685), (5,1259), (5,3243), (2,4104), (4,139), (5,4659), (5,4404), (2,6993), (1,6066), (2,7832), (5,6715), (5,2051), (5,7684), (5,6470), (5,5639), (5,6479), (5,1684), (5,149), (2,5427), (5,857), (5,4251), (5,7901), (1,17113), (4,317), (5,6430), (5,4961), (2,2240)
crispada	(2,7619)
collares	(0,7653), (2,4376)
apreciadas	(5,7819)
heces	(1,5592)
limones	(1,5472)
facil	(5,2085), (3,356), (2,7491), (4,7878), (2,7493), (5,1450), (5,6190), (1,13162), (1,17386), (3,1645), (2,7052), (2,6990), (2,1170), (2,3027), (2,1172), (2,3156), (2,4756), (1,11639), (3,186), (5,2429), (3,3003), (1,4089), (2,1179), (2,92), (1,5755), (2,4637), (5,2817), (1,9214), (3,2053), (2,5414), (1,3910), (1,16840), (2,1324), (5,1295), (2,4012), (1,17932), (3,723), (2,3762), (2,4722), (1,11476), (5,281), (0,7604), (1,17562), (2,1917), (5,2594)
mascullando	(2,3351)
proceso	(4,340), (0,13025), (0,2339), (5,7656), (5,2794), (5,7884), (5,2880), (5,3888), (4,5456)
confeseis	(1,17174)
labradores	(3,1068), (3,687), (3,689)
abriran	(2,2483)
acorde	(1,18112), (1,17054)
acorda	(4,1284)
majuelo	(1,8499), (1,18824)
bayeta	(3,1972), (1,5108), (1,5478), (1,17978), (1,5132)
barras	(0,9919), (1,179), (1,17139), (1,9435), (1,9420), (2,5584)
mantearan	(1,18075)
gambetas	(1,18408)
acordo	(1,15058), (0,5634), (4,7927), (5,3452), (0,7355), (1,7869), (1,14559)
poblarse	(0,8397)
catorze	(0,2630), (0,3848), (0,3851), (0,11004)
soga	(4,4195), (2,1490), (2,1463), (2,2014), (2,1840), (1,16943)
obraba	(1,10548), (1,10153), (1,8251), (1,10156)
promovio	(3,2422)
embravecido	(2,2274)
huelva	(3,2165), (0,9559), (0,13399), (0,9545)
riquel	(0,12443)
aciago	(1,1504)
fiad	(1,15001)
olvidado	(2,2114), (2,1476), (5,3271), (1,15559), (1,7624), (1,12777), (1,17065), (2,6027), (1,14058), (5,6482), (1,7630), (1,15440), (1,13907), (1,13910), (4,795), (2,2041), (5,3580), (1,17016), (2,2139), (1,10587)
sufrian	(3,107)
liquido	(0,824)
resgate	(0,6784), (0,7429), (0,9302), (0,8040), (0,8105), (0,10093)
escribiendome	(1,12729)
resgato	(0,8224), (0,9304)
hareis	(0,2111), (0,5055), (0,5064), (0,2381), (4,6230), (4,8022), (0,4819), (0,2133), (0,5205), (0,1752), (4,2654), (0,1882), (0,4570), (0,3164), (0,1633), (0,1506), (0,1892), (0,1766), (0,1899), (0,3564), (0,1907), (0,1657), (0,1915), (1,14940), (0,4993), (0,4611), (0,1924), (0,4746), (0,1675), (4,1808), (0,1682), (0,1685), (0,2202), (0,5019), (0,4513), (0,2339), (0,4387), (0,4515), (0,2340), (1,14085), (0,4522), (0,5036), (0,1968), (0,5300), (0,1590), (0,4535), (0,5047), (4,8127), (0,4540)
tramo	(2,7587)
comprometido	(2,4689), (2,1229)
liquida	(1,5872)
mientras	(5,4516), (5,4133), (5,3367), (5,2346), (5,5291), (5,2604), (1,17705), (5,180), (0,6479), (5,1847), (5,2873), (5,4923), (1,2872), (0,7640), (5,320), (2,2206), (2,5278), (5,4550), (2,2212), (5,3399), (5,842), (2,4007), (2,2217), (1,9160), (5,205), (0,8170), (5,3536), (2,688), (1,1233), (0,7536), (5,4054), (2,5172), (0,6644), (0,7924), (2,2232), (1,8792), (1,9433), (2,6459), (2,6715), (0,7417), (2,318), (2,3775), (2,1856), (1,6751), (2,1857), (5,2277), (2,6468), (1,7396), (0,10502), (2,589), (2,1869), (5,881), (1,12269), (1,14957), (2,4432), (1,9072), (2,6356), (2,6741), (2,2391), (5,2555), (5,6269), (0,7832), (2,1755), (0,7707), (2,3423), (3,2753), (1,4095), (5,4740), (5,522), (3,1865), (2,6248), (5,268), (0,7591), (2,1392), (5,3864), (5,2841), (5,5657), (5,4506), (2,1400), (0,7736), (5,3488), (5,1057), (5,5537), (5,2722), (2,4352)
abrais	(0,1774)
bnfgallica	(3,29)
anulacion	(5,5762)
fiar	(3,1235), (1,3409), (1,8962), (1,11333), (0,5382), (5,2204), (4,1441), (0,1805), (1,10734)
testarazos	(2,1676)
olvidada	(4,451), (1,10394), (4,4958)
indiezita	(0,10476)
sofa	(4,5408)
soez	(2,6274), (2,1349), (2,1462), (2,7706), (2,2700)
comprometida	(5,3836)
privadas	(5,868), (5,3728)
sacarla	(1,10133), (1,15253), (1,10155)
july	(2,16)
sofi	(4,8576), (1,9727)
corrector	(4,153)
contentose	(1,4134), (1,7016), (1,4857), (1,4175)
provecho	(1,18208), (1,1827), (1,2211), (5,2217), (1,17063), (1,18728), (1,3757), (1,8495), (2,2833), (1,9009), (4,5462), (1,948), (1,17462), (1,18617), (1,9786), (2,2208), (0,8414), (1,9792), (1,18755), (0,1892), (1,16585), (1,1354), (1,4557), (1,18774), (1,3800), (1,2777), (1,18778), (1,3426), (1,17379), (1,17636), (0,6021), (1,5609), (0,2569), (1,12138), (1,1132), (1,18033), (1,18034), (1,5620), (1,6260), (0,3861), (1,5623), (1,13946), (1,8059), (4,5663), (0,7835), (0,9373), (1,16640), (0,9248), (0,801), (1,3204), (1,8710), (1,18187), (1,2956), (4,4145), (1,3342), (4,5688), (1,1559), (1,8088), (5,5662), (1,18718)
sacarle	(2,7527), (2,4232), (2,1386), (2,5579), (1,7901), (2,464)
imaginarse	(2,4402), (2,5954), (2,6132), (1,8963), (1,2967), (1,6184), (2,5419), (1,10458), (1,3180), (2,4301), (1,17996), (1,15597)
incestos	(1,1597)
flexible	(2,3155)
encontraria	(1,15060), (2,4127)
morones	(0,9570), (0,12402)
nunez	(3,2171)
inclinan	(1,1002)
tetrica	(2,1352), (5,5795)
inclinar	(1,1026), (5,3373)
traductor	(5,6022)
sabana	(4,8020), (1,15425), (1,5378), (4,8441), (1,15420), (1,5470)
integras	(0,147)
quitarse	(1,8872), (1,4505), (1,11771), (1,10191)
conservamos	(1,1609)
fice	(0,2214), (0,2152), (0,2059)
hurtara	(1,3788)
amigas	(1,1600), (4,8807), (1,16004), (1,16356), (4,4874), (4,4875), (1,11372), (1,16460), (4,8560), (4,6385), (1,6735), (4,5715), (1,17200), (4,6292), (4,5973), (1,4851), (1,2488), (4,4191), (5,6369), (4,6241), (1,15934)
calayon	(0,12608), (0,13573), (0,12198), (0,6810)
arribareis	(0,4720)
sacarme	(1,3113), (2,1325)
hoja	(1,5984), (2,1699), (0,6401), (1,132), (5,3307), (2,4300), (2,143), (1,5903), (1,17648), (2,5433), (0,10008), (4,8253), (1,5915), (2,1886), (4,2497), (1,5951), (0,8702)
visitadores	(0,751)
enviandoles	(2,7582)
abriros	(4,5116)
estrechez	(5,4939)
otorgasen	(0,8878)
integran	(0,153)
maravillosas	(1,17365), (1,8087)
fortalecio	(1,7484)
sacarlo	(2,1940), (5,6251)
osase	(1,7752), (0,7675)
alquilaron	(1,7604), (1,7257)
entregarlos	(1,18050)
nunca	(2,2049), (0,2624), (1,2594), (1,5666), (5,7590), (1,1059), (1,16423), (4,6860), (1,13611), (4,2769), (0,5709), (1,8751), (5,1716), (0,5713), (1,6450), (5,7350), (5,5818), (0,12888), (2,2588), (1,15677), (5,5059), (4,6882), (5,3527), (5,4039), (4,6374), (1,18243), (1,8776), (4,2540), (5,3533), (2,6186), (5,975), (1,11341), (2,2351), (1,12623), (2,4402), (4,5367), (1,17493), (5,2524), (1,15704), (1,10841), (5,7902), (5,2017), (4,5120), (1,17757), (1,5726), (0,5758), (1,17503), (3,1570), (5,6629), (1,17505), (4,6149), (3,1318), (1,13413), (4,2313), (4,5648), (4,5393), (1,18286), (5,3315), (5,4596), (1,5746), (1,4724), (1,3701), (1,17525), (1,16503), (1,888), (5,4860), (1,8824), (0,2456), (1,5755), (5,7423), (1,2940), (5,4097), (1,383), (5,7171), (1,16511), (4,6691), (1,3971), (5,6153), (1,10886), (0,6566), (1,10123), (1,3982), (2,5233), (1,2196), (2,2933), (1,2710), (4,6459), (5,5918), (4,5950), (0,6842), (0,6331), (2,2946), (4,4932), (5,5157), (2,6019), (1,1955), (1,3236), (1,6564), (1,17572), (5,6954), (4,5962), (5,2092), (5,301), (1,5802), (5,2863), (2,4493), (5,3890), (1,9646), (1,5297), (4,8533), (4,5976), (1,11701), (1,12214), (1,10679), (1,4537), (5,4925), (1,698), (4,7264), (4,7265), (5,579), (1,5058), (1,16322), (1,18114), (5,1863), (5,4936), (5,4425), (1,17094), (2,6312), (1,6599), (0,8936), (1,10698), (1,12492), (1,2509), (4,6512), (5,6993), (1,17614), (1,2279), (1,14055), (2,2506), (1,2537), (4,6284), (5,4720), (2,7629), (5,3185), (5,370), (1,15345), (1,17393), (5,631), (1,16115), (5,376), (2,469), (4,2455), (0,7188), (5,2170), (1,8951), (1,12283), (4,5792), (1,1534), (4,162), (5,899), (4,7331), (4,4260), (5,7558), (1,6918), (5,7818), (5,396), (5,653), (4,2988), (5,4749), (5,3983), (1,10253), (5,2450), (3,1489), (4,6578), (5,6292), (2,3314), (5,663), (1,10259), (5,4505), (2,7159), (5,7066), (1,17945), (5,6814), (1,10522), (1,10778), (1,11547), (1,5663)
sease	(4,7499)
holgadamente	(5,6785)
samano	(0,1445), (0,12469), (0,1479)
harela	(1,9472)
sagacidad	(1,2404), (3,1911), (1,4872), (5,7740), (5,7263), (5,1984), (0,2347), (3,2830), (1,1534)
ahumada	(0,11378)
subieron	(1,1760), (0,12128), (1,18851), (1,1254), (3,1741), (1,15435), (1,15055), (0,6639), (1,11413), (0,6517), (1,3449), (0,11609), (3,1758), (1,7518), (2,672)
doctrinales	(2,6313), (0,156)
poblaron	(3,460)
quitarte	(2,3930)
barboquejo	(4,6904)
encontrarla	(0,5689)
maldonado	(1,17872), (0,1216), (0,1108), (0,12357)
varones	(1,16176), (2,775), (1,17961)
dante	(2,4133)
generalizacion	(5,4262)
cochino	(4,1562), (0,6781)
ermitas	(1,10777)
pregonados	(5,5148)
sugetemos	(3,2746)
indocto	(2,5337), (2,2012)
achumpacangrejo	(0,10032)
escision	(2,7041), (2,2764), (2,7007)
afrenteis	(1,6417)
asegurallos	(0,7718)
sobreviniendole	(1,9265)
arrumbadas	(0,9882)
fiel	(2,3269), (5,5768), (0,4100), (5,941), (5,3087), (5,4272), (5,690), (0,9523), (0,4533), (0,9525), (0,3511), (0,4183), (2,2682), (0,5848), (0,4218), (0,2203), (4,3903), (4,2689)
saldreis	(0,2371)
yermas	(0,7389)
traje	(1,9632), (1,13090), (1,3941), (1,1064), (1,3496), (1,3688), (1,12777), (1,12595), (1,10036), (1,13940), (1,13494), (1,7416), (1,6331), (1,13692), (1,14076), (1,1918), (1,14079), (2,5542), (1,1032), (1,2056), (1,13640), (1,11019), (1,13451), (1,2061), (1,13453), (1,12110), (1,13713), (1,13910), (1,11031), (1,2012)
veleidosas	(2,4527)
jura	(4,3413), (1,10198), (2,573), (2,574), (1,10253), (1,8398), (1,10254), (1,10991), (1,11759)
seale	(4,7627)
hola	(4,3347), (2,324), (4,7334), (4,2634), (4,2704)
hold	(5,9126), (0,13971), (3,3274), (1,19227), (4,9151), (2,8303)
jure	(4,7715), (4,3636), (4,7716), (4,7764), (4,357), (4,7734), (1,10201)
repico	(1,406)
anosfr	(0,1477)
disponiendose	(3,1958), (3,1420)
nossotros	(0,9301)
prosperaban	(5,5093), (5,1433)
leeran	(1,12512)
hordenareis	(0,3566)
danos	(0,2687), (0,2688), (0,7744), (0,9030), (1,17354), (4,7566), (0,2604), (0,2956), (0,8556), (1,17965), (1,16398), (0,8526), (1,1328), (1,17653)
promover	(5,5940)
fies	(4,8169)
abrirla	(5,7511), (2,3516)
imaginaron	(1,9066), (2,4959), (1,11918)
arrogancia	(1,14305), (1,649), (1,3065), (1,14602), (5,306), (1,16638)
maullar	(4,5381)
olvidais	(4,3647), (4,3025)
vaiste	(4,7104)
disminuian	(5,2669)
llorando	(1,15328), (1,9537), (1,7236), (1,17124), (1,14215), (1,12488), (1,13358), (1,13998), (4,2739), (1,14002), (2,4853), (1,9013), (1,2586), (1,7455)
topandole	(1,8025)
estubieron	(0,8885), (0,8742)
azotaron	(1,5169)
aplazimiento	(0,2644)
lozania	(4,8420), (4,598), (4,568), (4,569), (4,778)
sois	(4,707), (4,974), (4,3285), (4,2777), (1,6712), (4,4060), (1,14395), (4,7907), (4,2276), (1,15169), (1,11843), (4,2287), (4,2545), (4,3826), (1,12625), (1,341), (4,1279), (1,14430), (4,1796), (1,3682), (1,13922), (1,13927), (4,1806), (4,5910), (1,14453), (4,4891), (4,802), (1,9345), (1,13188), (4,2856), (1,8327), (4,3883), (1,11912), (1,13451), (4,7216), (1,13205), (1,13461), (1,13206), (4,3900), (4,3901), (4,3902), (4,7231), (4,3904), (4,7491), (4,4677), (4,4166), (1,14500), (4,4680), (4,8010), (4,8011), (4,4688), (1,18862), (2,4498), (1,14771), (1,1204), (4,4187), (1,14522), (4,2654), (4,8030), (4,609), (1,2497), (4,6244), (0,1505), (4,2661), (4,616), (4,7016), (2,2216), (1,1992), (2,2219), (4,3950), (1,11980), (4,5235), (1,2001), (1,2007), (1,9692), (4,1154), (4,3717), (4,3214), (1,2030), (0,4879), (1,1270), (4,5790), (1,6398), (4,8098), (1,7423), (1,7424), (1,7425), (0,2596), (1,1030), (2,3561), (4,7341), (4,8109), (4,4272), (1,14349), (1,8207), (4,5812), (4,6324), (1,13076), (4,4281), (1,12315), (4,959)
ladera	(0,6527), (0,6529), (0,6517)
archivecanadian	(2,22), (1,21), (4,28), (4,8912)
immediate	(5,9012), (1,19073), (0,13858), (2,8149), (3,3160), (4,9002), (5,8972), (1,19113), (0,13818), (2,8189), (4,9039), (3,3120)
encontrarme	(1,14497)
quantos	(0,2545), (0,3073), (0,1986), (0,3182)
inclines	(1,1484)
clasificados	(2,7430)
trajo	(0,7327), (0,6560), (0,8177), (3,1381), (0,6530), (4,7273), (2,3688), (0,7990), (5,973), (0,7386), (1,18444), (0,8205)
perpetuamente	(1,14146), (0,1123), (4,8391), (5,153), (0,1189), (2,6167), (0,1127), (0,1304), (5,1645), (1,10634)
some	(5,8692), (1,19218), (5,4792), (4,9143), (2,8294), (5,9117), (0,13962), (3,3265)
tetrico	(2,6049), (2,1388)
soma	(1,7750)
desembarcadas	(5,2611)
llorabades	(4,2759)
sacrificarnos	(1,1925)
contentole	(1,7776)
jovenzuelo	(2,5411)
poblarlo	(5,658)
sacaria	(4,3401), (4,3500), (1,4858), (1,9708)
correntio	(1,407)
estrechar	(2,7811)
sarcastica	(5,7423)
trala	(4,7986)
envejecidos	(5,7676)
civilizar	(5,2009)
pisaste	(1,8816)
tigre	(2,3554), (1,5635), (1,805), (2,3607), (1,6071), (2,3721), (2,3498), (2,3710)
matarle	(1,2631), (3,976)
anosde	(0,1026), (0,4182), (0,5847)
avisasen	(0,8579), (1,9964)
poblarla	(3,1171)
spana	(0,3122), (0,565), (0,3064), (0,11944), (0,3067)
owner	(3,3235), (5,9127), (4,9095), (2,8264), (3,3242), (2,8271), (3,3186), (1,19188), (0,13972), (2,8215), (4,9113), (5,9087), (0,13914), (1,19195), (4,9120), (5,9094), (1,19139), (4,9065), (3,3275), (5,9038), (0,13932), (2,8304), (0,13939), (1,19228), (4,9152), (0,13884)
trama	(5,5782), (5,1127), (2,6375), (4,5467), (5,7612), (5,7900), (4,5469), (4,5470), (5,6479)
contrariedades	(2,4059), (2,6207)
sola	(1,6945), (3,2532), (4,7365), (1,6179), (2,3079), (1,13606), (4,7114), (1,2856), (1,6701), (4,2516), (1,12597), (1,13367), (2,1305), (1,6721), (4,1768), (4,5610), (1,16202), (4,7154), (1,5971), (2,7989), (1,11604), (1,10325), (5,6878), (2,3392), (1,11616), (2,3139), (4,5639), (1,9061), (1,5223), (1,9319), (5,2541), (1,10602), (1,13418), (1,6001), (1,2933), (1,4216), (2,5978), (1,8831), (5,4868), (2,5990), (1,394), (2,5743), (0,3248), (2,3699), (2,3700), (1,5269), (1,12951), (3,1887), (2,4223), (1,6308), (1,18598), (4,5707), (4,8779), (5,2861), (2,3979), (2,3980), (1,8875), (4,5199), (4,8783), (1,15022), (5,2359), (1,15027), (1,1717), (4,8284), (1,12476), (1,14789), (1,7366), (2,4264), (1,14027), (5,849), (3,145), (5,4182), (5,3672), (4,633), (1,3031), (1,3544), (4,6524), (1,10464), (2,4296), (1,494), (0,274), (1,11764), (1,1014), (2,3031), (5,381), (1,11513), (1,18169), (4,5022), (1,14075), (1,12284), (1,12543), (1,1024), (5,6533), (3,2506), (1,17673), (4,2735), (1,18701), (1,18446), (3,723), (2,4851), (4,7355), (1,10520), (1,539), (1,3099), (5,929), (1,1821)
devotos	(2,1724)
variantes	(0,194), (0,13557), (0,12918), (0,13610)
procesados	(2,2246)
solo	(1,12320), (1,6692), (0,580), (1,7207), (1,17448), (4,3532), (4,8140), (1,10281), (2,5643), (1,16938), (1,15915), (5,4528), (5,2481), (0,589), (2,6161), (1,6704), (1,16946), (2,7700), (1,5172), (2,6167), (3,2041), (1,6712), (1,14392), (5,5053), (4,6620), (1,13881), (2,7707), (1,3131), (1,14395), (0,7771), (2,3102), (1,2110), (0,7773), (3,1537), (5,2499), (0,7262), (0,7774), (1,2625), (0,7777), (0,12897), (5,1480), (3,2054), (1,8772), (1,3653), (5,7114), (2,1576), (5,3019), (2,2090), (1,8266), (5,3535), (3,2574), (5,5584), (1,3151), (5,4051), (2,7216), (5,7637), (5,470), (2,7220), (0,115), (3,534), (1,18005), (2,5175), (1,18007), (1,600), (5,476), (0,6777), (1,92), (1,2140), (4,8192), (1,16990), (5,5091), (5,2535), (2,6724), (3,551), (3,2087), (2,1608), (5,5613), (1,14953), (1,106), (0,8329), (1,7787), (3,1070), (5,3057), (2,1616), (1,5231), (1,17519), (1,12913), (2,1108), (0,6802), (5,4088), (1,6260), (0,5782), (5,7676), (2,6235), (1,15482), (1,1659), (2,4700), (1,12923), (1,2175), (3,2626), (4,5155), (0,6303), (1,1665), (4,4134), (5,1545), (1,6278), (1,7303), (2,1641), (2,1643), (0,3753), (1,10890), (1,6796), (5,3091), (5,3092), (0,6831), (4,6196), (1,2195), (1,12948), (5,7707), (5,3100), (1,10906), (4,5182), (1,17563), (1,16028), (1,10399), (2,7297), (0,8384), (0,195), (2,6279), (1,16551), (2,1162), (2,3210), (1,15533), (1,18605), (3,2674), (1,1713), (1,3249), (0,5842), (1,16055), (1,16056), (2,1182), (5,2114), (1,8382), (1,1215), (5,1091), (1,2752), (4,2661), (1,6850), (3,1157), (3,646), (5,1608), (4,104), (5,7753), (5,7754), (1,3272), (5,5196), (5,6733), (0,7400), (4,110), (1,12493), (1,206), (0,5869), (5,3668), (1,17104), (3,1171), (4,117), (1,7891), (0,8946), (2,1717), (3,2710), (1,14548), (5,90), (1,9942), (1,13526), (0,8951), (2,6330), (4,125), (2,6331), (0,250), (2,6332), (5,5730), (1,4320), (5,5222), (2,7364), (1,8419), (3,2216), (1,10983), (4,139), (1,10473), (0,5385), (1,3308), (1,9456), (1,15600), (1,16624), (3,2739), (1,10993), (3,1204), (2,6870), (2,1755), (3,190), (5,1152), (1,7423), (2,5857), (1,11520), (0,804), (1,9993), (1,5899), (4,4271), (1,13069), (5,5266), (1,12560), (1,14097), (3,1237), (1,1814), (2,2296), (1,14103), (1,16663), (1,1817), (1,7449), (2,1279), (1,1822), (0,7489), (5,3239), (4,201), (4,3786), (5,4267), (5,6827), (5,5804), (3,237), (1,14124), (1,13101), (5,2738), (1,18222), (5,1716), (5,3252), (3,249), (2,4890), (1,1851), (2,7964), (1,17211), (3,1278), (3,2815), (5,3265), (4,225), (4,227), (3,260), (5,711), (0,7522), (5,1225), (1,12618), (3,269), (1,3915), (1,17227), (3,1295), (5,4817), (1,6989), (2,5423), (5,5333), (5,5334), (3,2837), (1,12115), (2,823), (2,7482), (5,1758), (2,316), (5,2271), (1,2396), (1,18268), (3,1823), (1,18269), (3,2849), (2,3907), (1,9575), (2,4426), (0,7561), (1,1899), (4,3343), (4,4367), (1,12141), (3,1328), (5,6904), (1,10612), (0,916), (2,3414), (5,4348), (3,1340), (5,3841), (0,6556), (1,13185), (5,2311), (1,18820), (1,7559), (5,4370), (2,7538), (5,790), (0,6577), (1,15762), (1,9621), (1,4502), (5,6940), (1,2969), (3,862), (5,3872), (5,1313), (3,355), (3,1891), (1,14242), (3,1895), (1,944), (5,1845), (5,2871), (3,886), (2,7574), (1,4534), (5,315), (2,2456), (5,7483), (2,3993), (1,11192), (1,17336), (3,382), (2,925), (1,13245), (5,7490), (5,5957), (5,2888), (2,5031), (1,5063), (5,6477), (1,7625), (1,9162), (1,971), (1,9675), (1,13264), (5,342), (5,4952), (1,12244), (1,8664), (0,505), (2,6075), (5,5473), (0,9213), (1,7649), (1,3042), (5,4459), (3,426), (1,13288), (0,13320), (1,10737), (1,4082), (1,14322), (5,5495), (5,2938), (3,1978), (1,3577), (0,9240), (1,2555), (0,539), (5,3968), (5,4995), (3,450), (5,3460), (5,2952), (1,14342), (1,10759), (4,1454), (1,11788), (5,1425), (1,7181), (4,7092), (1,11281), (1,18450), (3,1496), (5,1434), (5,3484), (3,987), (5,5533), (1,8217), (1,13342)
armoniosamente	(5,5734)
erogado	(3,2207)
filisteos	(2,258)
encontraron	(5,1190), (2,4645), (3,713), (2,1960), (3,715), (0,778), (0,427), (1,9004), (1,10957), (4,7921), (3,1492), (3,2327), (1,3957), (4,8859), (5,3523)
causaban	(1,14345), (1,3181)
matarme	(1,8817), (1,17317), (1,8760), (2,3530), (2,4832)
varonil	(5,5742), (5,4127)
juro	(1,7141), (2,5161), (5,2829), (1,10089), (1,18442), (1,10094), (0,5518), (1,13455), (2,7507), (1,5875), (4,5913), (1,1111), (4,2714), (1,10267), (1,11965), (2,1407), (2,192), (0,2142), (0,2206), (4,6562)
mercadantes	(4,5482), (4,562)
preocupaciones	(5,3717), (5,6965), (5,4215), (5,7826)
septem	(4,4993)
lagrimas	(1,6432), (5,1064), (1,4389), (1,17450), (1,15276), (1,15279), (1,5554), (1,7346), (1,3507), (1,14003), (1,3764), (1,8884), (1,3382), (5,2875), (1,2492), (1,7228), (1,8892), (1,13116), (1,3389), (2,3743), (1,9534), (1,10815), (1,3649), (1,14657), (1,7234), (1,14660), (1,6214), (2,4265), (5,4175), (1,2510), (1,3278), (1,13136), (1,2513), (1,6865), (1,14164), (1,9303), (1,15577), (1,4570), (1,15578), (1,3036), (1,4445), (1,3166), (1,2527), (1,14563), (1,15332), (2,2886), (1,10599), (1,2537), (1,7019), (1,12523), (2,4558), (1,12781), (1,7150), (1,10606), (1,7154), (1,13043), (1,10485), (1,7414), (1,14839), (2,1498), (1,8958), (2,5856), (1,7167), (3,1987), (2,1383), (1,14215), (1,14219), (1,6413), (1,14862), (1,2831), (1,9103), (1,14224), (1,1809), (4,5044), (4,5045), (1,2580), (1,6425), (1,12442), (1,12826), (1,14106), (1,6428), (1,13468), (1,8861), (5,2722)
quitarme	(1,12720), (1,17777), (1,6200), (1,16840), (1,16409), (1,3324), (1,13245), (1,17790), (1,14879)
dominante	(5,1397), (3,559), (5,1745)
sacarse	(1,10824)
suplicote	(0,8627)
encontrarse	(5,5380), (4,101), (5,1753), (5,2139), (3,1514), (1,15130), (3,1421)
hope	(5,8950), (4,8982), (0,13796), (3,3098), (1,19051), (2,8127)
haberselas	(5,1857)
hornillos	(3,1114)
lamartine	(5,8389), (5,4394)
supuesto	(5,5333), (5,4984), (3,1655), (2,2488), (3,411), (3,2315), (5,6877), (5,6318), (5,6816)
fije	(1,17552)
litera	(1,12414)
fija	(1,18674), (5,1495), (0,11490), (2,8039), (5,4816), (0,11213)
derribole	(0,9970)
ponientecolec	(0,12030)
imaginario	(3,419), (5,7650)
aguardandola	(1,10180)
supuesta	(5,7892), (5,7642), (5,3758), (5,2848)
aguardandole	(1,5151)
pudieredes	(0,4783), (0,5056), (0,1233), (0,4963), (4,7320), (0,1734), (0,5030), (4,5628), (1,14506), (0,1915), (0,4971), (0,10750)
redactarla	(2,2282)
sacarte	(1,8506), (2,2733)
sone	(4,4356), (2,4276), (4,4361), (2,4280), (4,4351), (2,4271), (4,4354)
lunares	(2,4181)
sono	(4,6723), (4,6725), (4,8741), (4,5798), (4,8230), (4,4344), (1,11205), (1,18408), (4,8877)
catre	(5,2845), (5,4608)
ridicula	(2,7142), (2,7144), (2,506)
mataron	(0,9408), (0,6657), (0,8001), (0,7682), (0,8386), (0,6660), (0,8388), (0,7685), (0,8389), (0,9990), (0,8967), (0,7499), (0,9227), (3,431), (0,7826), (0,9234), (0,10330), (0,8862), (0,9439), (0,10407), (0,7208), (0,10408), (0,8425), (3,783), (3,339), (3,403), (1,16593), (0,6642), (0,7540), (0,8375), (0,9975), (0,9400), (4,7037), (0,8377), (0,7994), (0,8954), (0,9978), (0,7548), (0,9981), (3,2017)
medianisimos	(5,6963)
deseandola	(1,13721)
solicitaron	(1,13964)
fenix	(1,502), (2,5307)
martirizaron	(0,6626), (3,927)
mentecato	(1,18193), (1,11878)
procesadas	(5,3819)
marchita	(1,18732), (1,1022)
libras	(2,211), (0,8198), (0,2279), (3,862), (3,241)
ridiculo	(2,2162), (2,2089), (2,6876)
bobas	(4,6899), (4,2180), (4,2390), (1,710), (4,5978), (4,8058), (1,11515), (1,11517), (4,6561)
librar	(5,2478), (1,18895)
oisteis	(4,6143)
apareceran	(0,147)
clingman	(5,554)
disminuido	(4,8051), (5,2754)
sobresaltado	(1,4724), (1,18103), (1,2205)
estereotipia	(4,90)
letrados	(4,8851), (1,7186), (0,1346), (4,7718), (4,7705), (1,16888), (4,2172), (1,7916), (4,7713), (1,12206)
hora	(0,11583), (0,11585), (5,3242), (0,6986), (0,6732), (2,6672), (0,2896), (0,11349), (2,1309), (1,11068), (2,1566), (2,1567), (0,5471), (2,1572), (5,1997), (1,3145), (0,11375), (5,3285), (0,7025), (5,984), (4,1785), (2,6459), (1,9818), (5,991), (5,5599), (1,9821), (1,11362), (2,4421), (1,12900), (5,2540), (1,4713), (1,3434), (1,15978), (1,15723), (5,2800), (4,5136), (2,7758), (4,1041), (4,5905), (5,5362), (0,10637), (5,1780), (4,4883), (5,5108), (5,2809), (1,17526), (1,17015), (0,11415), (1,18301), (1,9856), (1,18817), (1,3458), (1,17539), (0,11427), (4,7720), (1,11911), (1,10889), (1,18569), (1,1162), (1,4748), (4,5168), (1,10125), (1,15502), (1,9359), (5,7445), (0,11185), (5,4119), (4,7225), (1,8854), (1,11159), (0,11190), (5,3357), (1,15258), (1,6046), (5,2851), (1,14495), (1,12450), (1,931), (1,12709), (5,3370), (4,2634), (2,1930), (2,3978), (5,562), (1,950), (1,16822), (0,10457), (0,13531), (4,2656), (2,7583), (1,12483), (1,10180), (5,7497), (5,5194), (2,6568), (0,8678), (5,2637), (5,7501), (1,714), (2,6315), (2,6571), (4,3950), (1,17611), (4,5999), (1,4813), (1,14798), (0,6128), (5,2134), (1,8663), (1,3802), (5,3937), (1,18397), (4,3714), (0,7168), (0,11523), (4,6281), (1,14056), (5,4464), (2,4046), (0,11277), (4,7058), (5,1398), (2,6869), (0,11540), (5,2682), (1,17400), (1,4091), (4,5024), (4,7328), (0,11550), (0,13086), (1,9216), (0,2336), (5,3973), (2,6114), (0,6176), (0,13088), (1,14341), (1,8456), (4,1966), (4,5806), (4,7086), (0,11307), (1,2582), (5,2462), (0,2873), (2,1532), (1,16156), (2,511), (2,1535), (1,14622)
intrepidos	(2,7701), (5,1282)
traxe	(4,7242), (4,8242)
gloria	(5,4647), (2,1031), (4,2890), (5,6443), (4,8396), (1,18476), (1,16818), (3,886), (2,2069), (0,1493), (5,5577), (0,5991), (1,18763), (4,2543), (5,6993), (1,13905), (5,4694), (0,121), (1,477), (5,5603), (5,356), (2,1091), (5,6247), (1,4068), (5,2155), (4,7178), (0,9357), (1,3952), (1,1009), (5,6007), (5,1656), (0,1556), (4,8344), (1,2294), (5,5627), (1,504), (1,2296), (1,1402), (4,6048), (1,17666), (0,2725), (0,9515), (2,7022), (0,3373), (1,9998), (5,5523), (1,532), (0,8629), (5,5537), (5,5665)
corrimientos	(1,10235)
imaginarla	(5,5510)
traxo	(0,7984), (4,2359), (0,6661), (4,2363), (4,2414), (4,2816)
testeros	(2,1978)
turcos	(1,2978), (1,6692), (1,6695), (1,6823), (1,7466), (1,6699), (1,4022), (1,4026), (1,4029), (1,4037), (1,4039), (1,4041), (1,3658), (1,3147), (1,4299), (4,7663), (1,4429), (1,4046), (1,3152), (1,3154), (1,4050), (1,6484), (1,3157), (1,3168), (1,3298), (1,6627), (1,6500), (1,3173), (1,6631), (1,3177), (1,6505), (4,1037), (1,6507), (1,6509), (1,6515), (1,3444), (1,7542), (1,4343), (1,3449), (1,3329), (1,3332), (1,3591), (1,7560), (1,7562), (1,6542), (1,3215), (1,3218), (1,3474), (1,3228), (1,2975)
buchanan	(5,2469), (5,2917), (5,2662), (5,1448), (5,1386), (5,2284), (5,3437), (5,1903), (5,1777), (5,2546), (5,3506), (5,1787), (5,2492), (5,2429), (5,2749), (5,8061), (5,1474), (5,2437), (5,2695), (5,2504), (5,3017), (5,1547), (5,2379), (5,3405), (5,2703), (5,2512), (5,2321), (5,3025), (5,1491), (5,2645), (5,3029), (5,2326), (5,2332), (5,2269), (5,3038), (5,3488), (5,1441), (5,1505), (5,8419)
abrace	(1,4682)
tartamudo	(1,164)
file	(0,13727), (0,13760), (4,8905), (1,19016), (4,8911), (4,8946), (5,8915), (2,22), (1,21), (3,3063), (4,27), (5,28), (3,28), (0,13721), (2,8092), (0,30)
hinco	(1,12810), (1,12780)
dificil	(2,1859), (5,4396), (3,247), (5,7802), (5,6651), (2,1946), (5,2301), (3,2939), (5,7422), (1,443), (3,1344), (5,5895), (5,7623), (5,1226), (3,2253), (5,7376), (5,2001), (2,7534), (2,6448), (2,5746), (1,16465), (5,1689), (2,3000), (5,5404), (2,7164)
bestido	(0,6589)
piamonte	(5,5700), (2,5236), (2,5557), (1,7767), (1,7769)
rectificar	(5,5860), (5,6228)
diferentes3	(5,311)
rectifican	(0,152)
alborotase	(1,5331)
llevola	(1,8869)
ordenarles	(0,5374)
quitarle	(5,2198), (3,1376), (3,1681), (1,6383)
indicaciones	(3,184)
llevole	(1,15765)
ofreciendote	(1,2945)
sometida	(5,4632), (5,6928)
fijo	(2,2946), (2,1383), (5,1994), (4,5897), (5,3856), (1,3853), (2,4307), (2,6325), (3,1207), (3,1271), (2,119), (0,11224), (1,18170)
crianza	(1,273), (0,8899), (1,18373), (1,16777), (2,3116), (1,9243), (1,4767)
incidente	(2,3505), (5,1323), (2,7455), (5,7874)
referendada	(4,3392)
aliando	(5,5032)
canoas	(0,6655), (0,6144), (0,6336), (0,6656), (0,10631), (0,7880), (0,10632), (0,6410), (0,7948), (0,6544), (0,7057), (0,6546), (0,9810), (3,2550), (0,6547), (0,6739), (0,7060), (0,6422), (0,7319), (0,6553), (0,6749), (0,7966), (0,10718), (0,3682), (0,3875), (0,7974), (0,13478), (0,6503), (3,1292), (0,6578), (0,6195), (3,1752), (0,3253), (0,6328), (0,6392), (0,6714), (0,8186), (0,6653), (0,8573), (0,6142)
mutua	(2,2138)
quitarla	(1,12997)
interrogacion	(4,48), (5,7666)
juzgandolas	(3,2166)
disminuida	(5,7108)
sometido	(2,1617), (5,5783), (5,4608)
adobare	(4,3548)
ineditas	(5,5729), (5,6003), (5,6195)
traye	(4,816)
palmadica	(4,5334)
sigame	(1,5707)
return	(2,8228), (1,19204), (2,8102), (4,9129), (0,13897), (5,9103), (0,13770), (1,19152), (3,3251), (1,19026), (4,9078), (2,8280), (5,9051), (5,8925), (4,8957), (3,3199), (0,13948), (3,3073)
hablaban	(0,7551), (2,7045), (1,16168), (3,2091), (1,9580), (1,16880), (1,16178), (1,16149), (1,16181), (1,16150), (3,154), (4,8669), (4,1055), (2,2431), (5,2723)
nuebas	(0,5616)
seate	(4,1422)
hurtada	(1,2412), (1,6078)
ofreciendose	(3,2921)
fremente	(5,6929)
fini	(0,28), (0,13725)
caton	(2,1712)
fine	(1,5592)
definitiva	(5,1191), (5,1961), (5,2635), (5,2002), (2,3119), (5,1043), (5,116), (5,310), (5,1782), (5,2939), (5,5054), (5,5794), (2,7103)
dexardes	(0,4684)
hurtado	(1,1824), (1,16930), (1,17299), (1,16404), (1,17303), (1,17912), (1,1979), (1,5055)
sometian	(5,3072)
fina	(0,8224), (5,1128), (4,4939), (2,5930), (3,1120), (2,2367), (1,18334)
imperecederas	(5,7365)
lozanas	(4,8284)
terciar	(5,1585)
sabado	(2,257), (0,11206), (0,6729), (4,6223), (4,5969), (0,7246), (0,11342), (4,5971), (0,10063), (4,5973), (0,9681), (0,7250), (0,10964), (1,5049), (0,11233), (0,11106), (0,2276), (0,5992), (0,5994), (4,2160), (0,2284), (0,9708), (1,8014), (4,2934), (1,18646), (0,10998), (4,6268), (0,11131), (0,8447), (0,11521), (0,9730), (0,11266), (0,643), (5,3945), (0,9604), (0,11018), (0,11402), (0,9868), (0,11276), (4,7314), (0,9749), (0,11158), (0,11542), (0,6052), (0,7460), (0,11046), (0,8487), (0,9639), (4,7725), (0,9897), (0,11183), (0,11313), (0,10932), (0,11189), (0,11191), (0,10041), (0,9659), (0,11069)
aquestos	(0,9912)
espanolizar	(3,2795)
crianse	(1,260)
lunario	(4,2479)
abolicionistas	(5,405), (5,2889), (5,559), (5,512), (5,1968), (5,2962), (5,595)
sufrido	(5,4680), (5,3355), (1,4089), (2,6058), (2,6207)
espirando	(1,7059), (1,11413)
navarrete	(0,13186), (0,516), (0,12904), (0,12909), (0,13325), (0,13136), (0,13201), (0,13329), (0,13234), (0,13266), (0,13395), (0,180), (0,12405), (0,13141), (0,13591), (0,13145), (0,13436)
quieromelo	(4,5957)
estrella	(0,11455), (0,11107), (2,3398), (1,6309), (1,3654), (5,7178), (0,11077), (1,3337), (0,11113), (5,7023), (0,11115), (0,11086), (2,3570), (1,9716), (2,6329), (4,637), (2,1243), (0,11034), (0,11098), (0,9851), (2,2015)
guilla	(1,17401)
definitivo	(5,229), (5,7559), (5,1833), (5,6475), (5,3183), (5,6783), (5,3232), (5,5121)
disponiendolo	(1,15122)
aborrecible	(2,1413)
camasia	(4,8085)
franqueza	(5,5608), (5,3833), (2,1015), (2,7240), (5,718), (5,7118), (2,2365), (2,7359)
librea	(4,4966), (4,5560), (4,7210)
filo	(1,2145), (1,18405), (2,7671), (1,105), (5,3005), (5,1280)
tactica	(5,2636), (5,2115)
acosto	(1,13010), (1,8455), (4,8239)
fill	(4,1059), (4,1076), (4,1064)
convertidas	(1,17682), (4,2929)
nescesidad	(4,2131), (0,2671), (0,8897), (0,7813), (0,9319), (0,9321), (0,7819), (0,8798)
piloto	(0,13247), (0,13632), (0,10817), (0,8386), (0,9538), (0,10822), (0,5960), (0,9544), (0,12104), (0,5961), (0,10826), (0,10827), (0,12108), (0,7757), (0,6095), (0,7760), (0,9552), (0,11601), (0,12113), (3,2165), (0,5970), (0,11346), (0,11602), (0,5972), (0,9557), (0,5974), (0,7894), (0,13398), (0,12119), (0,5976), (0,12120), (0,9561), (0,7899), (0,2270), (0,11614), (0,11615), (0,11363), (0,868), (0,10980), (0,7909), (0,13669), (0,7910), (0,7912), (0,11498), (0,11627), (0,13555), (0,11380), (0,11636), (0,7800), (3,798), (0,2171), (0,2173), (0,2174), (0,7550), (0,2175), (0,13441), (3,805), (0,13698), (0,10885), (0,13704), (0,11658), (0,11659), (0,6925), (0,6926), (0,13454), (0,11407), (0,11411), (0,11667), (0,13465), (0,10141), (0,9759), (0,11680), (0,10404), (0,294), (0,6567), (0,13351), (0,13608), (0,172), (0,6060), (0,1712), (0,2352), (0,10417), (0,2354), (0,8374), (0,6071), (0,13623), (0,10812), (0,1597), (0,7613), (0,12093), (0,12094)
fili	(1,7965)
solicitarla	(1,11216), (5,3030), (1,3886)
azotado	(1,1735)
astro	(5,354), (2,6751)
ritos	(3,2131), (3,1236), (5,5224), (2,1639), (2,1831), (2,4967), (0,8856), (2,4957)
sacaron	(1,9040), (1,9041), (4,7845), (3,501), (0,9976), (1,13849), (1,4026), (1,2748)
libren	(2,2090)
bendanao	(0,12921)
calderas	(4,3134)
suplicoos	(4,7131)
libres	(1,6626), (1,8675), (3,1641), (1,4584), (1,9385), (5,3822), (1,6635), (3,1646), (1,8492), (0,2893), (5,1463), (1,2675), (1,7223), (0,1239), (1,1595), (0,7579), (0,13341), (4,5283), (3,2693), (5,456), (5,717), (5,2831), (5,338), (5,1687), (5,1048), (5,3032), (3,2712), (5,3870), (5,6431), (1,6108), (5,417), (5,3617), (5,290)
adicion	(0,13592)
volubilidad	(5,6973)
azotada	(1,1116)
fundicion	(0,13051)
abrirse	(5,3493), (2,3139), (5,951), (5,1431), (5,4471)
trate	(0,3297), (1,13638), (0,1654), (1,18792), (2,7134), (4,2018)
quitaron	(1,8624), (1,5153), (0,6592), (3,1380), (1,7427), (1,17048), (5,5901), (1,13583)
encallar	(0,4918)
trata	(1,18148), (5,7785), (1,18149), (5,2412), (2,5322), (2,6860), (1,12651), (0,2124), (2,4750), (2,4751), (5,3763), (5,5431), (5,2169), (5,6905), (3,2811), (3,1408), (2,7393), (5,6917), (2,2211), (5,4870), (4,4902), (4,106), (1,395), (5,4815), (2,6444), (5,2960), (5,7826), (2,6577), (1,15380), (0,4727), (2,7481), (0,4792), (1,4636), (5,7777)
trato	(0,2624), (0,327), (0,4807), (3,235), (0,712), (4,8780), (0,9800), (2,4491), (0,715), (5,1714), (1,1839), (0,8783), (0,5712), (0,6608), (2,5651), (3,1909), (0,8914), (3,1400), (1,2744), (2,5659), (4,8290), (1,13636), (5,5962), (4,5610), (0,5734), (1,6602), (1,11850), (1,12234), (4,5614), (2,4141), (2,2865), (0,5750), (1,17240), (1,5465), (4,5885), (1,17242), (0,767), (1,9441), (2,5316), (5,6631), (4,3464), (0,4868), (5,2026), (4,5132), (1,11372), (1,4719), (1,1651), (4,3358), (3,1086), (1,7677), (3,1216), (1,4866), (2,4453), (1,9220), (1,3718), (2,5223), (1,1036), (1,4111), (0,2483), (4,313), (4,578)
solicitarme	(1,4051)
retrocedido	(5,7049)
coheche	(4,6663), (1,890), (1,891)
indujese	(3,923)
parescieren	(0,4760)
leerla	(2,3165)
relatores	(2,7720), (2,7736)
redactaron	(5,3061), (5,3896)
olvidaba	(2,726), (5,4537), (5,7059)
compacta	(5,1357), (5,690), (5,563)
alfilero	(4,455)
ambas	(5,5540), (0,6915), (1,17766), (5,171), (5,6253), (0,7560), (5,1775), (1,5419), (5,4788), (0,657), (2,1364), (5,5623), (2,5973), (5,2108), (5,8832), (5,1412), (5,6532), (0,5728), (0,11298), (5,648), (1,13766), (5,1547), (5,1997), (1,11401), (0,5036), (5,403), (0,2926), (2,7989), (5,2009), (1,9880), (2,253), (1,15645)
ambiciones	(2,1570), (2,7010), (5,2022), (2,6739), (5,366), (2,2140)
bandas	(5,3466), (2,5515)
soto	(3,2062)
retuvo	(4,8199)
rindiendosete	(1,5560)
imaginaria	(1,15347), (2,5548)
ocho	(5,420), (1,5921), (4,2245), (0,8001), (1,13091), (4,199), (1,11301), (2,2823), (0,11589), (1,1066), (5,943), (0,6218), (0,10314), (1,9772), (1,301), (0,3152), (0,10323), (4,728), (0,11349), (0,10843), (5,6338), (0,10845), (0,5726), (1,2368), (3,1283), (1,3137), (1,1346), (1,1095), (3,1289), (4,6890), (0,5735), (0,10855), (1,5963), (1,4431), (2,2865), (0,5743), (5,2773), (1,13393), (4,2293), (0,9842), (0,10354), (2,821), (1,15963), (3,1823), (1,1118), (5,7138), (0,10110), (0,7808), (0,9859), (1,5223), (0,11398), (4,1036), (2,4430), (1,6253), (0,10124), (0,11148), (0,11406), (4,8467), (1,4725), (0,10902), (1,1144), (4,6684), (1,14457), (0,9881), (1,6779), (0,9626), (1,1149), (0,9884), (0,413), (0,5792), (0,1444), (0,10660), (0,10662), (5,1804), (0,10666), (1,18319), (0,10160), (1,17041), (1,13714), (1,10901), (0,8374), (0,3255), (0,698), (0,8127), (0,704), (5,4135), (0,11458), (5,4397), (0,11464), (0,9929), (1,7596), (0,7627), (3,879), (1,7597), (1,18353), (4,5974), (1,11443), (1,14515), (5,312), (0,11736), (0,7385), (1,4027), (0,731), (0,11739), (5,3393), (1,4029), (1,8381), (5,6210), (1,8382), (5,4164), (0,7907), (1,9413), (1,4038), (3,1675), (5,6738), (1,12495), (0,10485), (1,17366), (2,1978), (0,11769), (2,1212), (4,8830), (0,7677), (4,6786), (1,7651), (4,2440), (4,2953), (0,3333), (0,11782), (5,3694), (0,13579), (4,5520), (0,11535), (1,13553), (5,3961), (4,7065), (0,10520), (4,6815), (0,8987), (5,6017), (3,1728), (0,10525), (1,767), (2,3041), (0,5921), (1,13314), (0,11554), (5,1674), (1,2567), (3,459), (0,11049), (1,1292), (0,10796), (0,4143), (2,2804), (0,10290), (0,10036), (0,11065)
fino	(3,1058), (1,5088), (2,646), (5,7849), (4,2217), (0,425), (2,3596), (3,307), (3,308), (2,3603), (1,18357), (5,989), (1,1689), (2,3198), (2,6686)
compacto	(5,1819), (5,286), (5,3055), (5,4656)
muchisima	(2,277), (2,7093)
retuve	(4,5405)
ambar	(1,8148), (1,18360), (1,3052), (1,5309), (1,4878)
adulteros	(1,10541)
trepar	(3,1471)
verdadjuan	(0,2215), (0,2153), (0,2060)
cohecho	(1,17121), (2,1752), (2,6856)
correctas	(5,6410)
sota	(4,7655)
muchisimo	(2,3633), (3,2611), (2,517), (2,2567), (5,5386), (5,6714), (2,3452), (5,6927), (2,7280)
quitaros	(1,12641), (1,15075), (4,7437)
albeitares	(4,7600)
parescieron	(0,8063), (0,6871)
proporcionaba	(3,1667), (2,4167)
sentida	(1,11492), (5,6075)
rociar	(2,5539)
calzada	(1,6080)
hubieranse	(0,554)
existiera	(2,7814), (2,7807)
cansaba	(1,15561), (5,4366), (1,10763), (1,10846)
suplicola	(4,590)
suplicole	(4,52), (4,3849), (4,509), (4,3442)
poblaciones	(3,2210), (3,1892), (3,1637), (3,2597), (3,2216), (3,2600), (3,2026), (3,2410), (0,6727), (3,1771), (0,8392), (3,748), (0,1418), (3,818), (3,2226), (3,1844), (3,1908), (3,695), (3,825), (3,1913), (3,2233), (3,186), (3,2810), (3,193), (3,1665), (3,131), (3,1862), (3,2375), (3,713), (3,1867), (3,2123), (3,2190), (3,2128), (0,4653), (3,2578), (3,2582), (0,1973), (3,729), (3,1690), (3,2267), (3,2140), (3,2396)
sentido	(1,17828), (5,7849), (1,13606), (5,4267), (0,13126), (1,17839), (5,1974), (0,2897), (1,4021), (1,17845), (2,4119), (1,17718), (5,6847), (5,7105), (3,128), (1,3266), (2,7331), (4,231), (5,4938), (1,9286), (1,2888), (1,17740), (1,11981), (5,3922), (5,3926), (5,471), (1,3027), (2,4662), (5,987), (5,1372), (2,6714), (1,13917), (0,10493), (5,2533), (5,7525), (2,1219), (5,2793), (5,879), (0,13322), (5,5232), (1,8814), (0,13197), (5,1395), (2,2130), (1,15474), (5,2679), (1,3958), (2,4951), (0,13590), (1,15226), (5,2303), (1,13819), (2,3809), (2,1378), (1,8707), (2,1639), (2,7787), (1,9868), (1,13068), (5,7699), (1,13206), (5,540), (1,10520), (2,4218), (1,17818), (2,5374)
susodichos	(0,1378), (5,6840)
viendote	(1,18114)
bellaquerias	(1,18623)
arrivareis	(0,2332)
atiesadas	(2,7337)
hechizados	(4,7837)
osado	(4,4467), (0,6354), (1,4328), (1,5564)
bandos	(1,1632), (2,212), (2,218), (5,1584), (1,15453)
hebra	(2,3865)
voluminosacuatro	(5,5331)
howe	(5,4475), (5,8333), (5,4450)
sustentarse	(0,4205)
neblies	(1,8056)
existiese	(5,4506), (3,45)
agonizante	(5,2842)
governasemos	(0,11394), (0,11379), (0,11291), (0,11355)
limitadas	(0,4467), (1,8535)
cercaula	(4,1103)
rogandoles	(1,13828)
preguntaban	(1,11970), (2,5861), (3,253), (1,9163), (1,17326)
proporcionada	(1,138)
abogacia	(5,3626), (5,2028)
anualmente	(3,1400)
contrapeso	(0,9920), (0,6722), (0,3875), (0,9918)
aquestas	(4,1266)
supervivencia	(5,4265)
acostarse	(2,3077), (1,13671)
dogmas	(3,2813)
logra	(0,159), (5,1214), (2,4667)
peste	(5,5812), (4,8131), (4,8132), (4,439), (4,5928), (4,2442), (4,8128), (4,8130)
ensenaremos	(4,8213)
honradas	(4,4211), (4,5580), (2,7514), (2,863)
hurtaba	(1,16934), (4,5658), (1,5610), (1,12301)
cadetes	(3,1709), (3,2144)
postizos	(1,11610)
modernos	(5,2820), (3,723), (1,8129), (2,37), (3,699), (5,735), (1,5355), (2,5246), (2,95), (5,6578)
cualquier	(2,5378), (2,7430), (4,7117), (2,6413), (2,1553), (5,7476), (5,2229), (2,1684), (1,12212), (2,7318), (1,18363), (1,14525), (2,3492), (1,11459), (1,12483), (4,5738), (1,11463), (2,6442), (2,2476), (2,7212), (2,1712), (4,6389), (1,8786), (1,15954), (4,8572), (0,13050), (5,5344), (2,2880), (5,2660), (1,14944), (1,9698), (1,9828), (0,2948), (2,6470), (0,4495), (4,2069), (4,7578), (2,7386), (4,5922), (4,3363), (5,1669), (5,2181), (2,356), (2,8037), (1,4357), (0,172), (1,14991), (0,815), (2,626), (1,1041), (0,822), (3,988), (2,1019), (2,3452)
naturalezas	(0,2587), (5,1425)
quantas	(0,11423), (0,6098), (0,2693), (0,2939)
accordance	(2,8306), (3,3204), (5,9129), (1,19157), (0,13974), (2,8233), (4,9083), (3,3277), (5,9056), (4,9153), (1,19230), (0,13902)
desenvarcare	(0,5377)
sastre	(1,16871), (2,298), (1,8330), (1,5931), (2,7693), (1,4653), (1,4717), (1,8335), (2,1555), (1,8342), (2,281), (4,7995), (1,9496), (4,8863), (2,318), (2,608)
agrestes	(3,2898)
adhesion	(5,3012), (5,4278), (5,407), (2,1241)
osada	(4,7668), (5,2396)
acogiendose	(1,9673)
hoyo	(1,736), (1,739), (1,744), (1,745)
people	(2,8321), (5,8933), (4,8965), (3,3367), (0,13989), (3,3081), (4,9258), (2,8396), (2,8110), (1,19245), (4,9169), (5,9144), (0,13779), (5,7321), (1,19320), (3,3292), (1,19034), (0,14076), (5,8323), (5,9219)
halagando	(5,2090)
cizana	(2,369)
peninsula	(3,1282), (2,5250), (3,1270), (5,2601), (5,3673), (5,6650), (3,1275), (5,6528)
quitasen	(1,15635), (1,13912), (1,12638)
simon	(5,6294), (5,362), (5,2369)
aquietar	(5,1527), (5,1960), (5,2285)
integra	(0,530)
viendose	(1,3328), (1,8640), (1,9380), (1,12197), (1,14341), (1,9417), (1,2602), (1,8619), (3,2254), (4,656), (1,2961), (1,4052), (4,633), (3,2712), (1,18838), (2,3256), (1,7223), (1,18842), (1,5723), (1,7867), (1,3165)
fish	(5,5931), (5,8219), (5,5933)
calzado	(4,3610)
egemplares	(3,2212)
integro	(5,2677), (5,7141), (5,1624), (3,2364), (5,7150), (0,634)
lincoln75	(5,7213)
proposicion	(2,225), (2,2084), (5,3911), (2,2309), (5,2674), (2,2097), (2,2259), (2,2325), (5,2681), (5,1086), (5,4222), (2,2110), (5,2626)
presumiese	(1,4681)
unquam	(4,6608)
consiga	(0,3119), (0,9320)
viendoos	(4,7075)
designios	(1,496), (5,1749), (1,2179), (2,997), (5,1388), (1,7180), (2,6016), (1,11919)
estremeciose	(2,7931)
precipicio	(5,5465)
ineditos	(0,64), (0,128), (0,1), (5,6183), (0,54), (0,11), (5,4769)
colocacion	(2,2600)
portugueses47	(0,3050)
aceptaron	(5,2368)
repite	(2,392), (2,4712), (5,7198), (3,2094)
glosar	(4,8365)
pretendemos	(5,2197)
acostarme	(1,7504)
pagadores	(1,7722)
repita	(2,2170)
probabilidades	(2,2869), (5,267), (5,3217)
plaziendo	(0,5861)
comedores	(0,5185)
tablas	(1,8840), (4,7758), (0,9932)
batallon	(2,1185), (2,5106), (2,5108), (1,398), (2,1200)
felipe	(0,10817), (0,13121), (1,9507), (3,809), (0,5959), (0,11657), (2,1868), (5,7600), (0,6156), (0,9996), (0,10830), (5,5749), (0,12114), (0,11604), (0,13397), (0,9558), (2,6042), (0,9497), (0,10137), (0,5530), (0,12122), (1,9405), (0,11612), (0,4258), (5,8199), (1,9603), (1,9412), (3,711), (5,8201), (5,8203), (0,5673), (0,12265), (2,4141), (0,12267), (5,6610), (3,2705), (5,6612), (3,916), (5,5784), (0,12467), (0,12020), (3,985), (5,7580), (0,12093)
tardado	(1,1973), (4,7378)
logro	(5,2932), (5,2438), (5,232), (3,2168), (5,7482), (5,2939), (3,2682), (5,2205), (3,1372), (5,4286), (5,5056), (3,1263)
uvas	(4,5252), (4,438), (4,4870), (1,1612)
perdonado	(4,5341), (1,16749)
casasfuertes	(2,4965)
repito	(2,3493), (2,6997), (2,6902), (2,503), (2,2841), (2,4585), (2,2637), (2,5136)
criollos	(5,6839)
proporcionado	(1,6673), (2,1225)
franquear	(3,2610)
heroicocomico	(5,6474)
falucas	(1,7523), (1,7534)
conflict	(5,7976), (5,412), (5,2444)
simil	(5,636), (5,6353)
simiente	(4,2925), (4,3312)
alabastro	(1,16261), (1,6427), (1,3021), (1,11247)
fixa	(0,9592)
regir	(5,660), (0,1862), (2,796), (2,685)
salzedo	(0,11665), (0,11625), (0,11613)
derivative	(4,8995), (5,8964), (3,3046), (0,13795), (3,3112), (2,8075), (1,19050), (2,8141), (4,8980), (5,8949), (0,13745), (0,13810), (3,3097), (1,18999), (1,19065), (2,8126), (4,8929), (5,8898)
calzaba	(1,8347)
inspeccionar	(3,2359)
perfectisimo	(4,6275)
coplica	(4,4305)
desenmascarado	(2,2256)
honradez	(2,7027), (2,7028), (2,2181), (5,5595), (5,1629), (2,4570), (2,7514), (5,976)
fixo	(0,12886)
camarilla	(2,114), (2,6325), (2,438), (2,7063), (2,6648), (2,6680), (2,6316), (2,688), (2,6672)
repeticion	(5,6412), (5,2911)
regia	(5,4614)
perdonaba	(1,7317), (0,8874), (1,2623)
acostaron	(1,11899)
informarse	(1,1158), (1,1255), (1,1097), (0,7196), (1,9485)
xlcomo	(4,8769)
resignada	(5,2245), (5,4517), (5,1050), (5,6397)
agitabase	(2,7276)
ofusca	(3,208)
tardaba	(0,8927), (1,3314), (1,18580), (1,5094)
bestias	(4,7077), (4,7718), (4,2088), (1,17803), (1,11949), (4,1106), (4,6934), (1,5044), (1,1623), (1,17495), (1,17498), (5,545), (4,7584), (1,17918)
calumniosa	(2,1860)
torneses	(4,4575)
anegavamos	(0,10465)
resignado	(5,3319)
bestiam	(4,343)
consigo	(1,13601), (1,15905), (4,8138), (0,5960), (0,7241), (5,6319), (1,5295), (1,5814), (2,3993), (1,12856), (1,9404), (0,5213), (1,15039), (1,4160), (1,1222), (1,3274), (1,4171), (1,17355), (1,3918), (1,4174), (1,2774), (1,8665), (1,7642), (1,18012), (2,958), (1,4191), (1,4197), (1,8296), (0,7948), (1,7663), (3,2869), (1,12659), (5,5880), (4,1048), (1,4346), (1,3835), (1,13307), (1,9468), (1,12925), (5,5762), (1,13567), (1,6784), (1,15745), (1,12677), (4,556), (0,6569), (1,10762), (5,7440), (4,816), (1,18320), (1,7698), (1,3992), (0,12093)
bestial	(2,5027), (2,7236)
inventariase	(0,7379)
fundamento	(0,799), (3,2818), (3,2180), (1,2179), (3,2952), (5,1135), (1,5233), (0,786), (3,1686), (5,3485), (1,16634), (0,796), (3,2176), (5,7043)
fize	(0,3042), (0,11381)
estrechos	(1,15591)
arranco	(1,2449), (0,9076), (5,879), (5,2209)
quedadose	(0,8974)
traes	(4,2691), (2,3011), (4,2232), (2,3350), (4,5865), (4,7385), (2,1816), (4,2395), (4,2012), (4,1182), (4,2783), (4,7072)
favorito	(5,6918), (5,4417)
guisallo	(1,4854)
traer	(4,3653), (1,15138), (1,13990), (1,14886), (1,1447), (0,8775), (5,5553), (2,5903), (4,2004), (1,11315), (4,7513), (0,7125), (0,2646), (3,1658), (1,6585), (1,5439), (1,11327), (0,8671), (1,12865), (1,4804), (1,9804), (1,14669), (5,2386), (4,5747), (2,2745), (1,17880), (0,5624), (5,5854), (0,3194), (4,5630), (1,18012), (5,993), (0,9470), (1,9825), (4,5765), (1,12386), (0,10242), (2,5701), (1,18020), (4,5768), (1,9575), (0,10246), (1,3688), (0,7946), (1,16363), (0,4619), (0,10635), (0,3086), (1,7536), (1,15218), (4,2326), (1,9587), (0,4505), (0,6426), (1,2048), (4,295), (0,8227), (5,7054), (4,5551), (4,7734), (1,10004), (2,7547), (1,13851), (1,15389)
patrona	(4,7798), (4,1047), (1,300)
pullesas	(4,3015)
conyuntura	(0,8068)
aconteciese	(0,2915)
labradora	(1,15620), (1,11029), (1,12517), (1,12853), (1,15674), (1,15628), (1,12526)
adelantose	(1,15243), (1,15339), (1,15549)
arranca	(5,6566), (5,3119), (5,6447)
distancias	(0,13670), (3,2608)
disimularlas	(1,6413)
fizo	(0,9443), (0,2853), (0,2428), (0,11933)
pastelera	(4,3461), (4,3344)
procer	(2,1190), (2,3846), (2,1240)
soplones	(2,5513)
traen	(1,2912), (0,3903), (0,6722), (1,6373), (4,3593), (0,9925), (0,1735), (4,7373), (3,2865), (4,3859), (0,7444), (1,2935), (4,5978), (3,1338), (3,2115), (1,15745), (0,3875), (0,3876), (0,7652), (0,7655), (0,7593), (0,7657), (0,7594), (0,8618), (1,17355), (2,4718), (0,7662), (4,6195), (0,6961), (0,10100), (0,7605), (1,18646), (1,8665), (1,2909), (0,6398)
lejanos	(5,5207), (5,2731)
explotando	(3,1150)
otorgarle	(5,585)
cuerpos	(1,8551), (2,4969), (1,7785), (1,14217), (1,16267), (1,2700), (0,9963), (1,2701), (5,467), (1,1618), (0,2929), (5,6423), (5,1881), (4,8442), (1,11095), (2,4985), (0,6396), (4,2530)
albeitar	(4,7940)
jovellanos	(5,4778), (5,4779), (5,8369)
estubiesen	(0,6495), (0,8406), (0,7405), (0,7998), (0,8478)
suministraba	(2,5038)
deploro	(2,1067)
traga	(4,885), (1,12632), (4,4604), (2,7488)
curtido	(1,1617), (2,2670)
guilliches	(3,1333), (3,1801), (3,1211), (3,2412)
reposada	(4,8295), (2,3224), (4,6926), (1,3117)
cauda	(5,6823)
desembanastaronle	(1,8044)
coronista	(4,294)
natal	(2,1079), (5,4778), (5,1451), (2,5145), (2,970), (5,6029)
seais	(4,452), (2,5154), (0,1062), (4,2506), (0,1321), (0,4649), (4,750), (4,1968), (1,15790), (4,4179), (1,13456), (0,1105), (4,1845), (4,3254), (5,3545), (0,1110), (4,3322), (0,280), (0,1529), (4,1278), (4,3903), (1,14428), (0,10748)
impetu	(4,6788), (2,2936), (1,8823), (1,8825)
nimiedad	(2,7289)
rencor	(1,4336), (5,7388), (3,2683), (3,2880)
spain	(5,8501), (2,20), (5,7100)
almadraba	(1,11149), (1,11134)
dormis	(4,2886), (1,9768), (1,13178)
reposado	(5,4323)
dechados	(4,3382), (4,2375)
diletto	(1,16076)
herreria	(1,14390), (1,4343)
clemencia	(0,8068), (1,6199), (1,2878)
de99	(0,9524)
enviandole	(1,1154), (3,603)
enviandola	(1,7029), (3,616)
arrimabame	(1,16645)
sarangan	(0,771), (0,212), (0,452), (0,488)
trage	(3,2388), (3,777)
dormid	(1,1893), (1,13192)
dormir	(4,4739), (4,1284), (2,2435), (0,2306), (4,2889), (1,18406), (4,1866), (2,5384), (0,8969), (1,11372), (1,18732), (4,1873), (0,8974), (4,1747), (2,7570), (1,13681), (2,5651), (1,10804), (4,1881), (2,6104), (1,10487), (4,6108), (1,12986), (4,1758), (4,1887), (1,15421), (4,1762), (4,6756), (1,11138), (4,6246), (4,7078), (1,9987), (4,8682), (1,16327), (4,4846), (4,4847), (4,3184), (1,8592), (1,7506), (0,9009), (4,8058), (0,6711), (2,3902), (4,6400)
dormio	(4,4108)
paquino	(1,4399)
candelero	(1,12368), (1,12373), (1,11030)
pleito	(0,351), (5,1508), (4,782), (0,2090), (5,1587), (1,2543), (4,8210), (0,305), (5,1563), (0,2038), (1,2521), (4,383), (1,8413), (1,8511)
trago	(1,12978), (2,6414)
reducen	(4,157), (2,1724)
ahuja	(0,9894), (0,9592), (0,12104), (0,10057)
gayangos	(4,131), (5,8244), (4,116), (4,246), (5,7705), (5,7865), (4,250), (5,7694), (5,7791)
chiquiznaque	(1,5826), (1,6052), (1,5701), (1,5862), (1,5831), (1,5800), (1,5705), (1,5898), (1,5645), (1,5869), (1,5841), (1,5876), (1,5685), (1,5814), (1,5910), (1,5367), (1,5722), (1,5693), (1,5886), (1,5823)
dormia	(1,16928), (1,10212), (1,10411), (1,10412), (0,8976), (1,10482), (1,10548), (1,10425), (1,16571), (1,7932), (1,10492), (1,11452), (1,12990), (4,5796), (4,6822), (1,10500), (1,9607), (1,10765), (2,2929), (1,13009), (1,10130), (1,9428), (1,10520), (1,13016), (1,16669)
sobreseera	(2,4626)
aprisco	(2,5713), (1,16592)
durmiose	(1,7504)
traia	(0,7495), (0,10567), (0,7496), (5,5038), (0,11593), (1,15660), (2,7951), (5,3253), (1,13361), (4,6104), (0,7253), (0,11093), (1,15671), (1,15160), (0,8536), (1,17213), (0,8029), (4,5608), (1,17483), (4,1519), (0,5996), (1,13390), (5,3286), (1,12373), (1,4694), (0,11381), (0,11637), (1,4955), (0,7549), (1,6752), (0,7807), (1,14688), (1,609), (0,7554), (1,12902), (0,9607), (0,7048), (1,15470), (0,10383), (1,14448), (0,10384), (1,7539), (1,2166), (1,18550), (1,7800), (0,11161), (0,10395), (1,7551), (1,12415), (0,8867), (2,3181), (1,8591), (0,6320), (1,9107), (1,3484), (4,1857), (1,3486), (1,8353), (1,10148), (4,4425), (1,3495), (4,8778), (4,6990), (1,18347), (1,940), (2,654), (1,14513), (1,4787), (1,16051), (1,6324), (1,11446), (1,9655), (1,13751), (1,8888), (1,12984), (0,7131), (0,6371), (0,10982), (1,12237), (4,4469), (0,10993), (0,10482), (0,11510), (1,16600), (1,14554), (1,5852), (1,14556), (0,11516), (1,10209), (1,13284), (4,8075), (3,427), (1,7401), (0,8462), (1,14319), (1,15856), (1,18929), (1,11250), (1,11252), (0,11540), (1,5368), (1,8444), (1,4605), (1,8446), (1,4607), (0,6943), (4,8868), (1,2568), (1,5132), (1,5133), (1,5902), (1,13583), (0,8495), (1,3604), (1,9236), (1,6940)
aferrado	(5,7760)
sitiados	(3,1222)
de88	(0,8154)
informaron	(3,1350)
egipciaco	(4,7598)
informaros	(0,5008), (1,980), (0,4723), (0,4740), (0,2366)
insistia	(1,17152)
trahe	(0,5373)
cannot	(0,14048), (1,19297), (2,8260), (5,9191), (0,14053), (5,9196), (3,3339), (4,9228), (0,13928), (1,19275), (3,3344), (4,9233), (2,8368), (0,14031), (1,19184), (4,9108), (5,9174), (2,8373), (5,9083), (3,3322), (4,9211), (1,19292), (3,3231), (2,8351)
electricidad	(5,863)
regla	(5,4824), (0,2628), (4,8155), (5,4078)
sacaren	(0,9127)
perplejas	(1,6840)
valiosos	(5,6190)
transcurrido	(5,5069), (5,2302), (2,5213)
herreros	(0,3796), (0,3725)
deseoestancia	(3,891)
deparo	(1,17056), (1,18887), (1,16428), (1,6687)
demandandoles	(4,5675)
christianamente	(0,4561)
depare	(1,12623)
partieron	(1,13714), (4,6344), (0,7301), (4,8811), (0,8347), (1,14236)
ambos	(5,1189), (5,5675), (0,8134), (0,8136), (0,11848), (5,5295), (5,435), (5,692), (0,13393), (0,2644), (0,6484), (0,7764), (5,570), (0,6485), (0,7509), (2,2849), (3,260), (5,326), (1,3781), (2,1959), (1,3782), (2,7594), (0,7529), (5,466), (0,7795), (1,10836), (5,2138), (0,10104), (5,479), (5,5601), (2,5823), (0,5501), (0,896), (5,7782), (0,10754), (3,1450), (3,300), (1,4843), (1,3565), (1,9198), (1,4601), (5,3074), (5,268), (5,2319), (5,5523), (5,6679), (3,1238), (5,6169), (2,7543), (1,2071), (5,5917), (0,9912), (0,13240), (1,14875)
platicos	(1,18329)
sibaritismo	(2,1797)
clavadas	(2,5585)
primarias	(5,3705)
tovieron	(0,7968), (0,8434)
procaz	(2,5953), (2,2382)
luzon	(0,7663), (0,12704), (0,8178), (0,7655), (0,7658), (0,9419), (0,7661)
informarle	(0,8164)
ambon	(0,13123), (0,518), (0,12555)
despide	(4,8707), (4,6124), (1,1419), (4,3102), (4,8802)
embrutecimiento	(2,3658)
mataras	(1,1924)
hipocondria	(2,2445)
admirasen	(2,5747)
traigais	(4,2663), (0,10755), (4,4856)
fabio	(1,15680), (1,15604), (1,15573), (1,15223), (1,15224), (1,15321), (1,15689), (1,15482), (1,14349), (1,15565), (1,15567)
preconizadas	(5,1527)
trabo	(1,10837), (1,4462)
liciones	(1,5233), (1,16823), (1,1720)
christo	(5,2884)
christi	(0,10979)
traba	(5,507)
iniciador	(0,238)
despojaron	(1,7534)
encorozar	(4,3480)
franqueis	(0,13041)
desarrollo	(5,140), (5,3708), (5,4285), (5,5375), (5,4256), (2,1198), (5,6433), (5,114), (5,3282)
osara	(4,840), (4,7532), (5,226)
sainthilaire	(5,6526)
bobos	(2,1906), (2,6405), (4,5784), (4,5376)
sacarades	(4,5470)
acaudillados	(5,245)
cansada	(4,7779), (1,17477), (4,1897), (4,8011), (4,2670), (1,3213), (4,2612), (4,5972), (4,5462), (1,12723), (4,729), (1,13814), (1,376)
sentira	(4,5667), (2,1560)
statements	(1,19298), (2,8374), (0,14054), (5,9197), (3,3345), (4,9234)
pusiesemos	(1,10238)
repente	(2,433), (2,7922), (2,5044), (2,4901), (2,4949), (1,4229), (1,12309), (0,10134), (2,4154), (2,1340), (4,8238)
sentire	(2,2381), (2,5902), (2,3039)
alianza	(5,1031), (2,5574), (2,5512), (5,5579), (2,778), (2,2794), (5,1839), (5,5551), (5,691), (2,4952), (2,665), (2,5658), (5,609), (2,5536)
momento	(1,3744), (1,15392), (1,13986), (5,4392), (0,8389), (2,904), (2,2953), (5,2476), (2,2698), (5,5806), (2,6923), (2,1165), (0,461), (2,5777), (2,7570), (1,8757), (5,954), (2,6552), (2,7960), (2,5786), (2,7966), (5,834), (5,1730), (5,2114), (2,1184), (2,1192), (2,1194), (1,7881), (2,1197), (1,8268), (5,7250), (1,16975), (1,15568), (5,3157), (2,4274), (1,8147), (5,2392), (1,16981), (5,350), (1,10586), (0,8954), (2,4797), (2,5949), (1,4190), (2,320), (2,5184), (5,3300), (5,4325), (2,195), (2,835), (2,7747), (2,8004), (2,2887), (2,585), (1,2152), (5,2413), (5,5613), (2,5964), (0,7946), (2,2509), (5,3440), (5,1777), (2,4174), (1,12654), (1,2544), (2,2514), (2,4180), (5,6391), (1,13685), (5,4604), (2,1885), (0,157), (2,7519), (1,5380), (5,5512), (2,4712), (5,5517), (1,9993), (1,12426), (5,2451), (5,7059), (5,4632), (1,4501), (2,4600), (1,15896), (1,1050), (5,7455), (2,1023), (2,7679)
rumbos	(0,11552), (0,13685), (0,11398), (5,2140), (0,11079), (5,5070), (0,6011), (0,11148), (5,2866)
guardamos	(2,5366), (1,1594)
caracteriza	(2,7006)
promovedor	(0,13624)
danza	(1,307), (1,310), (1,11382), (1,5783), (2,4157), (1,301), (1,18511)
clubs	(2,5425), (2,6113), (2,4386), (2,4151), (2,6249), (2,4378), (2,1740), (2,4350), (2,6478), (2,1567)
cauce	(5,4906), (5,3932)
solicitare	(4,8266)
desbolsar	(4,2228)
escondimos	(4,4882)
mediterraneo	(2,5254), (1,6453)
sacaran	(4,5670), (1,16963), (1,11865)
cansados	(3,742), (1,3301), (3,1755), (5,3245), (1,3356), (2,5232)
continuandola	(0,12915), (0,13155)
ataviada	(2,5789)
mataren	(0,1376)
angostura	(3,2020)
calderon	(5,6540), (5,8077)
pague	(3,2978), (4,4867), (2,7202), (4,5031), (2,7205), (4,4108), (1,13969), (0,1393), (1,563), (4,2582), (0,1459), (1,5878), (4,2748), (0,1404), (4,8065)
asombrara	(2,7151)
reposaba	(1,14852)
garrulamente	(2,2004)
ironica	(2,4474)
cansado	(1,17312), (1,11393), (1,16577), (4,5733), (1,8826)
pulida	(1,18481), (1,18634)
