dalles	(0,1745), (0,8419), (0,2391), (0,8872), (0,10762)
enemistarme	(2,7355)
felice	(1,6404), (0,5829), (1,13702), (1,7657), (1,15600), (4,7159), (0,4086), (4,5851), (1,155), (1,475), (1,1628), (4,6208), (1,16830)
pasteleros	(2,4714), (1,8379)
permitian	(1,4547), (5,5187)
traigame	(1,18698)
victor	(2,417), (5,4841), (5,4983), (1,1751), (5,3740), (5,5020), (5,6429), (1,1147), (5,4832), (5,6272), (5,6432), (5,4321), (5,2883)
escupiendo	(1,11638)
mantenerse	(2,6674), (5,856), (2,5511), (5,317), (3,1947), (5,7806), (5,257), (3,160), (4,4737)
quedando	(3,1252), (4,390), (5,5799), (5,5927), (0,9412), (0,10245), (3,2414), (5,5043), (1,10614), (1,10104), (1,9661), (1,18365), (0,862), (1,3841), (0,5344), (1,14978), (1,17091), (1,17669), (1,4166), (0,8173), (1,720), (1,10003), (1,7768), (5,2397), (0,1405), (3,2784), (1,6687)
rieronse	(1,5685)
baltasar	(5,8009), (5,7169)
molesto	(2,1670), (3,1163)
ultimo	(0,3907), (5,4136), (5,2473), (5,5421), (3,1261), (0,3914), (0,3915), (0,5707), (4,7890), (1,10673), (5,3256), (1,697), (1,8891), (1,10812), (1,6589), (5,6467), (5,5060), (1,4674), (1,17476), (0,614), (1,7495), (0,8550), (2,1579), (5,335), (5,4048), (5,3540), (0,8560), (5,5590), (2,7860), (0,628), (0,756), (4,3064), (3,2840), (2,6199), (5,6618), (5,2784), (2,3007), (2,5568), (1,14177), (5,2406), (5,4199), (5,2664), (5,5609), (5,6635), (5,2674), (1,15214), (5,372), (3,1842), (1,6898), (2,7765), (5,2041), (3,1975), (5,3197), (5,3974), (2,2020), (2,4196), (2,2149), (0,13222), (5,3596), (1,12298), (5,7696), (1,16271), (2,2931), (5,4375), (5,2592), (5,6563)
maestros	(2,2370), (5,5029), (4,6788), (2,1540), (1,14182), (0,1096), (2,6666), (5,4079), (3,2670), (1,8428), (1,16821), (5,4797), (2,2780), (2,2397), (4,5800), (1,713), (1,16782), (1,1807), (2,369), (1,8016), (2,2424), (2,2488), (2,5245), (0,1086), (2,1536)
almuerzo	(1,5476), (1,5588), (1,13273)
arrancan	(5,7676)
arrancar	(5,2520), (1,13624), (5,5789), (5,1184)
solicitada	(5,5579)
niagara	(5,7207), (5,7200), (5,7203)
repelian	(5,5547)
ultima	(1,6370), (5,1640), (1,13925), (5,3242), (5,7338), (3,1257), (1,3175), (5,1780), (4,8276), (5,7671), (5,5944), (2,1368), (2,3288), (0,6616), (0,6680), (2,1692), (5,2687), (5,5825), (5,835), (5,2629), (4,229), (5,3911), (1,17539), (5,5961), (2,6822), (5,7497), (5,1359), (5,5329), (5,7505), (2,5296), (2,5297), (5,3285), (5,7445), (5,1496), (5,5016), (3,1751), (5,4764), (5,3357), (2,7931), (5,1570)
fierabras	(1,10270)
asaetear	(1,12267)
solicitado	(2,2580), (2,1238), (2,2566), (1,4185), (2,1276), (5,7074)
util	(0,5058), (0,8306), (5,5336), (0,612), (2,2904), (5,4715), (1,4647), (2,2457), (3,2924), (1,5595), (3,2910), (0,142)
areopago	(2,5397), (2,5399)
molesta	(2,5827), (2,1076)
moleste	(2,714)
revenden	(1,17957), (4,5482)
enjalmas	(1,8228)
llanamente	(1,4734)
asaetean	(1,11936)
querida	(2,3426), (1,3617), (1,10690), (1,14821), (5,4653), (1,9357), (4,5650), (1,10515), (4,375), (1,3736), (2,4858), (4,2366), (4,4095), (1,6620), (1,7230), (1,10622), (4,930)
sublimes	(5,197), (2,2370), (5,1976), (2,2424), (2,2488), (5,4299), (2,2505), (2,6667), (2,2397), (2,1536)
arbitrante	(1,18212)
complacerte	(2,3779)
llebadolo	(0,7922)
reanudar	(5,952)
querido	(2,2433), (1,12449), (1,2594), (2,3331), (1,17571), (2,3333), (1,4135), (1,5544), (1,8745), (1,10025), (1,16169), (1,9002), (1,16170), (1,7339), (2,2573), (0,209), (4,5717), (1,12982), (1,13241), (1,11579), (4,352), (2,287), (5,3524), (4,6883), (4,868), (5,4166), (1,6724), (2,295), (0,4077), (4,115), (1,5073), (4,6518), (1,14931), (2,822), (2,314), (1,2650), (1,14043), (1,15074), (0,7556), (1,7654), (3,2220), (2,3788), (2,4556), (5,7537), (1,17518), (2,2514), (2,2131), (2,4822), (2,4569), (5,4348), (4,157), (2,3931), (1,2814), (1,16254), (0,8868), (2,2793), (2,3823), (3,2136), (2,7416), (2,7929), (3,2908), (3,2013), (2,3839), (5,5410), (1,6174)
recato	(1,13665), (1,12706), (1,10537), (1,12905), (1,12074), (1,13099), (1,4588), (1,11436), (1,12524), (1,14317), (1,2415), (1,14703), (1,6196), (1,1013), (1,6008), (1,9401), (1,1343), (1,2752), (2,995), (1,8964), (1,4549), (1,10631), (1,2248), (1,9611), (1,10507), (1,9617), (1,13908), (1,10136), (1,11549)
arbitrio	(1,18193), (1,18210), (1,18212), (1,18189), (3,2272)
boticario	(1,8273), (1,8274), (1,8247), (1,8233), (1,6013), (1,8239)
dificilmente	(2,529), (5,503), (5,5068), (5,607)
ilustracion	(4,86), (2,71), (1,70), (4,269), (5,65), (2,7054)
juzgarlas	(0,768)
palideciendo	(2,1035)
caballerias1	(4,117)
hembeanestrella	(0,10033)
hundidos	(1,5130)
primogenitos	(4,6606)
agricultor	(5,2013)
consoladoras	(5,5980)
cogido	(1,2465), (2,4802), (1,10163), (1,4724), (0,3750), (1,2440), (2,7129), (4,7088)
rivalidades	(2,2235)
complacerse	(1,6148)
dudosos	(5,6144), (0,221)
turquescas	(1,6688), (1,6481), (1,7531), (1,6477)
destruirse	(4,2092)
batallas	(5,677), (5,1445), (1,7686), (5,5360), (4,6192), (1,11826), (5,5623), (1,17044), (5,2810), (4,6010), (1,6680), (4,6046), (4,6142), (2,2045)
batallar	(4,5982)
days	(0,13887), (2,8226), (1,19201), (4,9126), (3,3206), (1,19142), (5,9100), (0,13895), (4,9068), (2,8235), (5,9041), (3,3248), (1,19150), (4,9076), (0,13904), (3,3189), (2,8277), (5,9049), (1,19159), (2,8218), (4,9085), (0,13945), (3,3197), (5,9058)
facen	(0,2141)
carrera	(5,5668), (1,8992), (2,1730), (5,486), (5,999), (5,6581), (5,6902), (5,6455), (3,2559), (1,6269), (5,3138), (5,195), (5,5957), (2,5476), (5,3917), (5,1934), (5,1423), (5,2006), (5,7255), (5,5466), (5,5659), (1,8986), (0,13241), (5,5983), (1,8989)
imperial	(4,115), (0,1023), (3,2691), (5,6521), (4,250), (0,983), (4,8477), (1,7755), (0,987)
facer	(0,2112), (0,1170), (0,2866), (0,5572), (0,2693), (0,2837), (0,2204)
chili	(5,5481)
imprimirla	(5,5367)
juzgados	(5,1900)
fruta	(4,1508), (4,4709), (5,6823), (4,3533), (4,1334), (1,18198), (5,6875), (4,3163), (1,7928), (1,4825), (0,6328), (4,1566), (4,6527), (4,2146)
copiadas	(5,6464)
imprimirle	(5,3422)
matehuelo	(4,5111), (4,5116)
frute	(4,6872)
advertida	(2,3799), (1,14792), (0,200), (1,9226), (1,3743)
modernas	(0,3904), (4,2942)
retorico	(2,6945), (2,6821), (2,6935), (2,6922), (2,7002), (2,6781), (2,6813), (2,6912)
adios	(2,8034), (2,6979), (2,7020), (1,11003), (2,2845), (2,4590), (2,8030), (1,12605), (1,13294), (4,4754), (1,17055)
andrea	(2,3458), (2,3844), (2,5893), (2,3466), (2,3595), (2,3471), (2,3857), (2,5905), (2,3859), (0,9555), (2,3350), (2,3606), (2,3734), (2,2584), (2,3480), (2,3483), (2,3740), (2,5920), (2,2593), (2,3106), (2,3235), (2,3364), (2,3493), (2,5926), (2,3498), (2,4522), (2,4011), (2,3116), (2,3245), (2,3373), (2,4527), (2,3249), (2,3252), (2,3509), (2,3127), (2,3384), (2,2617), (2,4537), (2,5945), (2,3259), (2,4155), (2,4156), (2,3645), (2,3518), (2,4543), (2,5954), (2,3526), (2,5702), (2,3146), (2,3402), (2,3658), (2,4045), (2,4173), (2,3279), (2,4816), (2,5968), (2,4177), (0,11407), (2,3410), (2,3666), (2,3286), (2,3160), (2,3544), (2,5849), (2,3420), (2,3165), (2,3680), (2,3297), (2,3553), (2,3938), (2,3811), (2,3172), (2,3940), (2,3686), (2,3433), (2,4842), (2,5866), (2,3307), (2,3564), (2,3825), (2,5875), (2,3572), (2,3446), (2,4471), (2,3322), (2,3450), (2,3580), (2,5885), (2,3710)
penetro	(5,7509), (5,3081), (5,3674), (2,7705), (2,4989)
gozaba	(2,6147), (5,4186), (5,1291)
ocupa	(2,963), (4,7973), (2,1604), (2,3844), (5,6168), (5,4285), (1,10809), (4,125), (5,3599)
homero	(2,4132)
imprimirlo	(5,341), (5,963)
ocupe	(0,3330), (0,3340)
retorica	(5,1942), (2,212), (5,5049), (2,215), (4,4994)
repulgadas	(1,10477)
reproducir	(5,7608), (5,7183)
canciones	(1,16518), (1,11223), (1,11789)
despoblado	(0,8659), (0,2557)
sobrenombre	(1,17871)
dedicaban	(5,5718)
ixuna	(4,8665)
variaremos	(2,6714)
andres	(1,1569), (1,1571), (0,3138), (0,3143), (1,1579), (5,6064), (0,13388), (0,3149), (1,1583), (0,5715), (0,6240), (1,2116), (1,2635), (0,12398), (1,2132), (0,9331), (1,2137), (0,9341), (0,9348), (0,5766), (0,6278), (0,3210), (0,651), (5,6131), (0,6292), (1,2166), (0,5786), (0,4252), (0,7324), (1,1150), (0,4253), (0,6303), (1,1153), (1,2178), (0,12449), (0,4259), (1,1157), (0,6310), (1,2185), (1,2699), (0,11947), (0,11953), (1,2195), (1,2198), (0,5822), (1,2208), (1,2209), (0,3264), (3,2148), (0,3267), (1,1702), (0,3269), (1,2215), (0,11978), (1,2732), (0,11981), (0,5326), (1,1713), (0,5330), (1,1717), (0,725), (0,4311), (0,12503), (1,2234), (0,5337), (5,6207), (1,2748), (1,2237), (0,5854), (1,1728), (1,2241), (1,2754), (1,2247), (1,2249), (1,1740), (1,2253), (1,2256), (1,1745), (1,2769), (1,2258), (0,5875), (1,1751), (1,1241), (1,1760), (0,12032), (0,5889), (1,1252), (1,1764), (1,1255), (1,1769), (1,1263), (1,1775), (0,8974), (1,2803), (1,1780), (1,2807), (0,9495), (1,2809), (0,9496), (1,1788), (1,2812), (0,5407), (0,12070), (1,2826), (1,1805), (0,3377), (0,12082), (5,8857), (1,1814), (0,9526), (1,1822), (1,1833), (1,1838), (1,2354), (1,2357), (1,1334), (1,1847), (0,9049), (1,2363), (1,2875), (1,2366), (0,9053), (1,1856), (0,9568), (1,2370), (1,2373), (0,9573), (1,2377), (0,9065), (0,12139), (1,1870), (1,2383), (1,1878), (1,2391), (1,2393), (0,9080), (1,1371), (1,1885), (5,3809), (0,13693), (1,2401), (0,6016), (1,2403), (1,2405), (1,1896), (0,3468), (1,1903), (1,2415), (1,1906), (1,2419), (1,1909), (1,1400), (1,1912), (1,2427), (1,1917), (1,1920), (1,2433), (5,6917), (1,2435), (1,1413), (1,1928), (1,1931), (1,1934), (1,2448), (1,2453), (1,2455), (1,1944), (0,13239), (1,2458), (1,1947), (0,12219), (1,2462), (1,1441), (1,1444), (1,2469), (1,1959), (1,1450), (1,1964), (1,2476), (1,1462), (0,3544), (1,1466), (0,3546), (0,6106), (1,1471), (1,1985), (0,4066), (1,1496), (0,3575), (1,1498), (0,3578), (5,5995), (5,5997), (1,2026), (1,1515), (0,6154), (1,2030), (0,5645), (5,6003), (0,3599), (1,1522), (0,6162), (1,2036), (0,5652), (0,12312), (1,1530), (0,5660), (0,11294), (1,2048), (1,1539), (0,6179), (1,1542), (0,3110), (1,1547), (0,5677), (1,2063), (0,10798), (1,1552), (0,5683), (1,1557), (0,4148), (0,569), (0,11833), (1,1563), (0,4158)
ocupo	(2,3953), (5,981), (5,7525), (2,7539), (5,1656), (5,729), (1,3077), (2,6198), (1,12567), (5,6700), (5,846), (5,3714)
andrew	(5,1000)
estremadisima	(1,10909)
totalmente	(3,2708), (5,361), (5,777)
despoblada	(0,10421), (0,6214), (0,2247), (0,360), (0,9404), (0,10332)
tripulan	(0,13581)
fruto	(1,18176), (4,6884), (1,13957), (1,15814), (1,16845), (4,8337), (1,176), (5,5364), (5,7798), (5,7031), (1,13525), (3,2200), (4,8251), (5,7455), (1,317), (1,10878)
peligrosa	(5,456), (0,3686), (5,2479), (2,3118), (5,2066), (1,11440), (5,4183), (5,1560), (1,13846), (0,5721), (4,2462), (5,3168), (0,4094)
traidorzuelo	(2,5598)
mfiel	(0,9190)
peligroso	(2,6738), (5,6888), (5,633), (1,5465), (0,1625), (1,3738), (4,2959), (3,193), (5,579), (1,1119), (4,3778), (5,3987)
advertido	(1,9617), (2,5829), (0,10165), (0,3129), (1,10474), (0,13690), (1,18683), (0,3291)
azul	(3,2322), (3,2388), (0,7249), (3,151), (4,873), (2,3642), (1,7401), (2,1819), (4,2417), (3,2321)
xeronimo	(0,400), (0,2416), (0,484), (0,11927), (0,12477)
carreta	(4,6131), (4,4284)
chile	(5,6245), (3,420), (3,680), (3,235), (3,172), (3,428), (3,1837), (5,6001), (3,498), (5,5621), (3,757), (3,2297), (5,6333), (3,956), (3,189), (3,255), (3,832), (3,960), (3,130), (5,6148), (3,1091), (5,6021), (3,772), (3,2180), (3,517), (3,454), (5,5448), (5,6089), (3,264), (3,393), (3,1417), (3,1036), (3,909), (3,2701), (3,913), (5,6035), (3,914), (5,6484), (3,2777), (3,922), (3,1626), (5,6172), (3,2716), (5,5599), (5,6050), (5,5411)
elige	(2,4746)
gozado	(1,8792), (5,928), (1,17708), (1,3726)
nenguno	(0,2749)
arbitrarias	(5,3212)
efectiva	(3,744), (3,2139)
huyese	(5,3842)
rebelion	(5,5830), (5,441), (5,218), (5,2282), (5,6620), (5,5790), (5,3377)
transformaban	(5,2983)
sonrio	(4,6524), (2,351)
camaras	(0,6704), (0,6706), (2,6732), (5,178)
desquiciamiento	(5,1748)
mantenerme	(1,6191)
allegan	(1,17947)
tardare	(1,15827)
zingladura	(0,11200), (0,11329), (0,10948), (0,11204), (0,10949), (0,11206), (0,11079), (0,11335), (0,10952), (0,10955), (0,11213), (0,10958), (0,11342), (0,10962), (0,10965), (0,10968), (0,11225), (0,10970), (0,11354), (0,11227), (0,11100), (0,10974), (0,11230), (0,11358), (0,11104), (0,10977), (0,11233), (0,11106), (0,11237), (0,11111), (0,10988), (0,11117), (0,11119), (0,11376), (0,10995), (0,11123), (0,11252), (0,10998), (0,11126), (0,11128), (0,11001), (0,11257), (0,11387), (0,11004), (0,11132), (0,11260), (0,11390), (0,11007), (0,11135), (0,11263), (0,11010), (0,11138), (0,11013), (0,11397), (0,11016), (0,11273), (0,11018), (0,11275), (0,11403), (0,11276), (0,11151), (0,11024), (0,11281), (0,11028), (0,11030), (0,11542), (0,11033), (0,11290), (0,11164), (0,11037), (0,11169), (0,11043), (0,11172), (0,11302), (0,11047), (0,11175), (0,11049), (0,11178), (0,11181), (0,11310), (0,11055), (0,11183), (0,11057), (0,11314), (0,11060), (0,11318), (0,11191), (0,11064), (0,11321), (0,11067), (0,11323), (0,11197), (0,11325), (0,11070)
allegar	(2,3093), (0,6986)
factoria	(5,3654)
cochilladas	(0,6939)
curtida	(1,17729)
tardara	(1,15827), (1,5374)
consigais	(1,3564)
plumaje	(1,11882)
avisaras	(1,16539)
consoladores	(5,7008)
penetra	(2,1555), (5,6887), (0,756), (2,5270), (5,7857)
sarmiento	(2,322), (2,1475), (2,5381), (2,774), (2,519), (2,711), (2,4872), (2,5001), (2,5386), (2,331), (2,526), (2,1487), (2,4879), (2,5712), (2,5393), (2,274), (2,658), (2,660), (2,725), (2,5209), (2,666), (2,922), (2,4764), (2,607), (2,4767), (2,672), (3,706), (2,98), (2,930), (2,803), (3,1158), (2,6503), (1,17224), (2,683), (2,1451), (3,718), (2,813), (2,1458), (2,499), (2,757), (2,6582), (2,6455), (2,5304), (2,249), (2,572), (2,5372), (2,6332), (2,6526)
serviendo	(0,4082), (0,1014)
pasemos	(2,4611), (2,212)
permitido	(5,2343), (2,2933), (1,9364), (5,4562), (2,6672), (1,7983), (1,13967)
vinagre	(0,4290), (1,10115), (4,5927), (1,10551), (4,7598), (0,10795), (4,1568), (4,433)
china	(0,10495), (0,7616), (0,737), (0,10497), (0,12643), (0,7656), (0,7657), (0,7658), (0,10538), (0,4043), (0,10539), (0,7601), (0,5747), (0,3956), (0,4024), (0,12986), (0,795), (0,798)
estrictamente	(5,5637), (5,583), (5,856), (5,5289), (5,2634), (5,4607)
efectivo	(5,3677), (3,2444)
tardase	(0,4132)
asperino	(1,7749)
conjurando	(5,995)
honradisimo	(1,14313)
partieses	(1,1321)
regueagua	(0,10026)
bastasen	(3,2248), (4,8321)
exagerada	(2,646)
american	(5,1254), (5,7974), (5,2327), (5,7496), (5,7976), (5,8552), (5,7226), (5,2859), (5,412), (5,2444)
arbitros	(5,3435)
obligandoles	(3,2294)
americas	(5,6661), (5,6778), (3,2190)
abadesa	(1,820)
inteligente	(1,18147), (0,13688), (5,2626)
corrompe	(2,4021)
restituyese	(0,8061)
aproxima	(5,1176)
neyguir	(3,2059)
hallose	(5,6596), (0,9247), (0,6688), (4,6149), (0,7174), (1,7370), (1,8188), (1,9309), (0,9404), (1,4574)
ambulante	(5,6583)
procede	(4,3315), (1,2944), (5,2821), (5,761), (1,2968), (2,2490)
supersticion	(2,685)
manteniendo	(5,1020)
partiesen	(1,10891), (1,2398)
socarronamente	(2,1845)
trasudaba	(1,10441)
producido	(2,5026), (5,3579), (3,2127)
visitarla	(4,5942), (1,12709), (1,7862), (4,8794), (1,12491)
cauta	(5,4988)
escenas	(5,678), (5,7110), (5,552), (5,3821), (5,4434), (5,1139), (5,7411), (5,4693), (2,1565), (5,2880), (5,1057), (5,1123), (5,1155)
visitarle	(0,8460)
niegan	(0,8958)
prejuicios	(5,7826)
enviaras	(1,6593)
confirmation	(3,3335), (4,9224), (1,19288), (2,8364), (0,14044), (5,9187)
dejareis	(1,5250)
enviaran	(4,2126)
perplejos	(5,1473)
producida	(5,2904), (5,4136), (5,1361)
redactaba	(5,2555), (5,7022)
adolfo	(5,7686), (5,7597), (5,7853)
destruirme	(1,8819)
coartarla	(5,294)
noviembrea	(0,12032), (0,5854)
formulaba	(5,2297), (5,3741), (5,3182)
reian	(0,6247), (0,6317)
abogados	(5,1544), (5,3720), (1,5445), (1,17206), (5,1643), (5,1598), (2,7039), (5,7235)
exagerado	(5,790), (1,18164), (5,5865), (5,4763)
brutalidades	(2,7709)
instrucciones	(0,324), (5,2410), (0,11910), (0,147), (0,595), (0,2070), (5,2427), (0,1431), (5,3197), (0,283), (0,1307), (3,2431), (0,2397), (0,350), (0,2017), (0,6051), (0,356), (2,7400), (0,13417), (5,3087), (0,2093), (0,3121), (3,2456), (0,313), (0,378), (0,13370), (5,5792)
hierba	(4,7012), (4,6678), (4,439), (0,468), (4,1549)
investido	(5,1585)
irregular	(5,4200)
exageraba	(1,6084)
mporque	(0,3382)
afrancesado	(2,1242), (2,1069)
dallos	(1,5281)
hieras	(1,16466)
infante	(2,6660), (2,1175), (1,1369), (2,1163), (5,7615), (2,5549), (2,1168)
bibliografica	(5,6213), (5,6733)
ecome	(4,1645)
industriaremos	(1,1722)
infanta	(5,6524)
presenciado	(2,427)
pepitas	(4,1126), (4,1953)
exorcismos	(1,17780)
maestria	(5,7364), (1,9010)
repugnantes	(5,568)
traigalos	(1,9995)
esclavo	(5,1508), (2,194), (0,5184), (2,198), (5,139), (5,1517), (1,10730), (1,3852), (5,5808), (0,8747), (5,625), (5,1137), (5,1553), (0,8044), (1,3471), (0,8047), (5,6965), (3,500), (4,3289), (5,1532), (5,1537), (5,3553), (1,4127), (1,16927)
bibliografico	(4,119), (5,7779)
carcajes	(1,3492), (1,3495)
enoja	(4,3980)
hormiguea	(4,1864)
producian	(5,1460), (5,4650), (5,7425)
pestana	(1,10567)
formulado	(5,1965)
gozais	(1,362)
enoje	(0,11888), (0,4792), (0,331)
compadre	(4,3427), (2,3073), (4,7893), (4,4269), (4,7885), (2,2990), (4,7888), (1,8317), (4,3793)
esteticas	(5,6855), (5,8315)
platillos	(5,2291)
licenciado	(0,5503), (0,1216), (1,7969), (1,8612), (1,16036), (1,8616), (0,713), (0,13065), (1,16106), (1,235), (1,18283), (0,13003), (1,18284), (0,13132), (1,8622), (1,8047), (1,8623), (1,7856), (1,16050), (0,5522), (1,16180), (0,1108), (1,18294), (1,2871), (1,15736), (1,8314), (1,16058), (1,8315), (1,8190), (1,16062), (1,7616), (1,16192), (1,8001), (1,17411), (1,17224), (1,8011), (1,15757), (1,16211), (1,7960), (1,8474), (1,15770), (1,16154), (1,8028), (1,8605), (1,16221)
rendirse	(3,1258), (1,2936), (3,1932)
enojo	(0,835), (1,17540), (0,6948), (1,807), (2,3372), (1,14283), (1,3085), (5,5458), (4,6099), (1,18256), (4,1140), (1,13427), (4,759), (2,2389), (1,5780), (1,5685), (4,2970), (0,8022), (1,13242), (1,18525), (4,1857), (1,5726), (2,7839)
zabanas	(0,10370), (0,10435), (0,10884)
vestiros	(1,13641)
esclava	(5,1956), (5,4485), (5,1704), (1,3652), (4,3210), (1,3528), (1,1037), (0,8044), (1,7150), (1,4145), (4,6326), (1,4180), (1,6165), (4,7545), (1,3577), (1,3580)
groen	(5,5953)
castellanas	(4,3012), (0,6896), (4,679), (5,7899), (4,6460)
contreras	(1,774), (1,777), (1,781)
sonaron	(1,18403), (2,7660), (2,2093)
surraba	(4,2411)
arrecifes	(0,4641), (0,6241), (0,9827), (0,6117), (0,9862), (0,6279), (0,9863), (0,6216), (0,9833), (0,6218), (0,6221), (0,6031), (0,6223), (0,9840), (0,12561), (0,6229), (0,9879), (0,441), (0,6041), (0,6236), (0,11453)
formulada	(5,3089)
agradescerlo	(0,8434)
conatos	(5,2612), (3,132)
licenciada	(4,4383)
guardando	(1,4722), (0,6049), (1,16134), (0,1430), (4,8251), (0,1307), (2,2830)
alteraciones	(5,6878), (5,3315)
cercos	(1,7686)
decisivas	(2,7623)
avisaria	(0,8018), (1,3706)
bajadas	(0,377)
monarcas	(5,5563), (2,425), (1,18043), (3,2814), (3,2895)
1561yo	(0,3592)
elias	(5,7145), (5,7131)
surigao	(0,7216), (0,7648), (0,12845)
generos	(0,4292), (4,558), (3,1166), (4,4111), (0,10412), (0,3726), (0,3727), (0,4656), (0,5712), (0,3731), (4,6200), (0,5044), (0,5141), (0,4345), (0,1726)
descomunion	(1,5059), (1,4909)
pregoneras	(1,12717)
mineral	(5,5730)
chica	(4,790), (4,8376), (4,8440), (0,10136), (0,10348)
esclavizamiento	(5,2830)
honrados	(2,7108), (1,12387), (4,2279), (1,13029), (1,6150), (1,8583), (1,15431), (1,7369), (4,5581), (1,16938), (2,6284), (1,5612), (2,6288), (5,2872), (2,1750), (2,2518), (2,1082), (1,12476)
recogimiento	(1,18561), (1,7301), (1,13126), (1,9611), (1,13099), (1,13611), (5,4560), (1,13617), (1,13939), (1,18323), (1,11575), (1,8954), (1,11550)
miedos	(1,15001)
voluble	(5,5477), (2,953), (5,4626)
discursillo	(2,1845), (2,2442)
naguelguapi	(3,2097)
exemcion	(0,2033)
castigarte	(1,7007)
provehidos	(0,8325), (0,1001)
embravecerse	(1,3341)
deliciosas	(5,5695)
imperios	(1,1665), (0,1025)
chico	(3,2389), (3,152), (1,17367)
divisasen	(3,2062)
innecesario	(5,7415)
desmorona	(5,5443)
reposemos	(4,1922)
corbelleria	(5,4401)
facultado	(0,607)
huelan	(4,7307), (4,5122)
movianlo	(5,2288)
innecesaria	(5,2576), (5,3792)
primero	(0,2623), (1,4131), (4,8646), (0,2628), (0,1609), (1,7211), (5,1971), (1,16945), (3,2549), (1,11829), (1,14901), (1,1079), (1,12347), (2,7200), (1,11840), (1,17472), (1,4673), (1,16450), (0,8807), (4,8172), (1,17994), (1,4173), (5,6609), (1,17997), (1,8271), (5,6100), (1,16976), (2,7730), (4,5624), (1,15957), (4,5626), (0,7286), (1,89), (0,2682), (4,2047), (0,5755), (1,7772), (0,8829), (1,4195), (1,18533), (1,4711), (4,5131), (1,7272), (5,6642), (1,14446), (1,11375), (5,2550), (1,16503), (5,5117), (5,7678), (2,1628), (1,4225), (1,4226), (1,5766), (1,17542), (1,1673), (1,12940), (1,11918), (1,1167), (3,2129), (0,2225), (3,605), (4,68), (4,2632), (5,5673), (1,10412), (1,2223), (4,8274), (1,2224), (1,4272), (1,10417), (1,14517), (5,1083), (5,5179), (1,10423), (1,16573), (1,194), (1,2756), (2,6822), (4,5739), (1,201), (4,8300), (1,2763), (2,1710), (1,15053), (4,114), (5,2134), (1,10452), (1,13014), (5,2141), (1,13022), (1,2788), (4,4231), (4,1160), (5,3696), (0,10507), (1,16621), (0,784), (1,2805), (1,3830), (1,12534), (0,6423), (1,3321), (4,1182), (1,4859), (3,705), (5,4227), (4,2211), (1,16643), (3,1736), (1,1800), (5,4748), (1,12044), (5,145), (5,657), (0,4909), (1,9491), (0,7988), (0,3897), (1,13087), (1,12578), (1,4899), (1,8484), (1,6949), (1,17701), (0,4933), (4,5834), (1,10029), (1,14125), (0,4942), (1,1328), (1,13112), (2,794), (1,14652), (4,8416), (1,830), (4,8422), (1,3909), (4,236), (2,3372), (1,8011), (5,2772), (0,5487), (1,14674), (1,14677), (0,3957), (4,250), (5,3291), (0,5500), (1,5470), (0,5501), (2,6463), (1,1888), (5,6884), (1,13666), (1,14178), (0,5507), (1,10084), (1,17252), (2,5450), (1,12144), (0,10641), (4,8476), (0,6047), (1,1924), (0,4516), (1,18824), (1,5519), (1,9615), (4,312), (2,378), (4,3392), (0,4029), (2,5509), (1,2983), (5,5934), (1,17835), (0,11725), (4,338), (1,1975), (1,5563), (1,8127), (0,11743), (1,16324), (1,3013), (1,7110), (5,2380), (3,1931), (3,1934), (4,370), (1,3537), (0,8692), (1,10197), (1,14293), (1,16341), (1,3550), (1,5599), (3,2978), (1,16352), (3,1451), (1,8170), (1,16363), (5,3952), (1,3573), (1,2550), (1,17910), (1,5113), (1,17401), (1,3578), (5,3454), (0,4633), (4,5535), (4,5024), (2,3039), (1,17406), (4,2978), (1,10240), (1,7169), (1,1030), (5,7565), (4,941), (4,7086), (0,10799), (5,406), (0,4661)
causa	(1,7200), (1,13347), (1,4133), (1,5672), (0,6215), (0,6216), (5,434), (2,4626), (0,11344), (4,6103), (5,443), (0,8795), (0,12892), (1,13887), (1,9793), (5,3529), (2,2089), (0,3688), (2,3116), (0,5226), (3,1038), (0,11377), (5,3031), (2,6198), (0,6264), (1,2141), (4,6146), (1,10850), (0,5765), (1,15975), (1,8296), (0,1672), (1,10346), (1,15983), (0,3218), (2,4180), (3,1590), (0,660), (4,3614), (3,2110), (4,3616), (1,6270), (1,3200), (5,3590), (4,3111), (0,165), (2,4199), (0,678), (5,1547), (1,12935), (1,15495), (2,4203), (4,6189), (5,5134), (0,9385), (2,6764), (2,6253), (4,561), (5,1044), (1,12432), (1,15504), (4,6197), (1,3732), (3,600), (1,7830), (0,1721), (2,6272), (1,18080), (3,1124), (1,2722), (1,3749), (4,7752), (0,197), (1,11431), (2,6796), (5,6196), (1,4785), (5,5688), (5,3641), (0,725), (1,1206), (0,5335), (0,9432), (1,16571), (1,12989), (2,6816), (1,6848), (1,17094), (5,4171), (0,10984), (0,1769), (4,8302), (3,1679), (2,5298), (0,754), (1,9428), (4,636), (0,8441), (1,9437), (0,9474), (2,6856), (2,2252), (1,12016), (5,3192), (2,7386), (5,3200), (2,7392), (0,8483), (5,1673), (1,3846), (4,4266), (5,1164), (1,17160), (1,13066), (1,9494), (0,11063), (0,827), (4,8383), (1,2333), (1,9504), (1,14626), (0,7495), (1,6953), (0,3407), (1,3381), (5,3770), (0,6487), (5,5828), (5,2250), (5,3788), (0,7527), (1,9033), (1,11083), (2,1325), (5,7377), (5,5844), (0,11122), (0,9589), (0,4983), (1,10593), (1,354), (1,5986), (5,2791), (0,2946), (0,4482), (0,3461), (4,8460), (0,3980), (5,7924), (3,309), (1,2932), (1,7028), (5,7419), (1,16251), (1,3965), (2,5984), (1,13695), (1,2944), (1,13184), (1,2945), (5,3337), (0,5035), (0,6574), (1,9109), (1,13205), (1,2968), (1,13211), (1,2972), (5,2848), (1,14239), (0,5567), (4,8517), (1,16802), (5,1322), (5,7467), (1,13736), (0,9162), (0,462), (5,2867), (0,6095), (5,3894), (5,1336), (5,4924), (1,3001), (5,7487), (3,1921), (0,4062), (1,5058), (3,2949), (0,5094), (1,11207), (1,17352), (1,8139), (5,1361), (1,2515), (4,377), (1,3033), (0,7676), (1,12767), (4,6019), (1,9702), (1,2538), (1,10737), (0,7697), (5,3448), (0,7702), (2,4569), (4,6560), (0,4125), (4,1443), (0,11297), (1,13830), (1,17926), (0,4134), (0,3626), (4,7086), (2,4078), (0,9260), (0,7727), (4,7093), (3,1493), (1,3603), (1,16915), (1,3092), (0,11315), (1,8729), (0,7741)
redactado	(5,3948)
cogian	(3,803), (4,8260), (0,7428), (4,299)
cause	(1,19234), (4,9158), (4,9160), (1,19237), (1,13894), (5,9133), (5,9136), (1,16141), (3,3281), (3,3284), (2,8310), (2,8313), (0,13978), (2,5982), (0,13981)
contrincante	(5,2134)
palomino	(1,18719)
reincidencia	(0,359)
diccionario	(5,7878), (5,8156), (5,6286), (0,13033), (5,7888)
causo	(0,8351), (5,4166), (1,17459), (2,997), (2,2326), (1,7800), (1,16776), (0,13369), (1,4427), (1,7915), (1,13469)
primera	(4,8644), (1,6436), (4,7881), (5,171), (1,12072), (0,5705), (1,299), (1,13103), (4,6357), (0,11604), (5,6330), (1,15926), (5,1467), (5,1724), (1,15674), (0,12122), (0,7003), (2,798), (2,1059), (5,4550), (5,6343), (4,2026), (1,17994), (5,5329), (5,979), (0,368), (1,7250), (0,13170), (5,474), (5,3546), (0,5493), (5,476), (1,4700), (4,3334), (5,6887), (5,1256), (1,3172), (5,4841), (1,9317), (1,3175), (4,4108), (1,7529), (1,16745), (4,8719), (5,7664), (1,15469), (2,4945), (0,3984), (5,7669), (3,52), (5,7671), (0,11670), (4,5150), (5,7679), (5,1282), (5,6403), (3,1603), (5,3077), (5,4869), (5,7174), (1,132), (1,6788), (5,1547), (1,15244), (1,4237), (0,12974), (5,7188), (1,18065), (5,6166), (5,2073), (0,8630), (1,1688), (1,2201), (2,3706), (1,12185), (1,17561), (4,1855), (0,2236), (1,3999), (5,6691), (5,1060), (5,7204), (3,1380), (5,4390), (0,2242), (2,4998), (1,16549), (2,1161), (0,201), (1,3498), (2,7053), (5,7218), (1,6577), (1,8115), (5,7737), (5,3643), (0,2265), (1,11965), (1,10174), (5,6468), (4,4708), (1,7105), (5,5446), (1,16836), (5,5710), (1,4299), (5,6737), (3,400), (5,1618), (5,6739), (1,16337), (1,4053), (4,4217), (5,2909), (5,4445), (3,1693), (5,1121), (5,5218), (5,7267), (4,389), (0,2308), (4,3464), (5,6249), (1,6630), (5,1900), (2,971), (5,1135), (3,1454), (0,8973), (4,2194), (5,7284), (0,786), (4,151), (0,11798), (5,1150), (5,895), (1,766), (3,967), (1,11269), (5,5515), (1,6152), (0,8231), (5,2189), (2,491), (5,2446), (1,15627), (1,1805), (1,5903), (5,6292), (1,17683), (0,6963), (1,5909), (1,9495), (5,5532)
reido	(2,1638)
vulgar	(2,3347), (5,4934), (2,4004), (5,6632), (0,13366), (5,4860), (1,11579), (5,3267), (5,7779), (0,13102)
guamini	(3,1012), (3,294), (3,1014), (3,289)
dexareis	(0,4687), (0,1857), (0,1938), (0,2204), (0,5038), (0,5470)
despreciable	(2,4146)
contemporizar	(2,6919), (2,6925)
chief	(4,9204), (0,14025)
viernes	(0,9727), (0,11263), (1,865), (0,9856), (0,9601), (5,7463), (0,11203), (0,13123), (0,10116), (0,11397), (0,11335), (0,7240), (0,11016), (0,10060), (0,6221), (0,9678), (0,10832), (0,10961), (0,11154), (0,9747), (1,5048), (5,4094), (0,9629), (1,7295), (0,11230), (0,11103), (0,11043), (0,9893), (0,9705), (0,11180), (0,11309), (0,11501), (0,6065), (0,10995), (0,10039), (0,11128), (0,8441), (0,9657), (1,859), (0,6907), (0,11067), (0,8444), (1,3934), (1,927), (1,3871)
academico	(5,5021), (5,7022), (1,16506), (0,13162)
contemporizan	(2,2793)
copetes	(2,253)
despite	(5,9077), (0,13922), (3,3225), (1,19178), (4,9103), (2,8254)
querian	(5,5925), (4,8260), (0,10304), (0,10305), (1,18084), (1,12197), (2,141), (2,1041), (0,8529), (1,6836), (4,729), (5,3003), (0,8150), (1,7481), (0,7770), (0,8156), (0,6751), (0,9440), (1,15041), (0,10209), (0,7522), (0,9445), (0,9446), (0,10727), (0,8040), (1,9161), (1,3660), (1,8140), (5,725), (0,9458), (1,13270), (0,6518), (0,8822), (4,7932), (1,6234), (1,17498), (4,6782), (0,8827), (4,6784), (4,4358), (4,4359), (0,10500), (0,6405), (0,6789), (4,6922), (0,6407), (0,6410), (0,6795), (1,8430), (2,4944), (2,2001), (0,7567), (0,9232), (2,4948), (3,440), (0,9237), (0,7191), (0,9240), (1,9594), (4,7712), (4,931), (4,423), (1,10885), (0,6694), (0,6189), (0,6574), (0,7343), (5,3349), (1,10897), (0,8756), (2,123), (0,13241), (0,6587), (0,8891), (3,2015), (0,6332), (0,8252), (0,10302)
confabulacion	(2,1727)
solicitaba	(5,181), (3,173)
bocas	(1,16176), (2,1894), (4,873), (1,1286), (2,5272), (2,5596), (2,430)
protegiese	(5,181)
bienaventurado	(0,4503), (4,8253)
conservando	(2,7478), (2,2055), (4,42), (2,3533)
redactada	(5,1604), (5,1670), (0,630), (0,11832), (5,2433)
hieren	(5,5964)
bocal	(4,5763)
manifestarles	(3,2591)
vestirse	(1,7923), (2,7656), (1,10697), (0,8042), (1,10814)
renamed	(4,8916), (3,3031), (0,13732), (1,18984), (2,8060), (5,8883)
razonan	(2,4060)
reverenciaba	(1,8085)
desciende	(4,8707), (4,3102)
avisarme	(4,5737), (1,18699)
perspicaces	(1,18644)
razonar	(3,2734)
quejosos	(1,18183)
cerrandolas	(0,4661)
fantastiga	(4,7210), (4,3842)
rebatos	(0,8754)
permitira	(1,8915), (2,5493)
exageraciones	(1,12985)
cavos	(0,10614)
apoyando	(2,2806), (2,7078), (2,6103), (0,585), (2,3995), (2,3423)
abatiamos	(0,11167)
displayed	(3,3123), (1,19076), (2,8152), (4,9006), (5,8975), (0,13821)
perdiera	(2,950), (4,2440), (1,9286), (2,5183)
quedanse	(0,4217)
admiraron	(1,14224), (1,2642), (1,7435), (1,10589)
atrevimientos	(1,8676)
avisarle	(1,10694)
parque	(2,4785), (2,1785), (2,2380), (2,2588), (2,1327), (2,4783), (2,1888), (2,4864)
calamitosos	(5,7936)
entresta	(0,10902)
pusierdes	(0,4596)
vociferes	(2,310)
rematar	(2,6237)
penosamente	(5,5492), (5,3342)
rematan	(0,10862)
cecilia	(4,7233)
aranjueces	(1,8570)
carriazo	(1,12590), (1,12847), (1,12593), (1,11319), (1,10811), (1,12861), (1,12863), (1,12610), (1,10947), (1,11080), (1,10956), (1,10831), (1,12879), (1,10832), (1,10836), (1,12886), (1,10839), (1,11096), (1,11099), (1,11358), (1,10852), (1,11236), (1,11364), (1,11111), (1,10858), (1,11116), (1,12780), (1,10861), (1,11123), (1,10869), (1,12793), (1,11130), (1,12795), (1,12670), (1,10751), (1,12799), (1,11137), (1,11010), (1,10755), (1,11267), (1,10757), (1,11141), (1,11269), (1,11016), (1,12680), (1,11145), (1,11021), (1,11150), (1,11024), (1,11154), (1,10774), (1,11161), (1,10781)
lastimandose	(3,406)
acerados	(1,3119)
sonaren	(4,3197)
robannos	(1,17956)
entibia	(2,7021)
huelgo	(4,5174), (4,5452), (4,6226)
perdiese	(1,8577), (4,7893), (0,5778), (4,6777), (1,4872), (4,7963), (1,2762), (0,5916)
facto	(3,2515)
reverenciado	(0,1760), (0,4563)
ahorros	(3,2915)
moble	(1,11800), (1,11886)
lamentables	(1,2886), (1,6649)
incomodados	(2,7344)
melodiosas	(5,6396)
avisaron	(1,2095)
ofreciendome	(3,1558), (1,13144)
excusa	(4,8316), (5,1567), (5,2848), (4,8880)
posicion	(5,1766), (5,2918), (5,2983), (5,2475), (2,3848), (5,6700), (5,2094), (5,2102), (2,3091), (5,4285), (5,960), (5,5251), (5,6597), (5,710), (5,7432), (2,3304), (5,7245), (5,980), (5,3028), (5,3732), (5,4953), (2,3831), (5,4635), (5,1438), (5,4510), (2,4477), (5,5473), (2,3456)
cortadillo	(1,5346), (1,231), (1,6056), (1,5356), (1,5996), (1,5262), (1,5806), (1,5745), (1,4594), (1,5365), (1,5239), (1,5335), (1,5816), (1,5241), (1,5178), (1,5339), (1,6012), (1,6014), (1,5247), (1,5343), (1,6015)
remitiendo	(5,3673)
avisaros	(4,8560)
excuse	(0,337), (0,11893)
huelga	(2,6116), (4,6169), (1,5707)
aterra	(2,5234), (2,5232)
excogitar	(5,1835), (5,2943)
votado	(5,1840), (5,1619)
moviamos	(1,12466)
embarca	(0,4129)
implied	(4,9140), (2,8291), (1,19218), (4,9143), (2,8294), (5,9114), (0,13959), (5,9117), (0,13962), (3,3262), (3,3265), (1,19215)
labradoras	(1,931)
barrunto	(1,363)
alliende	(0,4524)
alleghanis	(5,7374)
animarla	(5,4881)
extravagancia	(5,815)
ofreciendole	(1,4180), (1,3896), (1,14235), (1,15516)
vayase	(2,6534), (4,4623), (1,18732), (1,4973), (2,5918)
zuzandome	(1,17311)
decidieron	(5,7072)
canalla	(2,6278), (2,7848), (2,6537), (2,2700), (2,7181), (2,2384), (2,7345), (1,8208), (1,17936), (2,2230), (2,6775), (2,2236), (2,7165), (2,7134), (2,6144)
embarco	(0,5984), (1,9137), (3,389), (1,13849), (3,796), (1,4189), (5,5411), (0,6654)
continuo	(2,3201), (5,4133), (5,4134), (1,934), (3,2280), (0,456), (2,7376), (2,854), (2,4313), (5,2429), (2,353), (1,3970), (5,7238), (5,1416), (5,656), (5,466), (5,2003), (4,7794), (4,185), (1,8406), (1,9431), (5,6684), (2,5371), (2,7359), (2,1920)
encantar	(4,5782)
maritimo	(3,667)
encantas	(1,11193), (1,683)
luminosas	(5,7369)
quitaria	(4,4349), (4,7664)
juan	(5,7588), (1,14883), (5,7592), (3,488), (1,14886), (1,15400), (3,2028), (1,14378), (1,14890), (1,14891), (1,14892), (0,11853), (0,12367), (0,592), (1,14386), (1,14898), (0,12882), (5,7609), (3,2555), (3,2558), (5,7617), (1,12861), (1,14398), (0,2142), (0,3168), (1,12865), (0,2146), (0,2149), (0,13413), (0,2152), (5,7630), (1,14412), (1,15436), (1,2637), (1,2639), (1,14415), (1,2642), (1,2643), (1,10835), (0,12402), (0,2163), (3,1561), (1,14424), (1,2649), (5,7645), (0,123), (0,2176), (1,14433), (1,2660), (5,6633), (0,10372), (1,2662), (1,14950), (0,10374), (0,12422), (1,14439), (0,6791), (0,12424), (1,14442), (1,14446), (0,6798), (1,2672), (0,13455), (1,14960), (1,14450), (1,14962), (0,10386), (1,11892), (0,6807), (1,14969), (1,14459), (1,14461), (1,14973), (1,2686), (5,7683), (1,14463), (0,2210), (0,11938), (1,132), (0,2211), (0,4260), (4,6184), (0,4261), (1,14470), (1,14982), (1,14471), (0,12456), (1,14473), (1,14476), (0,3246), (0,5807), (5,7706), (0,12469), (1,14486), (1,15000), (1,14490), (5,7711), (2,1151), (3,2145), (0,703), (1,15011), (0,7367), (1,15016), (1,2733), (1,15021), (1,2222), (0,12494), (1,2740), (1,2743), (3,1661), (0,7899), (1,14529), (0,12516), (0,7397), (1,14535), (1,15047), (1,2761), (1,15053), (2,1711), (0,2799), (1,15568), (0,2800), (0,12529), (1,14546), (1,2771), (0,12018), (5,6744), (0,13556), (1,14550), (4,1148), (1,14554), (5,4193), (1,14559), (1,14563), (0,262), (0,13575), (0,6926), (1,15088), (1,15602), (1,14584), (1,2810), (0,9497), (0,288), (0,290), (1,2819), (1,14597), (1,2829), (5,6801), (1,14609), (1,15633), (1,2839), (1,15127), (0,824), (1,1308), (1,2844), (1,15645), (1,15134), (0,12095), (1,2850), (0,13633), (2,1798), (1,2853), (1,15141), (1,14632), (0,6472), (1,15145), (1,15657), (5,5806), (1,12586), (0,5962), (1,15147), (0,12109), (5,8371), (1,14639), (5,8373), (0,6481), (0,9553), (1,15154), (0,9554), (4,215), (4,216), (1,1333), (3,2295), (0,9556), (1,15669), (0,5973), (0,4438), (3,2298), (0,6487), (0,9559), (1,14648), (1,15160), (5,5821), (5,7869), (1,12601), (0,5977), (1,15162), (1,15164), (1,15678), (1,15168), (1,15682), (0,9570), (0,6499), (0,9060), (1,15174), (1,14664), (0,3944), (1,15689), (0,2409), (0,12137), (1,15178), (4,238), (3,2317), (4,239), (0,3947), (1,15181), (0,12143), (1,14672), (1,18769), (1,15186), (1,15187), (2,5430), (1,15189), (1,15190), (1,15705), (3,2332), (1,15195), (0,382), (0,12159), (0,900), (5,7914), (0,390), (0,8584), (0,396), (0,10125), (0,8590), (0,403), (1,11125), (0,12692), (1,12663), (5,7934), (1,15228), (0,412), (0,12189), (4,7974), (1,15236), (1,15241), (0,12202), (0,13228), (0,943), (1,2448), (1,15248), (0,12210), (0,13240), (0,12223), (3,2403), (0,11714), (0,13252), (0,2506), (0,12234), (1,14765), (1,1454), (0,1997), (1,15280), (0,2002), (5,5945), (1,15285), (1,15286), (1,15287), (2,1433), (1,15289), (1,15293), (1,15295), (1,1472), (1,15296), (1,14273), (1,15297), (1,15299), (3,902), (0,12260), (1,14789), (0,8165), (0,2535), (0,2537), (1,12746), (0,12267), (0,13293), (1,15316), (3,2969), (1,15319), (1,14297), (1,15324), (1,1501), (0,2044), (3,1951), (3,1952), (0,2047), (0,2048), (0,13312), (1,1508), (2,2502), (0,2053), (1,14824), (3,939), (0,2057), (1,14826), (0,523), (1,12782), (1,14319), (2,2001), (1,15349), (0,12821), (1,15351), (0,12823), (1,14328), (1,15354), (3,957), (0,2074), (1,14331), (0,1564), (3,960), (0,6174), (1,10751), (0,1567), (1,10752), (0,3104), (0,12320), (0,13344), (1,14337), (0,13346), (1,14340), (1,15365), (0,5671), (0,1580), (1,9742), (0,13357), (1,14351), (0,1587), (1,14356), (1,14361), (1,14873), (5,7583), (0,3132), (0,10813), (1,12830), (1,15391)
alborotada	(1,13828), (1,18742)
aguantar	(3,664), (2,1114)
bastaron	(5,1447), (5,1848), (1,9082)
sobresaltaba	(1,9453)
grangeria	(0,3751)
probar	(4,5219), (4,6883), (1,12977), (5,2726), (5,7910), (1,13380), (1,10149), (4,922), (4,1962), (5,5789), (3,236), (4,8607)
autenticado	(0,2548)
inflamable	(5,2760)
convencera	(2,5442)
garbea	(1,5184)
sentencia	(2,2307), (5,1327), (1,5355), (5,1522), (1,8302), (5,1587), (5,2099), (2,4688), (1,8304), (1,13873), (1,8307), (5,1540), (5,1673), (1,3785), (5,2191), (4,8110), (5,1554), (2,6772), (0,2035), (0,2036), (1,17301), (1,11926), (1,3480), (5,1757), (1,3481), (5,1632), (2,3263), (1,12126), (5,1507), (2,6784)
muchachos	(1,11424), (1,12769), (1,3234), (1,4772), (1,12262), (1,16358), (1,8615), (0,10508), (1,12269), (1,16750), (1,12271), (1,8177), (1,306), (1,2162), (1,12278), (1,4599), (1,17783), (1,8064), (1,18944), (1,9668), (1,4805), (1,7942), (1,12294), (1,7944), (1,10760), (0,10536), (1,7948), (1,4751), (1,7951), (4,5686), (1,7956), (1,471), (1,4759), (1,8282), (1,18203), (1,12765), (1,8607)
usen	(0,1522), (3,1659)
indisposicion	(1,10593)
vaguidos	(1,17698), (1,1475), (1,1492), (1,8468), (1,18351)
derramaba	(1,15888), (2,6171), (1,12827), (1,13469), (1,3166), (1,10607)
posesivo	(0,12949)
quitandose	(1,18837), (1,15895), (1,5738), (2,5052), (1,18783)
user	(3,3170), (2,8225), (2,8228), (2,8199), (0,13894), (0,13897), (0,13868), (1,19149), (4,9075), (1,19152), (4,9078), (1,19123), (5,9048), (4,9048), (5,9051), (3,3196), (5,9022), (3,3199)
excelente	(2,2593), (4,7939), (0,13247), (4,7941), (5,7431), (4,7946), (5,5036), (5,6767), (5,7669), (4,117), (4,7669), (2,6580), (4,4984), (4,6777), (5,4766), (2,7836), (5,4864), (2,351), (2,4703), (5,5954), (5,6114), (2,704), (4,7938)
culpa	(1,12704), (4,3270), (0,9027), (0,8527), (5,3766), (1,4150), (1,5558), (1,13242), (1,2876), (1,2494), (1,15934), (1,13252), (0,2916), (2,3240), (1,16584), (1,17352), (1,18760), (1,17353), (1,6346), (1,5195), (1,12365), (0,8557), (1,13134), (1,17745), (0,2930), (1,16083), (1,2520), (1,12121), (2,5563), (0,8825), (0,2695), (0,2700), (0,7565), (1,8303), (0,7569), (1,17653), (4,537), (1,16758), (2,4058), (1,16762), (1,8444), (4,290), (1,129), (4,937), (1,14727), (1,6281), (0,8234), (1,6284), (0,8876), (1,1041), (0,8240), (1,2710), (0,6071), (4,8381), (0,2746), (5,5663), (1,1564), (1,12445), (1,13597), (1,15263)
convicto	(2,6793)
culpe	(2,6675), (4,8383), (1,12703)
perde	(4,4928), (4,4497)
careceis	(1,2888)
contrastada	(5,2001)
expondria	(3,2943)
clavicimbano	(1,9747)
culpo	(1,10667), (1,10669)
desenvainando	(2,4560)
colonial	(5,2708), (0,184), (5,2483)
permiten	(5,1941), (1,915), (3,1318), (5,2216), (5,5506)
zafran	(4,425)
desacuerdo	(2,4417), (5,7658), (5,1775), (5,5857)
ducadillo	(4,6533)
colonias	(5,2709), (3,1863), (5,4889), (3,1867), (5,4877), (5,2831)
perea	(0,401), (0,13077), (0,12428)
rapiaorejas	(0,10028)
munecos	(2,4251), (2,3071)
embelese	(1,17668)
gefes	(3,253), (3,96)
divisaron	(3,2151)
lejana	(5,2980)
contrarias	(1,6656), (5,1621), (2,7013), (5,2426), (5,3405), (5,398), (0,8442), (1,1966), (5,3219)
chamorbueno	(0,10021)
contrariar	(5,295)
anadirse	(5,1228)
retrayendonos	(0,10556)
piezas	(1,15523), (1,12132), (3,968), (1,17417), (2,2827), (0,4140), (4,5137), (0,4143), (0,4207), (0,4145), (1,4434), (4,7672), (0,9812), (4,7674), (4,7675), (4,8002)
rezabades	(1,11987), (1,11988)
perdi	(2,7413), (1,6597), (1,6598), (4,5228), (1,3083), (4,8368), (1,6606)
recuerdan	(5,117), (5,362), (2,7623), (4,379), (2,1615)
contentisimas	(1,1156), (1,1516)
lejano	(5,7111), (5,680), (2,4901), (5,7273), (5,6418)
pleyade	(2,556)
extractado	(3,265)
teologa	(1,17658)
elegirle	(0,13278)
murio	(4,899), (5,6948), (5,7524), (5,5798), (5,1640), (1,8357), (4,7369), (3,811), (4,5838), (5,4721), (5,2421), (4,1429), (1,17522), (2,7828), (4,3223), (0,6995), (0,724), (0,8853), (0,10133), (2,6040), (0,6806), (1,3384), (0,13399), (5,5247), (0,10268), (1,12733), (1,16446), (5,387), (4,6501), (0,11489), (4,230), (4,743), (1,15686), (5,4555), (1,17610), (0,11498), (0,11499), (0,1005), (5,1369), (0,9974), (4,8124), (5,7197), (5,6558), (5,7198), (5,7200), (5,5346), (4,8577)
tiesa	(1,11882)
contrastaba	(2,3232)
estnordeste	(3,1719)
egregio	(2,1462)
peras	(4,5669)
muchachas	(2,3825), (2,6131), (1,710), (1,379), (1,1291), (1,301), (2,6414), (1,11215)
viesen	(0,7904), (1,4261), (1,6053), (1,17543), (0,7432), (0,7944), (3,2000), (1,14319), (1,11377), (0,7473), (0,8338), (1,9972), (1,5595), (0,6266), (1,14014), (1,4191), (1,5663)
comuneria	(2,2785), (2,5602), (2,6627), (2,2821), (2,6314), (2,7130), (2,2765)
elegirlo	(5,934)
enflaquecieron	(1,8822)
robustecer	(5,6600), (5,3353), (5,2287), (5,146)
permitia	(1,14155), (2,2621), (1,12815)
soltaron	(1,17184), (1,4258), (5,6370)
guardasen	(0,6468), (4,6162)
giros	(5,7881), (5,7866)
alternate	(3,3172), (1,19125), (2,8201), (4,9051), (5,9024), (0,13870)
consejas	(1,17814), (1,9612)
dormiades	(4,6824)
escudillen	(1,11677)
lorenzo	(1,15648), (1,15265), (1,15268), (1,15141), (1,15655), (1,15144), (1,15400), (1,15017), (1,14891), (1,15147), (1,15022), (1,15407), (1,15664), (1,14901), (1,15286), (1,15671), (1,14904), (1,15288), (1,15677), (1,15424), (1,15047), (1,15306), (1,15435), (1,15053), (1,15183), (1,15568), (1,15058), (1,15187), (1,15315), (1,15316), (1,15444), (1,15189), (1,15317), (1,15445), (1,15319), (1,15448), (1,15197), (1,15710), (1,14950), (1,15207), (1,15080), (1,14313), (1,14700), (1,14960), (1,15602), (1,15349), (1,14969), (1,15610), (1,15612), (1,15361), (1,15237), (1,14983), (1,15241), (1,15625), (1,15246), (1,15630), (1,15250), (1,15638), (1,14873), (1,15261), (1,15134), (1,15646)
disertar	(5,4249)
asador	(4,1685), (2,5149)
giron	(5,6632), (5,8252)
ofrecerles	(1,18536), (0,4862)
payaso	(2,1687)
tieso	(2,5043)
moralmente	(2,4689), (5,5569)
augmento	(0,9215), (0,5273), (0,3372), (0,5884), (0,3357)
emerson	(5,4500), (5,2872), (5,8168), (5,4492), (5,1009)
andubieron	(0,9008)
proveais	(0,10756), (0,3078), (0,3086)
permitio	(5,5252), (2,7601), (2,5587), (4,8886), (0,8740), (4,8432)
prescindiendo	(3,2905), (2,2763), (5,6095)
permitir	(5,1749), (0,8288), (0,4483), (1,14773), (3,2106), (5,7486), (2,6912)
aborrecia	(2,3121), (2,6139), (1,3709)
ofrescido	(0,3344), (0,1021)
imitar	(2,5025), (5,7624), (2,538), (1,17387)
ahorrar	(1,10754), (1,11858), (5,7050), (1,11451), (1,16207)
pugnando	(5,879)
pensado	(4,7141), (1,17991), (1,3145), (1,2033), (1,4210), (1,15346), (4,5751), (5,4633), (2,7511), (0,6293), (5,6810), (2,7513), (2,4764), (1,8635)
valladolid	(0,3331), (2,967), (4,6409), (1,15719), (1,16231), (1,8043), (2,974), (0,13262), (2,5458), (5,6584), (1,18106), (0,13275), (0,3166), (0,1443), (1,8516), (1,10821), (1,10885), (1,8520), (0,3178), (1,10827), (1,396), (1,8526), (5,5781), (1,8529), (0,5617), (0,562), (1,10902), (0,3319), (4,5883), (5,6620), (0,3130)
nariz	(0,10735), (2,644), (1,17732), (4,7945), (2,5930), (4,8540), (1,138), (4,817)
guaquelque	(3,1458)
cabestro	(4,5988), (4,7172)
felix	(1,18594), (1,18754), (1,18820), (1,18603), (1,18573), (1,18608), (3,1556), (1,18738), (1,18898), (1,18836), (1,18584), (1,18776), (1,18876), (1,18590)
carro	(4,6052), (5,6613), (4,6005), (4,6043), (1,13577), (1,4731), (4,7086), (4,6047), (1,8220)
ensanados	(5,1527)
obcecacion	(5,2524)
feliz	(5,7140), (5,6792), (2,3175), (1,14246), (2,3080), (2,5002), (2,4268), (1,6192), (2,1810), (5,6454), (2,4884), (1,14773), (2,3033), (2,4057), (2,4794), (5,3999), (2,4796), (2,6878)
algunos	(0,10303), (0,6720), (3,484), (1,13348), (1,16934), (1,6697), (1,7721), (1,1066), (0,8781), (2,2064), (1,9779), (0,6740), (0,6744), (1,14906), (2,1564), (0,4698), (0,10842), (0,4699), (0,8284), (5,4034), (0,8285), (2,2080), (0,6750), (0,4704), (0,612), (1,4679), (0,6248), (2,2094), (0,6254), (1,13392), (5,4565), (0,6775), (1,18521), (2,5179), (0,6266), (2,1086), (1,4189), (0,6780), (1,13918), (1,7268), (5,4585), (0,5252), (0,4741), (2,1609), (1,18025), (0,7818), (0,3215), (5,7156), (0,5264), (2,5205), (3,2103), (1,3701), (2,5206), (0,4757), (3,2105), (0,3222), (0,4758), (0,3224), (0,159), (5,4612), (0,7330), (1,4228), (2,5221), (0,7331), (1,134), (0,5285), (5,4620), (0,5289), (0,10924), (1,13965), (1,14477), (5,5142), (2,6259), (1,12436), (5,4122), (0,185), (0,7865), (5,6687), (0,4800), (5,4646), (0,6849), (0,7873), (1,6819), (1,6820), (0,6851), (3,2151), (1,4264), (0,3785), (0,7882), (0,13515), (2,1679), (5,7733), (1,17075), (2,5273), (0,8921), (1,17597), (0,6878), (0,223), (1,1728), (1,3776), (5,2631), (3,138), (0,9960), (3,2189), (0,3818), (1,4811), (1,17611), (0,8941), (0,6385), (0,6899), (0,13556), (0,1271), (3,670), (1,9436), (3,2207), (2,1727), (0,3837), (3,161), (3,2210), (0,4863), (5,1129), (1,7913), (2,4812), (0,4875), (3,1712), (0,2318), (1,8944), (0,8979), (5,6779), (0,8986), (3,703), (1,18687), (2,5345), (0,7968), (0,1825), (0,8993), (0,4902), (1,9481), (0,4905), (0,4906), (0,4907), (3,1232), (0,4909), (0,4910), (0,6959), (1,17687), (2,2299), (1,4378), (0,4922), (2,6398), (0,9020), (0,9021), (0,4927), (5,2726), (0,8513), (3,2789), (2,263), (3,1770), (3,1771), (3,748), (1,16682), (0,8526), (5,4790), (1,2869), (0,6488), (1,8505), (3,1276), (1,2364), (1,3901), (1,1855), (0,3424), (3,2308), (2,5411), (5,1736), (0,3433), (0,3434), (0,10602), (1,16717), (0,4974), (1,15699), (0,3443), (2,5429), (2,1334), (0,10100), (1,18262), (2,5947), (0,8058), (1,1888), (1,12641), (2,2883), (0,2949), (2,840), (0,4486), (1,8040), (0,8072), (0,10633), (0,7051), (0,10123), (0,8078), (5,7924), (0,8592), (1,6515), (2,6999), (0,8087), (1,4475), (0,8602), (1,16253), (0,8605), (3,833), (2,1376), (3,834), (5,4868), (1,17793), (5,2310), (3,1351), (1,8583), (3,842), (0,4010), (0,5034), (0,6058), (1,909), (1,5006), (0,7086), (0,7088), (0,2481), (1,3474), (2,7033), (2,7546), (5,1822), (5,3871), (5,4895), (1,14236), (3,1889), (3,1379), (2,7042), (0,6080), (0,10689), (0,457), (0,6089), (1,6570), (1,5042), (1,9652), (1,5047), (5,5436), (5,5949), (0,8152), (2,923), (0,474), (1,8637), (0,8158), (1,9664), (1,8130), (0,6116), (0,10724), (5,6477), (5,2894), (0,5097), (1,6090), (2,1964), (0,7146), (5,848), (2,6061), (2,6063), (3,913), (0,5104), (0,7154), (5,4443), (1,16859), (1,16863), (1,9696), (1,16864), (0,6658), (1,13795), (1,16870), (5,1387), (1,16876), (1,2542), (0,6669), (1,7663), (0,9231), (0,2577), (3,1462), (0,11284), (2,7127), (0,2587), (2,990), (0,3615), (2,994), (0,7201), (0,546), (0,5154), (1,16387), (1,18947), (3,969), (1,7687), (2,5100), (0,8241), (3,2517), (0,7731), (0,8755), (0,4663), (1,6680), (0,5177), (2,3068), (0,5178)
pensada	(4,6990), (1,18109)
perderian	(1,3173), (2,343), (0,7822)
algunoy	(0,3535)
feliu	(2,2369), (2,4402), (2,867), (2,4376), (2,5598)
periodo15	(5,1101)
branzas	(1,6505)
vargas	(0,12512), (0,409)
carry	(0,14032), (5,9175), (3,3323), (4,9212), (1,19276), (2,8352)
soltarme	(1,17927)
embozados	(1,11771), (1,11628)
encaminarlas	(0,5348)
vajando	(0,1955)
jorro	(0,7510), (1,6527)
condonaba	(5,4536)
perez	(3,3011), (5,8256), (2,14), (2,62), (1,5357)
villalobosenero	(0,2419)
baileis	(1,1390)
britanico	(5,5896), (5,5696), (5,6146)
ebullicion	(2,6641)
binglas	(0,10433), (0,12578)
amagandonos	(0,10622)
peres	(5,77)
prosistas	(5,6713)
tiene	(1,3105), (1,9250), (2,1029), (1,12326), (0,2120), (0,6216), (4,1999), (1,8236), (0,4173), (4,6099), (3,1013), (1,8244), (1,16441), (4,3040), (4,3044), (4,5093), (4,3046), (1,5187), (1,11334), (0,11365), (0,10346), (3,1038), (1,10320), (0,10351), (1,5201), (4,2037), (0,3185), (4,8181), (0,3186), (4,8184), (1,11350), (1,1111), (3,1055), (3,2079), (2,4159), (2,4161), (4,5124), (5,6117), (1,9313), (0,2181), (4,5129), (4,2058), (1,13415), (1,13418), (4,1039), (3,1070), (0,3211), (4,5137), (1,13424), (0,8336), (4,6168), (0,3221), (4,6169), (0,10389), (2,6236), (1,10363), (3,2112), (2,1120), (0,3230), (1,9343), (1,128), (4,6179), (4,6182), (4,7207), (0,3236), (1,134), (2,4199), (5,7180), (4,2092), (0,7338), (1,140), (5,6162), (4,2100), (4,2104), (4,6200), (4,2105), (2,4215), (1,151), (0,5302), (0,4286), (0,10432), (0,3265), (2,6279), (4,8265), (0,3270), (4,5195), (0,3273), (1,1196), (0,9420), (0,9421), (0,10446), (0,1231), (0,10447), (4,5206), (1,13492), (3,1143), (0,5332), (0,5333), (1,1208), (1,1209), (3,1147), (0,11480), (1,13497), (2,3227), (3,1152), (4,3171), (4,7272), (4,7273), (2,7336), (1,15559), (1,15560), (4,7277), (3,1170), (4,7283), (3,1176), (1,9431), (4,123), (4,4224), (4,5255), (0,11527), (5,6258), (1,16623), (4,6294), (1,18682), (1,2301), (1,11517), (5,1154), (1,1279), (1,17675), (4,7351), (0,308), (1,13591), (2,5373), (0,3388), (1,13597), (1,5406), (1,3362), (4,3270), (1,15652), (4,1225), (1,2342), (2,7442), (1,5427), (1,6453), (4,2265), (4,218), (1,12602), (3,260), (3,1284), (2,4393), (1,7496), (1,2378), (1,12619), (4,240), (2,2353), (0,10611), (3,1304), (0,4469), (1,18777), (0,13691), (1,17759), (3,1317), (4,6408), (3,296), (2,3401), (0,5512), (4,3342), (2,3404), (3,306), (4,5396), (2,340), (4,3350), (0,7572), (1,13685), (4,5401), (4,3358), (2,7517), (0,2461), (4,3362), (1,5506), (3,325), (2,3428), (1,389), (1,4488), (4,300), (0,10664), (1,6539), (1,16779), (1,18828), (4,3376), (2,6510), (0,8621), (1,1427), (2,2420), (4,3384), (1,7573), (3,345), (4,3386), (4,3387), (1,1434), (0,3513), (0,2490), (0,2491), (0,5563), (4,3392), (1,14749), (0,8639), (2,387), (2,3459), (3,357), (3,1382), (4,3400), (4,3408), (3,368), (3,1394), (0,5585), (4,2392), (1,4533), (3,1400), (3,1403), (3,1404), (4,3423), (5,1346), (1,2494), (1,15821), (1,16848), (4,3448), (1,2519), (1,15831), (1,2520), (1,9688), (0,2552), (4,5500), (2,4543), (2,4548), (0,4614), (0,2570), (0,2571), (0,5645), (2,1488), (1,3575), (0,4632), (4,7583), (0,6685), (2,4576), (0,4639), (0,6688), (4,3497), (4,3498), (4,2478), (4,3502), (4,7598), (1,7691), (4,5553), (4,1459), (5,4503), (0,2611), (4,3512), (4,6584), (4,3514), (0,4662), (0,6710), (1,11799), (0,3639), (1,4636), (4,2496), (0,2620), (1,1566), (4,6593), (4,7617), (4,451), (3,2530), (0,3649), (3,1510), (0,2629), (0,2631), (1,6702), (1,17968), (1,4657), (1,17969), (1,10803), (4,472), (4,1496), (1,4661), (1,4662), (1,8758), (0,5719), (2,6686), (1,9789), (2,4639), (2,547), (0,9827), (0,9828), (4,1521), (2,5680), (4,3573), (0,4721), (1,7763), (2,3637), (0,1655), (0,5752), (4,1533), (1,4699), (0,7803), (0,7804), (4,1540), (3,1574), (1,12900), (4,2569), (0,10888), (5,2542), (4,7693), (5,2543), (0,5770), (4,6676), (5,6649), (2,6743), (0,3735), (0,10907), (0,1693), (1,15998), (1,17022), (4,7717), (4,5671), (0,676), (0,677), (0,3749), (4,1582), (0,2730), (1,18060), (0,2735), (1,14994), (1,12953), (0,4794), (2,7804), (4,7746), (1,1697), (2,4738), (0,2753), (0,2758), (0,2763), (2,7829), (0,9945), (4,5726), (4,6753), (5,6722), (4,611), (4,5732), (3,645), (3,647), (1,11973), (1,12998), (3,649), (1,7879), (1,8908), (1,8909), (4,7793), (4,6770), (1,16079), (0,4857), (1,10971), (1,1756), (1,10975), (2,1730), (4,6789), (2,6851), (5,5737), (2,7879), (0,2823), (4,6798), (3,687), (1,10995), (4,2711), (1,10996), (1,18165), (0,10005), (1,15097), (1,18169), (4,2719), (3,2750), (4,6816), (0,805), (1,13064), (1,14090), (4,1710), (2,6894), (2,5872), (2,3828), (4,7864), (0,6964), (1,17174), (5,4763), (0,9014), (0,3899), (0,2882), (4,5834), (0,8006), (4,5835), (4,4813), (0,8009), (2,1804), (1,4912), (4,2778), (2,793), (4,734), (4,7903), (4,1763), (0,10079), (0,4962), (1,10057), (2,813), (2,814), (0,2924), (0,9070), (4,756), (2,823), (3,2840), (4,2811), (4,5886), (1,15197), (4,3844), (0,2952), (4,6925), (1,15214), (2,1876), (2,6998), (1,17270), (4,5914), (5,6907), (0,2967), (5,7935), (0,2976), (4,1832), (4,4905), (1,4998), (0,10149), (4,4906), (1,6026), (4,816), (1,16270), (0,2990), (1,16271), (1,18320), (2,6003), (2,6005), (1,6038), (1,16278), (1,6040), (1,6041), (5,798), (2,6013), (5,1826), (1,928), (0,4031), (0,10177), (1,5027), (3,2918), (3,1895), (2,6022), (4,1866), (0,1990), (0,3016), (1,16297), (4,845), (1,5034), (2,912), (1,8118), (4,861), (5,5950), (1,18366), (1,966), (1,3017), (1,5066), (4,1906), (4,884), (1,979), (1,980), (2,7096), (4,4987), (4,4989), (1,7131), (1,17372), (1,3040), (4,4995), (1,8160), (0,4097), (4,3974), (4,2951), (1,4070), (0,3078), (4,3980), (4,5004), (1,4081), (1,18417), (0,3096), (1,18425), (3,1980), (2,3037), (4,7079), (4,7080), (1,15366), (1,2057), (4,4012), (0,3112), (1,2060), (0,10289), (0,10290), (3,2008), (2,4087), (3,2009), (0,5174)
danzar	(1,18511)
arjonilla	(4,670)
carta	(3,2274), (0,11583), (0,576), (0,11331), (0,11333), (3,2538), (5,6573), (0,585), (5,6574), (3,2546), (1,7218), (0,11347), (0,11093), (0,11350), (2,1818), (0,13144), (0,13146), (5,7106), (0,13151), (5,2246), (5,7113), (5,1484), (2,5673), (5,2254), (3,2573), (0,11627), (1,15948), (3,1551), (0,11628), (1,13389), (0,621), (0,12909), (3,2065), (2,6961), (0,2416), (0,625), (5,7128), (1,7254), (0,11637), (1,7256), (1,89), (5,7134), (1,4700), (2,6973), (0,11643), (0,636), (0,637), (0,5759), (0,7295), (2,6731), (2,589), (4,8207), (0,11148), (1,623), (5,5876), (0,3473), (0,11667), (1,7285), (0,11161), (0,667), (0,11681), (0,3492), (0,7588), (1,17286), (3,587), (0,11689), (5,6671), (0,13227), (0,13233), (0,12978), (4,8505), (1,7318), (3,602), (3,1626), (3,2398), (0,9147), (3,2143), (0,3005), (0,11966), (2,385), (0,13503), (1,10913), (0,1986), (3,615), (1,10917), (0,12996), (0,11973), (2,2443), (0,11210), (0,13003), (5,5426), (0,2766), (1,9136), (1,7346), (2,660), (5,5433), (1,10933), (3,2426), (5,6205), (3,1663), (0,3553), (2,6819), (3,390), (3,902), (0,8165), (1,10951), (0,10982), (0,13286), (3,1674), (0,6887), (3,1676), (3,2445), (0,1773), (0,5359), (0,5617), (0,10993), (0,9202), (0,8435), (3,2455), (0,1784), (0,5632), (0,13312), (0,5633), (3,423), (3,424), (0,5383), (3,427), (0,522), (5,5489), (3,433), (2,4816), (2,7889), (5,5493), (0,8464), (1,17137), (0,11540), (0,11285), (1,7419), (3,2494), (0,12059), (0,11293), (0,11296), (0,11297), (0,11553), (0,12068), (5,2443), (0,3110), (0,5927), (0,11559), (2,7915), (3,2509), (2,4844), (5,7055), (0,8494), (1,17167), (0,13619), (4,8889), (1,17174), (2,4857), (3,2523), (3,2525), (0,13372), (5,7075)
imitan	(5,6341)
dalle	(4,7251), (4,3447), (0,1862), (4,4954), (4,1740), (4,7327)
dalla	(4,7665)
panaon	(0,13500)
pintar	(1,16259), (1,11032), (2,2747), (0,4842)
ollas	(3,148), (4,440), (3,952), (0,8615), (4,2161), (2,1568)
trafico	(5,404), (5,334), (5,3794)
pensaba	(1,3621), (1,3881), (2,6410), (1,3884), (1,6060), (1,10156), (1,2734), (2,3344), (1,11056), (4,597), (4,346), (4,2139), (1,14009), (1,6845), (1,17853), (1,6080), (4,6116), (1,8641), (0,6243), (1,4167), (1,2120), (0,8935), (1,13384), (1,6348), (1,15948), (1,9293), (1,13646), (2,3632), (1,4175), (1,4176), (2,6961), (1,16212), (1,13655), (1,4056), (1,17627), (1,17628), (4,6533), (0,6657), (1,12130), (2,2377), (1,17768), (2,5964), (2,5965), (0,6285), (1,8305), (0,12947), (1,11509), (1,6905), (1,1658), (1,15620), (1,2182), (1,9607), (4,174), (1,3595), (1,3725), (1,9617), (1,13585), (1,12181), (1,14616), (1,9497), (2,3580)
cancillerias	(5,2724)
escudillas	(4,1570)
sustituir	(5,7798), (5,6239)
deliberacion	(3,3002)
britanica	(3,2985), (5,8174)
dallo	(4,3291)
perorata	(2,2808)
abrevaba	(4,6183)
balijero	(4,8707), (4,2888), (4,8699), (4,3005), (4,2798), (4,3102), (4,8702), (4,8704), (4,2593), (4,2882)
comedianta	(1,8419)
acercaban	(5,4241)
enojada	(1,5649), (4,4181), (4,5465), (4,4506), (4,6508), (4,3839), (4,8817), (4,4146), (4,5714)
vinieredes	(0,2354), (4,3673), (0,5001)
comediante	(1,18016), (1,18017), (1,8393), (5,7520)
completo	(5,2086), (5,5734), (5,3432), (5,7528), (5,4777), (5,6249), (5,3562), (5,5418), (5,7658), (2,4491), (5,1231), (5,2386), (5,4021), (5,4149), (5,4757), (3,190), (0,604), (3,160), (0,637), (5,2818), (5,6531)
regian	(5,4562)
perla	(4,2552), (5,7178), (4,687), (1,493), (4,4992), (1,1214)
desabrigado	(0,10371)
acatado	(0,1761), (0,4563)
echeme	(1,17989)
acatada	(4,595)
compadece	(1,9190)
comprendereis	(2,4088)
hilan	(4,5989), (4,1484)
donaires	(1,202), (1,16682), (2,4174), (1,1519)
hilar	(4,5466), (4,8588), (4,7822), (4,7264)
muros	(2,7795), (5,3079), (5,475), (1,3655), (1,7816), (2,6010), (5,191), (3,1263), (1,10493), (1,5358)
dalgo	(0,2015), (0,3539), (0,1676)
enseno	(1,9696), (1,9729), (1,16401), (1,2405), (1,11879), (1,266), (1,16954), (1,4653)
apelemos	(2,6493)
fabricando	(1,6226)
rematando	(2,2000)
carne	(0,10303), (1,2593), (2,645), (1,16932), (1,7909), (1,16357), (1,16359), (4,1035), (4,3405), (1,16362), (0,7819), (0,8651), (2,4047), (1,17006), (4,5843), (3,1268), (4,3990), (4,3160), (1,7929), (1,4602), (4,1566), (1,18363), (1,6268), (1,18686), (4,5666), (1,17663), (0,7968), (0,7137), (4,1638), (1,17667), (0,6691), (0,6694), (0,2281), (2,4332), (0,2284), (1,8269), (0,367), (0,368), (1,16338), (1,16597), (1,18198), (1,4825), (1,16411), (1,16412), (1,3229), (2,6463), (0,7293)
astarna	(4,7805)
ensene	(0,3727), (4,5654), (2,5673), (1,18654)
enojado	(1,5712), (1,5715), (2,4198), (1,17125), (4,4281), (1,5785), (0,8281), (1,4766), (4,4274), (0,10542)
imperiales	(1,2348)
ahorque	(4,5974)
mitras	(2,7018)
ensena	(5,276), (5,4329), (4,218), (5,3004), (1,1193), (1,714), (4,240), (1,701), (2,5070)
usos	(2,37), (5,7609), (4,1595), (1,891)
encareciendoles	(1,6819), (1,10586)
enflaquecer	(2,1593)
decada	(5,6737)
pedestal	(5,972), (5,1260)
encareciese	(0,5094)
sarcasticas	(5,2658)
montar	(5,5446)
montas	(1,5527)
provocacion	(2,6982), (2,6938), (2,6878)
fijarlos	(2,2661)
algunas	(0,2367), (0,8516), (3,232), (5,4778), (2,7690), (2,2827), (3,1008), (1,1071), (2,2320), (1,6451), (4,727), (2,6677), (0,852), (1,17974), (0,4697), (1,13882), (2,1825), (3,2051), (1,3649), (1,9281), (0,4705), (1,16707), (3,1037), (1,3403), (5,4817), (3,1043), (0,4978), (0,3444), (0,7284), (1,14681), (0,3450), (0,4987), (1,861), (4,1027), (0,2687), (1,9056), (0,5252), (1,7269), (0,4742), (1,18023), (0,10634), (0,6283), (0,4494), (0,7313), (0,5012), (0,2453), (0,11159), (5,4349), (0,4761), (0,5017), (1,15226), (0,3740), (0,11165), (0,11421), (0,163), (3,1862), (2,2661), (1,5766), (0,5286), (2,5225), (1,8840), (1,16521), (0,6828), (2,1136), (1,3217), (0,5297), (0,6321), (3,1879), (2,6009), (5,6940), (0,2491), (0,10427), (2,3970), (2,7045), (0,7363), (1,1446), (0,6086), (2,3721), (1,169), (0,7881), (1,4780), (1,18860), (0,5068), (1,11953), (0,10706), (5,5177), (0,11221), (1,17590), (5,4155), (0,6870), (0,10454), (1,17591), (3,1658), (0,7128), (0,473), (2,7069), (0,4060), (1,13501), (1,9663), (1,17349), (2,681), (0,11239), (0,5096), (0,9961), (0,11241), (2,5037), (0,8683), (0,239), (0,6896), (1,14033), (1,17618), (0,11250), (0,4851), (2,6325), (0,11251), (5,5977), (3,1433), (0,11255), (0,11256), (5,94), (0,7419), (1,6621), (0,13565), (0,6400), (1,9707), (4,7315), (1,15857), (3,948), (0,3345), (0,5138), (1,14323), (1,4084), (1,15860), (3,695), (3,2234), (0,2329), (3,3005), (0,540), (5,4740), (3,1219), (1,6657), (2,3044), (0,6690), (4,8358), (0,5156), (1,6917), (1,4870), (0,7974), (1,1800), (3,1994), (0,6183), (1,13576), (3,1483), (1,1802), (0,6697), (0,2347), (0,6449), (1,14866), (2,7156), (0,11315), (1,3605), (0,9270)
dixeles	(4,828)
daba	(5,4516), (1,16675), (2,7429), (1,16932), (2,4871), (1,12074), (1,2603), (1,12854), (5,1979), (1,6969), (5,2495), (1,17980), (0,8544), (1,9281), (1,17987), (2,7719), (0,6247), (1,14664), (5,3279), (1,14411), (1,15948), (5,214), (4,2293), (2,6198), (0,8313), (2,4415), (0,6783), (1,4963), (5,7660), (4,4364), (5,4078), (1,17771), (4,5135), (5,5105), (1,9581), (1,16494), (1,9583), (1,6513), (4,791), (1,16757), (1,9592), (5,5119), (0,12955), (1,4480), (1,12930), (1,13703), (5,4108), (5,3598), (1,4237), (0,6573), (1,8590), (2,1650), (2,4466), (1,8593), (1,405), (1,6550), (5,2594), (1,18086), (1,15788), (1,18605), (2,657), (1,11953), (1,7099), (2,6302), (0,7644), (1,3521), (1,9665), (1,7874), (1,15811), (1,11204), (1,3014), (1,14023), (1,12744), (1,2761), (2,6058), (1,9676), (2,1967), (1,9935), (4,6521), (4,635), (1,7896), (1,17112), (4,5248), (1,15585), (3,167), (1,13798), (1,6633), (2,1484), (1,15852), (1,12784), (1,14065), (1,7159), (4,668), (1,17402), (0,283), (4,3232), (1,4861), (0,13084), (4,674), (1,13567), (1,17153), (2,5866), (1,7178), (5,1935), (1,7947), (1,8971), (1,17934), (0,6449), (2,4084), (1,15127), (4,956), (0,8504), (5,158)
coraje	(2,3908), (1,3134), (2,5023)
atenuarlas	(5,1727), (5,5680)
billete	(1,11476), (2,4815)
reservirlo	(4,1420)
tripulacion	(0,13455), (0,406), (0,296)
consecuencias	(5,2212), (5,2117), (5,4263), (5,424), (5,1612), (5,463), (5,2223), (2,4012), (5,5903), (5,3408), (2,6831), (5,532), (5,3766), (5,8822), (5,631), (5,7447), (5,1467), (5,7521), (5,7553), (5,3106)
flemosas	(1,9785)
disputando	(2,6741)
embaxador	(4,8755), (4,3333), (4,4565), (4,4981), (4,8757), (4,4973), (4,8718), (4,3807), (4,4975)
ballestillas	(0,3779)
nervudas	(2,269)
arredrado	(5,7873)
completa	(5,5221), (5,647), (5,7175), (5,3338), (2,7687), (5,1707), (5,6829), (2,4171), (5,434), (5,6002), (5,1043), (5,7796), (5,6774), (5,4631), (5,5656), (0,13427), (5,185), (5,2297), (5,5274), (2,6715), (5,5153), (2,7584)
phelipinas	(0,3094)
encuadernado	(2,359)
indisputablemente	(5,6276), (5,7610)
echeis	(1,12116), (4,8525)
saliendome	(1,17927)
ataoncomer	(0,10033)
procedian	(5,1752), (4,7054), (5,5919)
conformarse	(2,1877), (0,6022), (3,1691), (0,3546)
golosos	(1,17373)
tireis	(1,7953)
certifique	(2,776)
salomonica	(2,2288)
usaban	(5,3159), (3,1814), (3,1816), (1,5766), (3,777), (1,17020), (1,17246)
usus	(5,3313)
nullo	(5,7156)
trocarse	(2,6879)
convidar	(1,18692), (3,2602)
venciendo	(5,278), (1,14915)
ufanos	(1,18514)
espesura	(0,8678)
dada	(1,5027), (4,8550), (5,2760), (0,12035), (1,15652), (5,3338), (1,6950), (0,5894), (5,5713), (4,5105), (0,591), (4,629), (0,2035), (5,7832), (1,12500), (5,2713), (1,10262), (0,13111), (1,5978)
decaia	(5,4217)
vuelbe	(0,6418), (0,10933), (0,10870), (0,10871)
tramontanas	(4,3023)
vercruz	(0,3252)
xlvirespuesta	(4,8800)
desemparar	(0,10916)
sacrificarlas	(2,6790)
gertrudis	(5,7174)
zelebra	(0,7792)
ascendencia	(5,7606)
burle	(1,5323), (2,880)
escaramuzaron	(0,8669)
aposentar	(1,12994)
pavoroso	(2,1593)
burla	(1,5730), (1,8165), (1,16422), (0,7751), (1,11563), (1,2157), (1,8686), (1,11891), (2,4437), (1,5686), (1,15670), (1,17782), (2,3353), (1,16506), (1,1725), (5,4739), (1,1474), (0,7521), (1,4424), (1,15433), (1,15945), (1,17417), (2,2027), (1,15946), (1,971), (4,4655), (4,4401), (4,4721), (1,17040), (1,15378), (1,16211), (1,17302), (1,6682), (2,2685), (1,2142), (1,5726)
vuelan	(4,5820), (4,5681)
aborrecidos	(1,16789)
aprovecharlas	(5,4787)
exoidor	(2,6165)
decretos	(0,3075), (2,2779)
embates	(2,5935)
daca	(4,7268), (4,1833), (1,12264), (1,12265), (1,5585), (4,3254), (4,2871), (4,2204), (2,6427), (2,6491), (1,12891), (4,2303), (4,4223), (1,12766)
perseguirme	(1,8632)
candidaturas	(5,3328)
columbus	(5,3177), (5,2175)
recuerdas	(2,3385)
contrabando	(1,7201), (2,7049), (1,10970)
sucesivas	(5,2587)
apoderar	(1,12785)
desgraciadamente	(5,4724), (2,7026), (2,6806), (5,2721)
montes	(0,6690), (1,16484), (1,17609), (1,1611), (1,1643), (1,7790), (1,1777), (1,12145), (1,2034), (1,16531), (1,4180), (1,15797), (1,16575)
ahondando	(2,3092), (5,2526)
tiznado	(2,5357)
abofetearme	(2,4832)
seward	(5,3241), (5,3210), (5,3306), (5,3212), (5,8684), (5,2641), (5,3250), (5,2963), (5,3221), (5,3286), (5,3193), (5,3263), (5,2657), (5,3233), (5,3298), (5,995)
pisado	(2,3331), (4,4493)
convencidos	(2,4946), (5,2665)
considerable	(0,13919), (3,3333), (4,9222), (1,19175), (2,8362), (4,9100), (5,6254), (5,2480), (5,9074), (3,2289), (3,3222), (3,119), (1,19286), (2,6168), (2,8251), (0,14042), (5,9185)
losada	(1,17272), (1,17274)
reunelos	(5,2573)
sacaldo	(4,7499)
burlo	(4,3909), (2,7865), (4,5215)
embeleso	(3,230)
consejos	(1,3879), (5,1196), (1,8616), (5,1005), (5,2734), (1,18251), (1,18735), (5,726), (1,18615), (5,4796), (2,5310), (1,14942), (1,13631)
arcipreste	(1,11002)
cubriendolo	(1,9832)
conformaron	(0,6089)
veneracion	(2,6353), (0,8631), (5,7245), (2,1707), (2,1853)
agraciado	(5,1208)
dado	(2,2817), (1,4386), (3,2277), (0,2628), (1,13349), (2,520), (2,2568), (1,7468), (1,9260), (1,16685), (1,7215), (1,17967), (1,5937), (4,7131), (1,5944), (1,15675), (1,2364), (0,5982), (3,770), (1,16449), (1,9030), (1,3658), (1,3914), (1,13902), (1,1103), (5,4307), (1,13135), (4,759), (1,4181), (0,3960), (2,827), (4,6653), (1,6747), (4,4351), (1,11612), (2,7998), (1,1887), (4,4866), (4,519), (5,2024), (4,7688), (1,14693), (1,15461), (1,870), (4,5898), (1,13163), (1,13676), (1,12142), (1,8304), (1,12144), (3,1333), (1,8308), (5,5626), (0,2198), (1,2679), (1,15223), (1,16760), (5,5374), (1,18554), (1,1404), (4,5919), (5,5376), (1,3711), (2,3681), (5,6662), (1,13445), (1,15498), (1,6799), (1,7055), (1,14479), (5,7445), (1,2710), (1,7066), (1,8602), (1,17308), (1,2208), (1,9889), (4,5958), (1,9891), (1,4516), (3,1383), (1,4006), (1,6823), (1,15527), (1,18600), (5,2349), (1,3241), (2,6027), (1,11178), (1,173), (0,717), (1,1969), (0,2001), (2,6035), (4,1368), (0,3542), (2,6552), (1,18615), (1,7352), (1,9145), (3,1660), (1,12474), (2,7837), (1,9405), (1,11453), (1,1982), (0,3294), (0,4062), (1,11967), (3,1923), (1,6849), (1,2499), (5,5703), (4,3687), (1,12740), (1,2502), (2,1192), (1,1991), (2,1194), (1,4553), (1,14537), (2,4523), (1,9675), (1,14028), (2,1198), (2,5550), (1,7885), (1,13517), (2,5551), (1,8911), (0,7920), (1,9939), (0,2803), (1,5846), (4,6267), (1,15320), (1,1244), (0,2555), (4,7551), (0,2812), (4,6272), (4,2690), (1,483), (1,18915), (1,9445), (1,6375), (1,6887), (0,9224), (1,11241), (1,11497), (0,11786), (2,462), (1,15854), (1,14832), (1,14833), (1,13300), (0,3352), (1,7418), (1,1787), (1,12283), (1,1532), (1,15869), (4,7329), (1,12543), (1,513), (4,8356), (1,13059), (1,15107), (3,967), (1,18949), (3,971), (5,6029), (0,809), (1,18186), (1,4107), (1,2828), (1,8460), (2,3566), (1,7182), (1,8974), (0,2094), (1,18703), (1,6418), (1,4884), (4,956), (0,2872), (0,10297), (0,13113), (1,14618), (2,1023), (0,4414)
desesperarse	(1,15361), (1,6924)
patrioticos	(5,7157), (5,6937), (2,680), (2,5627), (2,476), (2,700), (5,6991)
cruzan	(1,450)
fertilisimo	(3,2279)
serojas	(4,7108)
decaer	(3,561)
notificacion	(0,2720)
contentisimos	(1,15689), (1,9131), (4,8608)
tubose	(0,6904)
deprender	(0,3719), (1,5756), (0,2350)
daldo	(4,2259), (4,2230)
carlo	(4,6682), (4,7038)
despachallos	(0,3229)
pagarselo	(0,7085)
groseramente	(2,4386), (2,7590)
manglar	(0,8966), (0,8982)
provechosas	(0,4658), (0,4726)
munecas	(1,9570), (2,3119)
dalde	(4,1658), (4,1824), (4,4610)
fertilisima	(1,4399)
mugrientos	(1,8120)
moradores	(1,13730), (1,18405), (1,7819), (1,2924), (0,492)
cumas	(3,953)
azar	(1,13382), (5,7276)
consideraban	(5,5766), (5,1754), (5,3483), (5,2796), (5,2479), (5,3539)
azam	(1,2972)
gruesa	(0,10175), (2,7715), (0,10706), (0,9508), (3,2393), (1,8842), (1,14172)
empalizadas	(3,864)
redundar	(1,4480), (1,2776), (0,3991), (1,8815)
presentosele	(2,7534)
transcurso	(2,6674), (2,2428)
apuros	(2,7517)
grueso	(0,9919), (1,17425), (4,5399), (4,5401), (5,878), (1,3277)
morohuincas	(3,1778), (3,1773), (3,2157)
tuviste	(2,2738), (1,17338)
minerva	(1,11560), (1,11566)
tantees	(1,1693)
incurren	(0,2014)
acababan	(5,1798), (5,6600), (5,4921), (1,18086), (3,1260), (0,7946), (4,6784)
seculares	(4,8259), (4,8405), (5,3931)
ilusorios	(5,6974)
influyo	(5,4676), (5,6518), (3,119), (5,5295)
vituperio	(4,4387), (5,6267), (1,105), (5,1709), (5,3119), (1,15839)
ningunos	(3,2839), (0,10694), (0,7576), (1,14909), (0,2670)
tuvieredes	(0,1536), (1,1715), (1,1207), (0,2296), (1,15497), (0,2105), (0,1741), (0,1933)
castigaron	(4,8562)
daga	(1,13712), (1,12227), (1,13237), (1,10534), (0,10567), (1,940), (1,13215)
disimulado	(1,15057), (3,533), (4,622)
espiritual	(2,4483), (0,9175), (3,2668), (3,686)
madrid	(0,13119), (2,4868), (1,10787), (2,524), (1,300), (1,1071), (2,1552), (2,4881), (0,82), (5,2496), (0,12896), (2,1059), (2,2085), (2,5669), (1,8516), (2,6438), (1,8520), (2,5418), (1,4683), (2,6444), (2,5677), (1,8526), (2,1331), (1,4695), (3,282), (2,7740), (5,7653), (5,7143), (2,73), (5,4337), (5,4341), (1,114), (5,4342), (5,6906), (5,2557), (1,378), (1,1914), (5,4352), (2,3937), (1,1155), (2,8036), (2,1125), (1,1158), (2,6248), (5,6156), (2,4716), (2,8046), (5,3858), (2,6001), (2,6261), (0,1460), (1,2202), (2,6012), (3,2403), (1,932), (2,6021), (1,10919), (1,937), (5,3630), (2,6028), (2,7566), (4,89), (1,11451), (5,2377), (2,423), (2,427), (2,1200), (5,2388), (3,917), (1,2004), (5,3673), (2,441), (1,2008), (5,7773), (2,448), (4,131), (5,3684), (5,3686), (5,7784), (5,6252), (5,3949), (0,13067), (1,1261), (5,6258), (1,1775), (0,4112), (5,2424), (2,985), (2,4573), (2,991), (1,2057), (5,5781), (5,7832), (1,10772), (1,2069), (1,2581), (2,4094), (2,4350), (1,1054)
secretaria	(2,2562), (1,15221), (3,2520), (2,2378), (2,2842), (5,7646)
trocaron	(1,1516), (2,4480)
mameluco	(4,1311)
vierte	(5,1816)
castigarlo	(0,8017)
influye	(0,12950), (2,1674), (1,11820)
secretario	(5,6020), (0,1442), (2,2756), (2,1829), (0,3107), (3,391), (5,5227), (5,5931), (2,1994), (2,6762), (5,6703), (2,1327), (5,5938), (1,5583), (3,978), (5,6520), (5,2395), (5,6523), (1,8567), (5,2716), (5,2494), (5,2402)
sustituto	(4,4931), (2,7281)
andubieren	(0,5219)
dais	(4,3303), (4,7448), (4,1467), (4,1820), (4,6268), (0,2089), (4,3999), (4,6896), (4,7825), (4,7586)
mandolos	(1,17102)
bravea	(4,6093)
disimulada	(2,615), (4,4945)
manigoldo	(1,7682)
cazados	(2,4645)
cazador	(1,1686), (1,4606)
recebiese	(1,3048), (1,6074)
castigarla	(1,7073)
defuera	(1,5997)
calamidad	(1,16279), (2,794), (1,4364), (1,2927)
uniformidad	(0,13427)
caderas	(4,8021)
mutatio	(1,17999)
colmena	(2,4994), (1,5479), (4,5660), (4,6559)
consumido	(1,12528), (4,7080)
sentose	(1,12976), (2,3286), (1,12967), (2,3994), (1,17470)
ofreciendoseme	(1,15850)
mendiga	(1,1196)
elegido	(5,2037), (5,3237), (5,1286), (1,7362), (5,1016), (0,5449), (4,8509), (2,124), (5,7283)
damas	(1,17088), (1,6786), (1,6755), (1,8419), (1,1349), (1,6728), (1,6667), (1,18380), (2,4911), (1,8142), (1,7056), (1,6325), (1,7222), (1,6295), (1,857), (1,17241), (1,1339), (1,8539), (1,6750), (1,6942)
retona	(3,483)
concordia	(5,6911), (5,6913)
castigarme	(1,17316), (1,7007)
deprendan	(0,5280)
recuerdos	(2,4169), (5,5117), (2,7869)
retorno	(5,3845), (1,4730), (0,7595)
acompanole	(1,3391)
amulatada	(0,9808), (1,11749)
zaga	(1,8221)
ausentado	(1,13554), (1,9307)
conspiro	(2,4021)
enviando	(3,642), (0,9256), (0,11821)
padescio	(0,6264)
carton	(2,5063)
parrafos	(5,2933), (3,919), (3,2889), (5,1676), (1,42), (2,5499), (2,3870), (5,2930), (0,318)
ofreciendosele	(1,9136)
redunden	(1,6260)
sufrir	(3,676), (0,769), (4,2535), (1,14183), (1,5259), (5,3826), (2,5232), (1,5041), (1,17074), (1,1462), (1,12024), (2,3130), (1,16829), (1,17885)
derramolas	(1,4570)
sufrio	(5,7556), (2,4115), (5,1375), (5,5903), (5,353), (1,5039), (5,7123)
alarido	(2,5530), (0,10552)
moradoras	(1,18339), (1,7975)
ensenome	(1,16402), (1,4717), (1,17358), (1,17390)
puesto	(5,933), (1,6177), (1,14369), (0,2115), (2,2566), (0,8773), (4,4046), (1,6189), (1,1583), (1,12848), (1,9779), (1,10808), (1,2114), (1,9283), (1,2630), (1,15943), (1,9293), (1,14929), (1,14930), (0,9842), (0,9843), (1,13400), (1,10841), (0,9849), (5,482), (1,11872), (1,13920), (0,8321), (1,18019), (0,9866), (1,4716), (2,3663), (1,6766), (2,4688), (0,9871), (1,14448), (5,504), (0,7830), (1,6267), (5,5632), (5,5633), (2,5215), (1,15999), (5,6149), (5,1030), (0,8354), (1,1669), (1,1675), (4,1582), (4,560), (0,5292), (2,1139), (1,3743), (0,8388), (1,2216), (1,8873), (5,1586), (4,7251), (2,3730), (1,17588), (1,4794), (1,12987), (1,7357), (1,6846), (2,2209), (1,10946), (1,3271), (1,10955), (3,142), (4,624), (5,1617), (1,4301), (4,6258), (1,7887), (0,10990), (1,8912), (1,3281), (5,7253), (1,17105), (3,661), (2,5812), (5,2653), (5,2146), (4,6274), (5,7270), (1,12515), (2,7879), (2,3787), (1,18155), (1,3824), (1,16113), (5,3702), (4,156), (5,1154), (1,9982), (1,1795), (2,7909), (1,6918), (1,3848), (5,3214), (1,4875), (2,751), (1,13070), (5,6294), (1,12050), (4,7863), (2,5371), (1,8987), (1,9504), (1,17697), (0,8517), (1,17190), (1,3884), (1,12079), (3,2294), (1,4916), (1,3385), (1,18746), (1,16187), (3,2826), (1,3403), (2,301), (2,5934), (2,303), (2,3891), (1,3411), (1,11092), (2,2870), (0,9588), (1,7001), (1,16222), (1,13667), (1,18277), (1,5483), (5,3313), (4,8467), (1,14704), (1,6003), (1,2933), (1,8566), (1,12150), (0,2454), (1,9079), (2,4445), (1,6526), (5,5892), (1,13186), (1,10120), (2,1898), (1,2953), (0,8110), (1,3984), (1,13205), (1,10138), (0,955), (0,6080), (1,7074), (1,9122), (1,10146), (1,14755), (1,13225), (2,6541), (1,2990), (5,5426), (0,975), (1,17330), (1,11700), (1,13748), (3,1911), (1,5557), (1,13751), (0,9175), (4,5981), (2,6556), (1,9662), (1,13246), (1,1983), (5,1859), (0,992), (5,1862), (1,14790), (1,16326), (1,6602), (5,1872), (1,3538), (1,13266), (0,1523), (1,10709), (4,8569), (1,2012), (1,7132), (1,3551), (2,1986), (5,7525), (1,18404), (2,4550), (1,17893), (5,874), (1,4072), (5,1910), (0,7187), (2,5592), (5,1405), (1,12285), (0,7199), (1,4609), (5,390), (0,9761), (5,7047), (2,6629), (1,7176), (1,2059), (1,13838), (1,3087), (2,7153), (0,13360), (5,2454), (0,8754), (1,8725), (1,13848), (5,925), (1,16921), (1,6683), (4,2496), (5,5026)
pierreto	(4,3922)
consumida	(4,6684)
texaredecas	(4,6949)
monton	(2,2660), (5,4205), (1,9468)
dale	(4,4790), (4,2872), (0,10132), (1,16901), (4,1854), (1,7996), (4,4882)
desbordamiento	(2,5856)
sufria	(2,1105), (2,4195), (0,6467), (5,4217), (1,8582), (2,7821), (0,8331), (0,7774)
elegida	(0,5477)
puesta	(1,2145), (4,6148), (1,13153), (0,4801), (0,6338), (1,9508), (4,4744), (1,18597), (0,6213), (0,5703), (1,7853), (5,7730), (1,11246), (1,8751), (1,12595), (1,4597), (1,9463), (1,1658), (1,6650), (1,3262), (5,197), (1,11844), (5,5833), (1,15623), (1,6664), (1,6796), (1,14540), (1,3214), (0,4718), (1,14991), (1,16975), (0,10735), (1,13649), (1,1240), (1,3288), (1,10842), (1,1116), (1,5852), (1,6877)
peones	(4,6012)
casco	(0,4354), (0,1574), (2,5049), (1,14188)
epidemia	(5,2421), (5,4185), (3,553), (5,4190)
repelua	(0,2682)
respondais	(1,15908), (1,15638)
contracciones	(2,5931), (2,7772)
despedazado	(1,3336)
embaidera	(4,3413)
despedazada	(2,1411)
almofrex	(4,2288)
zurriago	(2,5207)
vieramos	(1,12053)
pintor	(1,14709), (4,331), (1,16492)
conspire	(2,3395), (2,1119)
region	(0,131), (1,6309), (0,613), (0,105), (5,1294), (5,175), (0,204), (5,1297), (5,180), (5,6775), (5,7895), (0,118), (5,1627), (0,827), (5,6241), (5,1123)
support	(2,8323), (2,8388), (0,13797), (0,13991), (1,19052), (1,19276), (1,19247), (4,9171), (1,19312), (0,14032), (4,8982), (5,8951), (5,9175), (0,14068), (5,9146), (5,9211), (3,3099), (3,3323), (4,9212), (3,3294), (3,3359), (4,9249), (2,8128), (2,8352)
conspira	(5,7030)
gastadora	(1,18627)
cachas	(1,4753), (1,4787), (1,16371), (1,5477), (1,16423), (1,4617)
andubieran	(0,6103)
valimiento	(2,1328)
evidencia	(5,7750), (3,138), (5,7852), (3,1868), (5,3215)
enfrente	(2,739), (5,1623), (0,6868), (0,7076), (2,4311), (2,4408), (5,3853), (5,830), (5,7054), (5,447), (5,3025), (5,1347)
traginan	(3,1006)
hableis	(4,3366), (4,477)
dano	(0,9407), (1,18208), (0,2240), (0,2755), (1,4260), (0,7235), (0,8771), (0,2244), (0,8005), (0,7751), (0,8776), (1,17195), (0,2125), (1,8495), (2,4753), (0,2769), (1,5298), (1,17970), (1,179), (0,8018), (0,6356), (3,1275), (1,9786), (0,8795), (1,14525), (1,16062), (5,580), (1,832), (0,6496), (1,9793), (0,9312), (1,6467), (1,17603), (0,2915), (1,9156), (5,969), (0,7013), (0,7144), (1,8265), (1,8778), (0,2923), (0,8811), (0,7535), (1,17745), (0,8433), (0,2930), (0,8436), (1,16725), (0,6521), (0,1786), (5,5984), (0,8957), (3,2977), (4,8578), (0,2943), (1,16608), (3,2981), (0,7683), (0,8707), (1,16869), (2,7367), (0,7558), (0,7560), (0,9224), (0,6921), (2,1873), (0,7823), (0,7441), (0,7570), (1,17139), (0,7955), (1,17652), (0,1941), (0,3991), (0,6679), (0,7576), (2,7387), (0,8476), (0,7709), (0,8356), (1,6534), (0,6952), (2,4075), (1,18187), (5,4626), (0,9391), (1,10001), (0,7732), (2,1784), (2,7802), (0,2745), (0,7993), (0,7739), (0,9404)
juderia	(4,4549), (4,4390), (4,8695), (4,1992), (4,2488), (4,2153), (4,8686), (4,8688)
tamborin	(4,443)
pellizco	(1,10993), (1,16758)
cerraban	(5,133), (2,7660)
fiebre	(4,6184), (5,5850), (5,321)
madres	(4,3091), (3,835), (1,10881), (5,4886), (5,4890), (1,10232), (1,5194)
tamboril	(1,304)
bravas	(5,3935)
concretaban	(2,5729)
anguloso	(2,5412)
dana	(0,879), (4,8153)
leopoldo	(5,3772)
apresuramos	(2,1581)
enfadome	(1,4718)
plega	(0,947), (1,2213), (1,1366), (1,4518), (1,1132)
calaya	(0,13549)
cases	(1,1328), (2,2982)
zala	(1,3872)
resultando	(0,13618), (5,7357)
sentimos	(2,1595), (2,640)
encienden	(1,3036)
pleiteantes	(4,7299)
dame	(1,10177), (4,1125), (4,1639), (4,5713), (2,5807), (2,3698), (4,6262), (4,2394), (4,2271), (4,6303), (4,5760), (2,3615), (1,7134), (4,3106), (2,4320)
resignarse	(2,5000), (5,668), (5,3373)
dama	(1,4864), (5,809), (2,7846), (1,18438), (2,649), (2,3850), (1,13801), (1,18409), (4,7117), (1,5932), (2,5966), (1,16461), (4,4565), (1,7858), (1,7861), (4,5305), (1,15798), (4,5018), (4,508), (4,1438), (4,8513), (1,9726), (1,16478)
plena	(5,4950), (1,17692), (5,1889), (5,5441), (5,1347), (5,6451)
regire	(4,5191)
desgustados	(0,8272)
aborrecen	(3,2758), (3,2688)
veintidos	(1,13761), (5,2935), (5,5751), (5,7175), (0,851), (0,538), (5,5811)
aptitudes	(2,6957)
romancistas	(1,16864), (1,16889)
visiblemente	(5,4217), (5,2669)
aborrecer	(2,1075), (1,13626)
fronterizos	(3,2017)
inconstancia	(1,3108)
patache	(0,13456), (0,881), (0,13633), (0,13555), (0,12980), (0,13432), (0,844)
administrar	(4,280)
enfadoso	(1,18522)
mandoles	(0,7287), (1,5481), (0,7192), (1,6831)
derritese	(1,11721)
concordar	(1,18437)
encanta	(5,7739), (1,2298)
fundadamente	(5,6879)
vituperar	(4,147), (1,14256), (4,148), (5,2919), (4,8380)
frente	(4,835), (5,2212), (2,7682), (3,1893), (5,7335), (5,4136), (1,18343), (5,3373), (5,3502), (5,433), (5,692), (5,4532), (5,5812), (1,5682), (5,6582), (2,2324), (2,4372), (4,8537), (5,7227), (1,17981), (2,1185), (2,4772), (2,6693), (5,972), (1,8143), (3,1943), (4,7032), (1,18392), (4,637), (5,5347), (0,6145), (4,523), (2,5580), (5,7536), (2,7118), (5,6258), (2,4054), (5,3580), (4,5787), (2,3802), (2,7770), (1,8955), (1,1279), (2,1376), (2,6755), (3,1353), (5,5515), (1,137), (2,8043), (0,7209), (2,2670), (2,500), (5,1304), (1,3605), (2,7933), (5,2849), (5,1570)
aprovechamos	(1,3331), (2,7012)
proscenio	(5,7514), (5,7499), (5,303)
espinosa	(3,2274), (0,13633), (0,13700), (0,10822), (0,5961), (0,11593), (0,13003), (3,2031), (0,12108), (0,6926), (0,11345), (0,11602), (3,2423), (0,5974), (0,12120), (0,13144), (0,12249), (0,13466), (0,12251), (0,13148), (0,12253), (0,11614), (0,12255), (0,11685), (3,1865), (0,871), (3,2571), (3,2445), (3,2637), (0,12910), (3,2515), (0,13424), (0,13171), (0,13555), (5,1563), (0,11640), (3,2142), (0,10812), (3,2593), (0,12094)
vieron	(0,6720), (2,6660), (1,15140), (1,2597), (0,6988), (0,6221), (0,6989), (1,2610), (1,10547), (0,6739), (0,7507), (5,1465), (1,4406), (0,11607), (0,7262), (0,9822), (0,12126), (1,1856), (1,13378), (1,15428), (0,7525), (0,8039), (1,12872), (0,7018), (1,3150), (1,4438), (1,14170), (1,17754), (1,14173), (0,10877), (1,14175), (3,2346), (0,10376), (1,2923), (0,7562), (0,10378), (0,10380), (0,11662), (0,8591), (1,9328), (0,7313), (1,14450), (0,11669), (4,7198), (0,11674), (1,4220), (1,14205), (0,7327), (0,6305), (0,418), (5,4617), (1,16773), (1,18313), (1,7818), (1,17546), (0,6570), (1,11405), (1,11917), (0,8366), (1,14223), (0,8111), (4,8756), (0,6832), (0,434), (1,11412), (0,6581), (1,153), (0,440), (5,1821), (1,17309), (1,8607), (1,4256), (0,8383), (3,2151), (1,18341), (0,7365), (0,6342), (0,10438), (1,13735), (0,8392), (1,939), (1,14764), (0,6861), (0,6094), (0,7375), (1,13745), (0,7377), (1,8883), (1,4790), (0,6615), (0,10207), (0,6625), (1,3267), (1,6599), (4,4974), (0,6638), (1,18895), (0,7151), (5,7514), (1,5591), (0,7928), (4,895), (0,6142), (0,6654), (4,8834), (1,4837), (1,7399), (0,10505), (0,6160), (1,15345), (0,10516), (1,17146), (5,1663), (0,8741), (1,3591), (0,6697), (1,13326), (1,12305), (1,15122), (0,6198), (4,8381), (0,9788)
jubilacion	(2,3119)
comuneros	(2,1921), (2,2818), (2,4930), (2,7044), (2,6853), (2,6600), (2,522), (2,6282), (2,3022), (2,3024), (2,4944), (2,1810), (2,5143), (2,6423), (2,6999), (2,7065), (2,1820), (2,4956), (2,4964), (2,5285), (2,4711), (2,6761), (2,2224), (2,1906), (2,6642), (2,5363), (2,2484), (2,5172), (2,7220), (2,1784), (2,6330), (2,5435), (2,5308), (2,2494), (2,7103)
fabricad	(1,11848)
antidotos	(1,7063)
fornaris	(5,4586), (5,4589), (5,8223)
fabricar	(3,1124), (5,7927), (3,2189)
encogida	(4,2769)
fabrican	(3,951), (1,7832)
relicario	(1,4721)
protestaba	(5,4670)
pleno	(3,213), (2,6312), (5,7919), (5,947), (5,2483)
resolutamente	(0,5766)
medianeros	(1,12172)
respondame	(4,4034)
azia	(0,3155)
tabaquinara	(4,7171)
dara	(4,2755), (4,452), (2,2435), (2,2823), (4,4490), (0,1223), (4,8207), (1,5422), (4,1045), (0,3281), (2,7828), (4,8215), (1,2805), (4,4953), (2,984), (1,1338), (4,5279), (4,480), (1,5886), (4,1698), (3,2626), (1,4096), (1,11458), (1,16902), (1,2504), (4,4204), (4,3501), (1,4109), (4,1906), (4,4210), (4,6002), (2,5489), (4,2101), (1,13842), (4,1014), (1,6036), (1,10072), (1,1305), (4,2748), (1,3929), (0,1017), (0,1146), (4,2239), (4,4863), (4,4866)
encogido	(1,3282)
trocaria	(1,1470)
cubanos	(5,5108), (5,2725), (5,3861), (5,5175), (5,5128), (5,4665), (5,7114), (5,5179), (5,4444), (5,7119), (5,2610)
busca	(5,805), (4,1092), (1,11049), (3,493), (0,5323), (4,4052), (0,8272), (5,2230), (0,8660), (0,5589), (3,762), (5,1468), (4,3173), (3,776), (5,6349), (2,7594), (3,782), (2,5677), (0,3948), (4,5744), (2,178), (5,3030), (0,6260), (5,2140), (5,4061), (3,540), (3,926), (0,3966), (0,3968), (5,6503), (5,4457), (5,5609), (0,3461), (0,13446), (5,620), (0,3850), (5,4208), (1,6637), (2,3157), (0,4628), (0,5910), (0,3867), (1,12159), (4,1958), (0,13349), (2,4201), (0,4779), (0,3885), (5,6036), (5,2455), (5,536), (1,3094), (0,3895), (0,12984), (1,14873), (0,3385), (1,11036), (1,1951)
hilos	(2,3602), (2,867), (2,2803), (5,5782), (1,9186), (5,2332), (5,7612), (2,3599)
escarpes	(4,7184)
utf8	(0,21), (4,18)
enojare	(4,5089)
distrayendose	(3,130)
ratificase	(1,10192)
murat	(5,3123)
distribution	(4,9155), (5,8998), (5,9062), (1,19234), (4,9158), (5,9130), (5,9133), (1,19241), (4,9165), (5,9140), (3,3060), (0,13844), (0,13908), (2,8089), (0,13975), (0,13978), (0,13985), (1,19013), (3,3146), (3,3210), (3,3278), (4,8943), (5,8912), (2,8175), (2,8239), (3,3281), (2,8307), (2,8310), (3,3288), (1,19099), (1,19163), (2,8317), (4,9089), (0,13757), (4,9026), (1,19231)
almunecar	(4,7527)
empenosa	(3,2920)
daro	(4,7654)
enojara	(4,1515)
predilectos	(5,4019)
perturbar	(1,9575)
rotulo	(1,3050), (5,6175), (5,7475)
patrioticas	(5,5205), (2,6469), (2,696), (2,858), (2,2795), (5,6976)
dare	(4,5189), (1,4515), (1,9763), (1,9764), (4,4938), (1,13991), (4,6220), (1,9769), (4,4941), (4,7374), (1,18219), (1,558), (0,4176), (1,12084), (1,3899), (0,2011), (4,7777), (1,12096), (0,993), (4,4334), (1,5325), (1,11599), (1,18008), (3,1692), (4,6536), (4,7691), (4,8204), (1,875), (1,17516), (1,4077), (4,3217), (4,8209), (1,4975), (1,4084), (4,5399), (1,15094), (1,9209), (4,5030), (4,295), (1,904), (1,2954), (1,15754), (1,9739), (4,6832), (4,4788), (1,14099), (4,2618), (4,5690), (4,2747), (1,5406)
dulcedo	(4,6408)
monsenor	(4,4228), (4,4996), (4,4230), (4,4490), (4,4109), (4,4495), (4,4500), (4,4054), (4,4056), (4,4058), (4,5914), (4,4062), (4,4066), (4,4194), (4,5092), (4,7397), (4,4198), (4,4075), (4,4267), (4,7403), (4,5230), (4,5040), (4,4978), (4,4473), (4,7357), (4,4158), (4,5054)
aldonza	(4,8419), (4,516), (4,422), (4,556), (4,621), (4,622), (4,625), (4,499), (4,564), (4,534), (4,570), (4,602), (4,443), (4,8349), (4,416), (4,8417)
casan	(1,17953), (4,6815)
jorge	(0,2175), (0,2436), (0,389), (5,1194), (0,3015), (0,395), (0,2507), (3,2286), (0,1996), (0,11918), (0,527), (0,2703), (0,2767), (0,2768), (0,9554), (0,2707), (0,2711), (3,2299), (0,2968), (0,3032), (0,2778), (0,1563), (0,2971), (0,2716), (0,2781), (0,3039), (0,2720), (0,290), (0,2531), (0,2787), (0,2979), (5,7304), (0,2534), (0,12392), (2,5291), (0,2796), (0,2798), (0,13168), (0,2739), (1,18583), (0,1848), (0,12408), (0,13176), (0,12217), (0,3003), (0,382)
confese	(1,7485)
ensayados	(1,9415)
llaguno	(5,8426), (5,7646)
instrucciones75	(0,6043)
zape	(4,1725)
ingenita	(5,2030), (2,4079)
casar	(1,10625), (4,1445), (4,950), (1,12740), (1,7110), (4,7740), (1,7481), (4,1439), (4,2175), (4,609), (1,7183)
pisare	(4,8534)
casas	(0,4928), (4,2503), (0,9795), (0,9796), (0,9798), (0,335), (0,10321), (0,5202), (3,2039), (1,7736), (0,9816), (0,7004), (2,546), (0,5219), (0,8548), (5,8397), (1,2379), (1,1614), (2,6449), (1,14160), (0,5233), (1,7763), (4,1015), (0,7028), (1,11093), (4,1530), (0,7030), (0,7032), (0,7033), (0,10361), (0,10362), (0,1916), (0,10877), (0,10623), (3,1319), (4,6922), (3,1323), (3,814), (0,1931), (0,10635), (3,1328), (0,7313), (0,7829), (0,10390), (4,4386), (4,1572), (0,7329), (0,7332), (0,7334), (0,8614), (1,12937), (0,6826), (5,3600), (3,848), (0,8367), (2,6002), (0,435), (4,3383), (2,6008), (5,5148), (2,4730), (0,10424), (0,10427), (1,18334), (3,865), (0,7363), (0,10435), (0,6340), (0,10692), (0,10437), (0,10695), (3,1899), (4,2127), (0,10699), (3,368), (0,10190), (3,1651), (0,10705), (1,7604), (3,1143), (0,10453), (3,1145), (0,10455), (1,9146), (0,8921), (0,10203), (0,7388), (0,10204), (5,6725), (0,10208), (2,5540), (0,8162), (0,7402), (0,9450), (0,8683), (0,7404), (0,7154), (3,150), (1,4820), (0,13046), (3,2203), (4,4732), (1,11738), (4,7038), (0,6141), (5,3943), (0,6146), (4,6024), (0,8708), (0,8715), (3,2223), (0,6668), (0,10511), (0,6672), (1,5619), (0,8983), (0,10009), (0,13593), (0,8986), (0,8478), (0,9246), (5,6022), (5,3464), (0,6185), (0,6701), (0,6708), (0,6709), (0,6713), (0,2362), (2,1534), (0,9788), (1,16670), (0,9790)
ominoso	(5,4615), (5,234), (5,3082)
encanto	(5,4249), (3,745)
acefalo	(5,7486)
contentus	(1,8426)
envianla	(4,3595)
confeso	(2,6037), (2,6793), (5,893), (1,2875), (1,17117), (1,17278)
indicacion	(5,4062), (5,6094)
pinten	(0,4832)
busco	(1,288), (4,1091), (4,4675), (1,15841), (5,6998), (1,2372), (1,15828), (3,185), (1,9207), (4,4027), (4,1100), (1,9423)
enojase	(0,8016), (0,7879)
pintes	(1,2215)
subordinados	(5,5223)
gedacoy	(3,1588)
noviembreorden	(0,12035), (0,5894)
confesa	(4,859), (4,847)
date	(0,13887), (0,14019), (1,19269), (1,19142), (4,9068), (4,14), (4,9198), (5,16), (5,9168), (5,9041), (3,16), (2,16), (1,16), (0,17), (3,3316), (3,3189), (2,8345), (2,8218)
pronunciamiento	(5,7879), (5,2424), (5,7920)
data	(2,8257), (5,6166), (5,9080), (2,4375), (0,13925), (0,1270), (3,3228), (0,1275), (1,19181), (4,9106)
concordes	(3,179), (3,133), (3,1771)
verificadamente	(0,11624)
contrarios	(5,1988), (2,453), (0,451), (1,2085), (3,2055), (1,14406), (0,3431), (0,4201), (3,2029), (4,8462), (1,3150), (3,2833), (0,5006), (0,7630), (1,8432), (1,14420), (3,2808), (1,6652), (1,3741)
incierta	(5,6054), (5,6615), (0,5611), (5,2147), (0,2494)
llorase	(0,6585)
xicampana	(5,8844)
dato	(2,737), (0,13568), (5,7707), (2,731)
distributing	(3,3236), (2,8067), (3,3112), (3,3176), (2,8265), (1,19049), (3,3180), (2,8141), (2,8205), (1,18991), (2,8209), (5,8948), (4,8980), (3,3060), (1,19189), (5,8890), (4,9114), (2,8089), (4,8923), (1,19065), (1,19129), (4,9055), (5,9088), (1,19133), (4,8994), (4,9059), (5,8964), (5,9028), (0,13794), (5,9032), (1,19013), (4,8943), (5,8912), (0,13739), (0,13933), (0,13810), (0,13874), (3,3096), (0,13878), (3,3038), (2,8125), (0,13757)
ligada	(4,758)
deternan	(0,4575), (0,1886)
permitan	(3,1408)
culto	(5,3622), (5,5222), (0,4809), (0,6538), (2,1853)
incierto	(5,361), (4,8170), (5,604)
embiastes	(0,3590), (0,3096)
resgistro	(0,9283)
contentos	(5,421), (0,6593), (0,8833), (2,4484), (0,10114), (1,13603), (0,2563), (1,15334), (1,4584), (0,10311), (3,110), (0,10123), (4,592), (0,6541), (1,1199), (0,8146), (3,886), (1,10932), (0,8020), (0,8917), (1,10104), (0,6746), (0,8155), (0,8860), (3,1411), (1,12868), (1,4358), (0,6886), (0,8363), (0,8110), (0,8432), (1,12241), (1,14161), (4,7095), (0,6771), (3,87), (1,3158), (5,2590)
dase	(0,3235)
ligado	(4,2419), (0,13138), (4,5225)
realzar	(2,3842), (1,14761)
corcega	(1,7740)
cuernos	(1,5954), (1,5970), (4,7962), (1,5966)
seguimos	(0,10194), (2,1591), (0,10247), (0,10279)
hallegares	(0,10840)
alteza	(0,2560), (0,2625), (1,2344), (1,7145), (1,362), (1,11819), (0,2635), (0,3020), (0,2701), (1,11886), (0,2580), (0,9305), (0,9309), (1,6912), (1,13504), (0,2848), (1,8133), (0,9317), (0,9320), (0,9257), (0,9324), (0,9263), (0,9329), (0,2675), (0,9204), (0,9268), (0,2935), (0,9208), (0,9274), (0,9211), (0,9275)
llorara	(4,3681)
pulgas	(1,7952), (1,11878), (4,6830)
refundicion	(5,6466)
pulgar	(4,294)
lastimaron	(0,6486), (0,9019)
letreros	(2,1609), (2,5039), (2,7599)
felicitaciones	(2,5001)
proveyesen	(0,4120)
154222	(0,11904), (0,2068), (0,11908), (0,11912), (0,1981), (0,2221)
dava	(0,2786), (0,9052)
prevencion	(1,9558)
sinceramente	(2,5793), (5,1719), (5,2796), (5,2525)
sinrazon	(1,17148)
escondiose	(1,10409)
escupiles	(0,8602)
desprestigiado	(5,2646)
bayer	(5,7642)
incorrectas	(2,5798), (5,7916)
quereis	(4,2755), (1,13984), (4,4549), (4,4934), (4,2503), (4,4679), (4,584), (1,11173), (4,457), (1,18471), (2,4112), (4,7379), (4,4309), (4,2011), (4,3931), (1,15673), (4,5215), (1,6204), (1,9916), (4,6374), (4,6761), (4,2283), (4,4084), (1,12113), (1,11858), (1,14677), (1,18006), (4,2298), (1,4314), (1,18909), (4,5763), (4,2436), (1,14817), (1,18916), (1,14567), (1,12649), (1,2667), (1,14955), (4,1810), (4,1938), (4,2066), (4,7957), (1,14578), (4,7446), (4,1179), (1,15357), (0,5027), (4,3881), (4,5289), (4,6570), (1,6407), (1,14091), (4,4784), (1,7951), (1,14991), (4,2612), (1,1042), (4,7477), (1,13074), (0,2099), (1,13333), (4,7610), (4,6331), (1,14491), (4,3136), (4,4928), (4,1217), (4,2369), (4,4545), (1,13982)
calculos	(2,1332)
embaxadas	(4,3389)
repitese	(0,13234)
mantuviera	(2,3145)
suspendieron	(1,4316), (1,7436), (1,3950)
espinoso	(5,3990), (2,4469), (5,3053), (5,993)
repelon	(1,15185), (4,4811)
regimen	(5,7878), (5,1960), (5,4072), (5,1514), (5,1198), (3,1237), (5,4631), (5,3448), (5,3769), (5,154), (5,5562), (5,3995), (5,8156), (2,3098), (5,2622), (5,1055), (5,5024), (5,5153), (2,3231), (2,2208)
apuran	(1,11806)
cardador	(1,18392)
momentaneamente	(2,5796)
pensadores	(5,2873)
superficiales	(5,4509)
amistades	(2,993), (3,2598), (0,10789), (1,2983), (0,10730), (2,3245), (0,11884), (0,9486), (2,3122), (0,4882), (0,10744), (2,4700), (0,8958)
154215	(0,1484), (0,11870)
desapercevidos	(0,5223)
154218	(0,11874), (0,1544), (0,11881)
soltasen	(0,7192), (0,6569)
arbitraria	(0,814)
ingenios	(1,705), (3,1219), (1,292), (1,8133), (1,1768), (2,5307), (4,8030)
plegue	(1,1302)
ayudenos	(4,5123)
castigaran	(0,8281)
decirnos	(2,4230), (2,6361), (4,157)
estrionas	(4,2936)
aventuramos	(5,6905)
provease	(1,927)
especeria	(0,1120), (0,1312), (0,12648), (1,6698), (0,3338), (0,4045), (0,11821), (0,3152), (0,4625), (0,5139), (0,12981), (0,3096), (0,4024), (1,6521), (0,5051), (0,5116)
pesallos	(4,7602)
desiguales	(0,100), (4,8395), (5,3344), (5,6192)
locations	(0,14017), (3,3334), (4,9223), (1,19287), (4,9196), (2,8363), (0,14043), (5,9186)
encomenderos	(3,1067)
