espiritualmente	(0,13124)
desnudos	(0,8080), (0,10096), (1,3446), (0,10007), (1,4250), (0,9914), (0,6395), (0,8043), (1,13357), (0,5710)
recelaba	(1,9626)
legumbres	(3,949), (1,18198)
cuentame	(1,1061)
recibian	(5,6666), (5,2620), (2,6073), (5,6605), (2,1679)
martela	(4,4214)
compralla	(4,4080)
apetecerse	(5,1783)
piragua	(3,2485)
sangria	(0,8832), (0,8934)
alborotose	(1,10544), (1,12307), (2,5221), (1,15369), (2,4350), (1,8685), (1,6670)
martelo	(4,4276)
rescibian	(0,8168)
improbable	(5,1480), (5,5581), (5,3136)
impacientante	(5,7729)
quatrocientos	(0,11782), (0,10327), (0,11783)
vengara	(1,2393)
espacio	(5,2852), (1,13216), (5,1574), (1,8866), (0,1090), (5,1319), (1,15139), (1,4009), (0,7496), (2,4876), (1,6321), (5,440), (1,10167), (3,637), (0,7514), (1,17985), (4,2405), (1,4419), (1,14661), (1,14662), (5,3019), (1,18119), (2,1964), (1,9932), (1,14157), (1,13394), (5,7257), (0,1269), (1,3159), (1,5591), (1,1241), (1,90), (5,5342), (5,5726), (5,227), (1,14176), (3,1955), (5,3942), (1,15972), (5,6379), (1,15975), (1,18024), (1,14186), (1,12781), (5,1139), (1,4336), (5,1657), (1,13173), (3,826), (1,3451), (1,5116), (1,15999), (1,3328), (4,6180), (1,3458), (5,3208), (5,2827), (1,12552), (1,7052), (5,1556), (5,6548), (1,8218)
azotados	(1,8169)
estribillo	(5,2814), (2,4909)
preveia	(5,3241)
enamoro	(1,17873), (1,2370), (4,5173), (1,6915), (1,2073)
sacros	(4,8523)
appendix	(5,2570)
viole	(1,11430), (1,8330), (1,14554)
zacatuna	(0,8378)
maneras	(4,4964), (1,18882), (5,6023), (2,5797), (5,7272), (0,4872), (2,3179), (0,4809), (5,815), (4,5423), (5,6288), (1,749), (1,5645), (1,5326), (1,18001), (0,5042), (4,345), (4,5849), (4,3036), (2,860), (5,800)
copia	(3,419), (0,5632), (0,3074), (0,13186), (0,323), (0,516), (0,13380), (0,13638), (0,5642), (0,13070), (0,13073), (0,13137), (0,4370), (0,13590), (5,5116), (5,6142), (0,13337), (0,5211), (3,1664), (0,4318), (0,13600), (0,5602), (0,13666), (3,390), (0,4328), (0,4398), (0,13679), (5,919), (0,13682), (0,4211), (0,4403), (2,5237), (5,538), (3,1624), (0,13685), (0,4151), (4,252), (2,2683), (0,635), (3,2527), (5,7907)
enamora	(1,11586), (1,11561), (1,11550)
castellana	(5,7878), (0,7713), (1,195), (1,6371), (1,7460), (1,8870), (4,108), (5,6159), (5,6479), (1,6668), (5,7635), (5,7737), (5,6299), (5,797), (1,10910), (4,8354), (5,7907)
irreparables	(1,11619)
libreas	(4,5501)
servireis	(4,4568), (0,1752)
improvisacion	(5,1081)
delfin	(1,5752)
gorgojos	(1,17380)
ofrescieron	(0,3343), (0,8847)
texidas	(0,6320), (0,5115)
barrilejos	(0,6434)
civilizacion	(5,836), (5,7813), (5,4969), (5,4363), (0,13095), (5,7807), (5,3522)
posted	(5,8997), (4,9029), (2,8197), (5,9002), (0,13834), (1,19121), (4,9047), (0,13843), (5,9020), (0,13848), (3,3136), (4,9189), (2,8165), (3,3145), (0,13866), (3,3150), (2,8174), (1,19089), (2,8179), (4,9016), (5,8988), (1,19098), (3,3168), (4,9025), (1,19103)
castellano	(5,6342), (2,1572), (5,6537), (5,7789), (5,4110), (5,7822), (0,7532), (5,4755), (1,16079), (0,8433), (0,7858), (0,8018), (3,1974), (1,8436), (0,8435), (5,6745), (0,438), (5,7835), (5,3644), (0,7740), (2,544), (2,5408)
hermosearon	(1,15552)
cuartean	(1,12212)
mocosos	(1,8017)
recobrarlos	(2,7443)
odios	(5,6946)
vayondina	(4,3557)
cuartear	(0,13683)
providencias	(3,581), (3,1688), (3,2513)
scott	(5,1508), (5,8676), (5,1669), (5,8678), (5,1644), (5,4429), (5,1521), (5,1586), (5,1557), (5,1532), (5,8830), (5,1503), (5,1632)
recibida	(2,660), (5,5978), (2,3961)
copla	(1,3784), (1,3785), (1,3788)
anticipo	(5,2501)
favorecedores	(1,14841), (2,2543)
venideros	(1,7296), (1,153), (2,2059), (2,348)
recibido	(0,11823), (2,7427), (5,7096), (5,5114), (5,5450), (3,601), (2,2409), (5,1709), (2,1627), (0,587), (2,7565), (2,1248)
auctor	(4,2371), (4,6215), (4,3656), (4,1868), (4,5708), (4,2384), (4,5712), (4,8785), (4,3539), (4,8788), (4,5846), (4,8791), (4,1880), (4,3420), (4,5859), (4,8803), (4,3429), (4,5861), (4,8422), (4,3433), (4,5865), (4,6125), (4,8429), (4,3438), (4,5872), (4,3442), (4,5747), (4,2422), (4,5878), (4,2426), (4,5883), (4,3580), (4,8316), (4,1917), (4,2430), (4,5758), (4,3455), (4,3585), (4,2434), (4,3332), (4,3590), (4,1927), (4,5768), (4,2444), (4,5900), (4,8717), (4,5776), (4,3473), (4,5905), (4,2450), (4,8722), (4,3347), (4,8596), (4,3605), (4,3352), (4,3480), (4,2457), (4,5789), (4,5917), (4,2462), (4,3358), (4,8351), (4,2467), (4,3366), (4,3622), (4,2471), (4,3495), (4,3626), (4,8490), (4,2475), (4,2348), (4,3373), (4,5933), (4,3630), (4,3504), (4,8880), (4,8883), (4,3636), (4,8374), (4,2363), (4,3643), (4,3516), (4,8894), (4,3647), (4,3522)
pifanos	(1,6649)
aguacero	(0,9631)
lisonjear	(1,8034), (1,6787)
detonacion	(5,7514)
algarada	(5,4577)
respetaban	(2,6298), (1,12591), (1,17247)
truxo	(0,10643), (0,710)
forzara	(1,3527)
vengase	(2,530), (1,12163), (4,8184), (2,1417), (4,5360)
congestion	(2,914), (2,5695)
palinodia	(5,7055)
dijeras	(1,17188), (1,8185), (1,11885)
talante	(1,9867), (2,1247)
harpers	(5,2874), (5,2908), (5,2769), (5,2801), (5,2977)
temidos	(3,1315)
infeliz	(2,2242), (2,4306), (2,7730), (5,2278), (2,1286), (2,1495), (2,5978), (2,6092), (2,4078)
lamentos	(5,7316), (5,6982), (5,4162), (2,1440), (1,8959)
tendia	(5,2020), (0,11297), (5,5547), (5,6427), (5,4812), (5,2179), (5,4067)
admiroles	(1,13728), (1,4801)
bramido	(5,6365)
camiquin	(0,13504)
alaben	(4,4759)
pilotos	(0,4544), (0,6084), (0,6854), (0,3531), (0,9163), (0,5969), (0,6103), (0,4828), (0,6108), (0,2397), (0,9695), (0,6112), (0,353), (0,6114), (0,4836), (0,6119), (0,6247), (0,13543), (0,4842), (0,6123), (0,876), (0,4589), (0,6253), (0,2159), (0,4210), (0,6258), (0,6259), (0,13428), (0,6006), (0,2167), (0,378), (0,9211), (0,3454), (0,12037), (0,11910), (0,2183), (0,5896), (0,394), (0,9610), (0,11916), (0,2190), (0,9998), (0,5903), (0,5905), (0,6289), (0,6034), (0,4627), (0,2070), (0,1687), (0,9368), (0,2202), (0,6043), (0,10139), (0,5917), (0,6301), (0,12061), (0,6316), (0,1712), (0,4272), (0,13616), (0,307), (0,13108), (0,9148)
primeros	(5,5159), (5,6186), (5,7341), (0,3530), (2,6286), (5,4147), (5,1846), (3,250), (5,6593), (5,3782), (4,8039), (1,16836), (0,10596), (5,5706), (1,1738), (5,1104), (0,748), (0,113), (0,5879), (5,2271), (5,2914), (0,13182), (5,3044), (5,5988), (3,1188), (1,16742), (0,3976), (5,6509), (5,6129), (5,4084), (5,126), (3,2108), (5,256), (3,2111), (5,2305), (4,673), (5,1026), (5,1027), (1,4352), (3,836), (0,5665), (3,837), (1,2179), (5,3337), (4,555), (0,1191), (0,1832), (5,3476), (5,6933), (0,817), (5,279), (5,1177), (2,2806), (2,4342), (5,1307), (5,5787), (0,189)
aledanos	(5,1300)
vengame	(1,14040)
encerraste	(4,8441)
tomallo	(0,10319), (1,18394)
christiano	(0,4559), (0,2595), (0,2627), (0,7915), (0,1757)
christiana	(0,9375), (0,8312), (0,9387)
contemplarte	(1,669)
eternamente	(5,356), (5,6325), (5,3894), (5,4424), (5,1725)
querra	(2,2227), (0,1699), (4,5513), (4,1467), (1,10060), (2,3902), (1,5069), (4,6816), (3,560), (2,4783), (1,5838), (4,3842)
dijeran	(1,18950), (1,4153), (5,2478), (1,17226)
enviudaras	(1,824)
mismisimo	(2,3752)
reputacion	(5,484), (4,5509), (5,3309), (5,1905), (5,3250), (5,2804), (5,1655), (5,3191), (5,5882), (4,4251), (4,2909), (5,5694), (5,1600), (5,5573), (5,3846), (5,6214), (5,1288), (5,1544), (5,3279), (4,6702), (5,2068), (5,5972), (5,347), (4,2492), (5,353)
vendrian	(1,18340), (5,4512), (1,8349)
ruina	(5,724), (4,8451), (3,2707), (1,18069), (1,7686), (5,283), (5,1643), (1,15079), (5,7004), (5,5216), (5,434)
desconocido	(2,963), (1,15026), (2,1045), (5,7258), (5,875), (2,1582), (5,5697), (1,13038)
cuchicheos	(2,5320)
bastarian	(2,1047), (5,1410)
sastreria	(2,319)
diomedes	(4,549), (4,487), (4,620), (4,557), (4,589), (4,621), (4,7662), (4,623), (4,497), (4,626), (4,627), (4,599), (4,631), (4,601), (4,5595), (4,5597), (4,575)
dispusicion	(0,8163), (0,1070)
eripescado	(0,10025)
prevent	(4,8979), (5,8948), (0,13794), (3,3096), (1,19049), (2,8125)
ladridos	(5,579)
desconocida	(5,2710), (5,1063), (4,106), (5,1294), (1,4063)
tomalla	(0,5939), (0,6301)
estableciendo	(2,5558), (2,4169)
fachada	(2,6003)
tomalle	(0,2373)
infiernos	(1,5517)
traxeron	(0,7967), (0,8223), (0,8643), (0,6902), (4,7836), (0,8057), (0,8299), (4,945), (0,8349)
zelosos	(0,6017)
duda	(2,5889), (1,1313), (1,13089), (0,2881), (1,13606), (1,2607), (1,5936), (3,2803), (5,7607), (1,13620), (2,1558), (1,1336), (5,6846), (5,7872), (0,12891), (2,4647), (3,2313), (5,5579), (5,1996), (0,1384), (5,7885), (1,7499), (2,5677), (1,10575), (5,472), (5,7128), (2,2614), (1,14934), (5,5852), (1,17757), (2,7743), (1,3427), (1,3683), (3,2090), (2,5449), (1,14697), (1,18026), (5,2288), (5,7666), (0,11410), (5,505), (5,1274), (2,88), (1,7036), (1,12668), (5,6914), (3,2626), (5,3077), (3,580), (1,10629), (1,16009), (2,3179), (1,1933), (1,8333), (1,13967), (1,15504), (1,4754), (1,18075), (5,1825), (3,2656), (1,17568), (1,7330), (1,5030), (3,1388), (2,2957), (2,3470), (5,2868), (5,5429), (1,18869), (0,3285), (1,3004), (1,9149), (1,6846), (5,4676), (1,2241), (5,6213), (2,1699), (5,840), (1,13511), (1,14535), (1,18377), (1,11980), (1,17361), (1,978), (3,1940), (1,3026), (5,4183), (1,13781), (2,4279), (2,6839), (1,11478), (1,2008), (2,6841), (1,988), (4,8575), (1,9181), (2,4034), (5,1126), (1,4323), (5,2153), (1,2023), (4,8587), (5,5230), (1,1260), (1,1263), (1,16879), (3,178), (2,6098), (5,3447), (1,2036), (1,14836), (3,2743), (1,13045), (3,441), (1,13303), (1,3576), (2,3801), (2,4057), (1,4088), (1,13816), (1,14073), (2,1246), (1,7423), (1,7424), (5,3719), (3,1478), (5,6280), (1,6661), (1,15370), (5,6543), (1,12046), (1,18447), (2,5873), (3,2259), (1,14611), (1,2581), (2,3574), (1,11542), (1,7447), (3,2269), (5,7839), (1,16157), (1,14878)
haiti	(5,2418)
colera	(1,10529), (1,10980), (1,17124), (2,3464), (5,4460), (1,3178), (5,4590), (1,12270), (1,14958), (2,3921), (1,8564), (1,5687), (5,4031), (1,16638), (2,1376), (1,4927), (1,15424), (1,11395), (1,5383), (5,5964), (2,6829), (1,3085), (1,15184), (1,15632), (1,2449), (1,14993), (1,5330), (5,855), (5,2904), (5,1053), (1,5658), (2,316), (5,546)
ausentes	(1,17243), (1,5900)
calaboceros	(2,7557), (2,7545), (2,7581)
juridicion	(0,2992)
dudo	(1,2612), (3,2743), (1,7205), (3,696), (1,1014), (1,1206), (1,345), (2,6156), (4,528)
erades	(1,15203)
desaparicion	(5,4236)
mover	(3,678), (4,6826), (1,10567), (1,170), (2,1740), (3,2222), (1,8557), (2,304), (0,819), (1,1460), (1,13078), (1,13080), (1,3994), (1,10714)
zubu	(0,11584), (0,8130), (0,10818), (0,9156), (0,5957), (0,12101), (0,8390), (0,8136), (0,12873), (0,10828), (0,12620), (0,9165), (0,10833), (0,12114), (0,10835), (0,11347), (0,10836), (0,11605), (0,7894), (0,10839), (0,11351), (0,11607), (0,6744), (0,10842), (0,12123), (0,10845), (0,12125), (0,7902), (0,9438), (0,7391), (0,8415), (0,7904), (0,13664), (0,8162), (0,8418), (0,11618), (0,11621), (0,9190), (0,10854), (0,11623), (0,10857), (0,8428), (0,10988), (0,7918), (0,11631), (0,8437), (0,7670), (0,11638), (0,8439), (0,11383), (0,8443), (0,11645), (0,8450), (0,10886), (0,11662), (0,8467), (0,8469), (0,11669), (0,8348), (0,8350), (0,11682), (0,11299), (0,11690), (0,8364), (0,7220), (0,9524), (0,8760), (0,8377), (0,12090), (0,8380), (0,8126), (0,9534)
tendio	(1,4441), (1,17722), (1,5470)
perseguidores	(5,7539)
dude	(3,100), (3,2311), (1,5885)
trigesimo	(5,2629)
guardate	(4,6790), (1,854), (4,1818), (4,5597)
exsenador	(5,2375)
colgar	(4,4870)
correspondence	(5,8129), (5,5650)
marion	(1,5752)
recivais	(0,1966)
escasas	(2,1010)
mesura	(1,12403), (1,4838)
necios	(4,2169), (4,4265), (4,8286), (4,5679), (4,2146), (4,5458)
berenjenal	(2,2420), (2,136)
humillacion	(5,3830)
premiando	(3,640)
arbor	(4,8294), (4,8375), (4,8302)
satelites	(3,99)
diarios	(2,611), (0,13158), (5,4831)
leonero	(2,7285)
conqu	(0,2)
descalabraron	(0,9967), (0,9968), (0,10913)
medica	(4,7940), (4,6075)
acaecia	(5,6702)
ausentaria	(4,8590)
tesalia	(4,583), (4,2937), (4,6878)
mereciesen	(0,3862)
incornato	(4,7655)
escano	(1,16018), (1,14901)
reyno	(0,2559), (3,2180), (3,2436), (3,1861), (3,2279), (3,1417), (3,2793), (0,8008), (0,7852), (0,7693), (0,3374), (3,2194), (0,7856), (3,565), (3,1845), (3,2775), (0,1237), (3,2777), (3,2556), (3,735), (0,13213), (3,2913)
amargas	(4,6275), (2,2773), (1,14996), (1,2806), (1,9275), (1,2510)
incite	(1,11587), (2,2766)
leerlos	(5,2216)
amanuense	(3,422)
dominandoles	(2,7016)
fascinacion	(5,5846)
pusiese	(1,4384), (1,14208), (1,4100), (1,7589), (1,18408), (3,843), (1,7211), (0,8909), (1,9646), (3,2994), (1,5456), (1,14673), (1,7922), (5,7866), (0,8631), (1,3131), (1,6011), (0,6618), (1,7356), (1,15325), (1,13726), (1,14366), (0,8798)
ardite	(1,7972), (1,4933), (1,18200), (1,1678)
sensibles	(4,3279)
escapa	(1,17639), (2,667), (2,4687)
maravillome	(4,5504)
labran	(0,1734)
ramas	(5,1412), (5,3940), (2,4163), (5,3160), (3,237), (5,1775), (5,2399), (5,3936), (5,8832), (1,18716)
celada	(0,9968), (1,15398), (2,5050)
determinada	(4,820), (0,848), (0,2881), (5,4554), (1,18710), (2,4936), (0,13416), (0,666)
labrar	(4,453), (4,794), (1,17879), (2,6043), (2,7691), (0,3770), (1,14957), (0,3501)
revivifican	(4,8330)
tuviese	(1,6114), (0,2820), (1,6629), (2,2121), (1,3752), (1,8872), (4,141), (1,14826), (1,18603), (5,3312), (1,3705), (1,13307), (4,6559), (1,12924), (5,3841), (4,7968), (1,9213), (1,10494), (4,8099), (1,8064), (1,4865), (5,1158), (4,8101), (1,17541), (5,268), (1,2249), (0,361), (1,10635), (1,3917), (1,3726), (4,7665), (1,9551), (1,7824), (0,10544), (1,5266), (4,7862), (1,3863), (4,831), (3,2974)
faltando	(1,1043), (1,8243), (1,6469), (4,6011)
entregandole	(1,1664), (5,2651)
prefieren	(2,5512), (5,1155)
determinado	(1,160), (3,2466), (0,992), (0,674), (1,9061), (1,11942), (1,8937), (1,14090), (1,14860), (0,2894), (5,5044), (1,1777), (1,12529), (5,7095), (0,12946), (1,11509), (1,13047), (1,14936), (0,2873), (0,13370), (1,10940), (0,2492)
mediar	(5,4214), (5,6621), (0,620)
medias	(1,7782), (2,267), (1,10922), (1,6477), (4,3537), (1,4654), (0,5744), (3,1497), (2,2521), (5,1086), (1,4602), (1,6650), (5,1955), (1,5119)
hazanas	(1,6723), (1,6404), (5,6696), (1,6439), (1,202), (1,92), (2,5645), (1,6974)
asesino	(2,6037), (2,6024), (5,5756), (2,6027), (5,7503)
despreciarse	(3,2184)
cruzaba	(1,16576)
fatuo	(2,152)
guarnacha	(4,5765), (4,5762)
apuntandole	(3,2174)
receipt	(2,8226), (4,9076), (0,13905), (3,3207), (5,9049), (0,13895), (1,19160), (3,3197), (2,8236), (4,9086), (1,19150), (5,9059)
pusiere	(1,9198), (0,5470)
escabechados	(1,8465)
restituyesen	(0,8084), (0,8078)
aguapies	(4,2871)
pusiera	(1,2816), (1,17361), (1,3526), (1,5446), (2,7744)
quiereslo	(1,17811), (4,6718)
const	(5,555), (5,706)
catedra	(1,10768), (5,4118), (1,16779), (5,5027)
comienzan	(4,8004), (2,2485), (1,8485), (4,7980), (0,858)
conta	(4,6271)
crimea	(5,2392)
echose	(4,6078)
pescando	(0,7876), (0,10903)
comienzas	(1,3536)
ceremonial	(2,4997), (1,18005), (2,5184)
parecio	(0,6208), (1,7458), (1,6309), (5,4652), (1,6312), (5,7468), (1,15528), (1,13874), (1,1973), (1,16822), (1,13111), (1,4154), (2,7067), (1,9019), (1,9534), (2,7457), (1,1985), (2,2082), (1,15809), (1,4418), (1,12611), (1,13509), (5,2762), (5,4172), (1,12232), (1,13001), (1,15564), (2,3758), (1,6221), (1,7887), (0,8046), (1,4817), (1,16593), (2,824), (1,12376), (1,13404), (2,3518), (1,11870), (5,7269), (1,10467), (5,6632), (1,3301), (5,2412), (5,7533), (1,11241), (0,9993), (0,7563), (1,11629), (3,433), (1,15087), (2,1495), (1,2428), (1,7805), (1,12926), (0,3487), (1,4610), (0,930), (5,2311), (1,11267), (1,11268), (0,3492), (0,9636), (1,13317), (1,11270), (1,17926), (5,5517), (1,17290), (2,7789), (1,6285), (1,18068), (1,18580), (1,3609), (1,14362)
desmayeis	(1,14770)
conte	(1,8209), (1,18026)
previendo	(2,3878), (2,2906), (5,2563)
medido	(5,7154)
relucen	(4,5139)
conto	(1,6817), (1,14113), (5,3878), (5,5035), (1,6954), (1,12847), (1,3762), (1,3770), (1,3773), (1,15296), (3,1542), (2,678), (1,14536), (1,2635), (1,16205), (5,7634), (1,2639), (1,15314), (0,6386), (1,9043), (1,10839), (1,13656), (1,12253), (1,12767), (1,9827), (1,10853), (1,17896), (4,2446), (1,2157), (1,15597), (1,14831), (1,3826), (1,14834), (1,13299), (1,2165), (1,12406), (2,2776), (1,12283), (2,3296), (1,8451), (2,3047), (1,8838), (1,12294), (1,3719), (0,7848), (1,2827), (1,14609), (1,14229), (0,10682), (0,7995)
fuiste	(1,9088), (2,3304), (2,3311), (1,13038), (1,6975)
crimen	(5,7077), (5,759), (5,762), (2,5177), (5,765), (2,6026), (2,7739), (2,6044), (2,7326), (2,4047), (5,6259), (5,7139)
convaleciente	(1,15724)
escala	(3,707), (3,1475), (5,3654), (0,786), (2,6116), (1,3268), (0,3861), (0,4038), (2,2410), (0,4840), (1,3262)
individuo	(2,1681), (2,6724), (5,7591), (5,539), (5,875), (5,5260), (5,1265), (2,6432)
parecia	(1,4387), (1,3620), (1,7726), (2,5138), (1,12853), (1,16439), (5,5564), (5,701), (4,6110), (2,3104), (2,7716), (0,6245), (1,4170), (1,4432), (1,8019), (2,3127), (5,3551), (1,9058), (1,10594), (0,9858), (2,842), (1,17272), (5,6912), (2,6750), (4,7204), (1,8068), (1,8837), (2,6762), (1,9355), (1,16523), (4,559), (4,8239), (2,3184), (1,4239), (2,6257), (1,9617), (1,7314), (2,1396), (5,1819), (1,9121), (2,6278), (1,15530), (1,7084), (0,10443), (1,1969), (1,10162), (2,5526), (1,18361), (2,5020), (5,320), (0,10716), (1,8895), (2,6306), (5,6214), (1,15811), (5,4169), (2,3496), (1,5320), (1,17612), (1,12239), (1,12496), (5,2648), (5,2907), (1,13015), (1,5087), (4,6786), (1,7649), (1,15585), (4,5000), (1,16614), (1,4840), (5,7021), (3,2477), (1,17899), (0,11533), (1,16369), (4,662), (1,13300), (1,17403), (1,12284), (5,4481), (1,4610), (1,4612), (5,6792), (1,5128), (1,6668), (1,4621), (2,5358), (2,7919), (4,8369), (5,2451), (0,9774), (1,11023), (2,2289), (2,3569), (5,5526), (1,6675), (0,10294), (1,11031), (1,6426)
cruzado	(1,10008)
medida	(4,4939), (4,4940), (5,4016), (2,1556), (5,2295), (5,5367), (5,1082), (0,2262), (2,6936), (5,4095), (5,130), (2,1759), (5,132), (1,9792), (1,9795), (5,1161), (1,9925), (4,1776), (5,1435), (1,7703), (5,988), (2,5625), (1,9496), (1,9499), (1,9500), (5,2723)
pimeramente	(0,4245)
solidas	(5,5176), (5,5897)
cromwell	(5,2820), (5,8135), (2,7035), (2,783)
organizar	(5,2772), (5,615), (5,5402), (5,667), (5,2449)
juristas	(4,8851), (4,7720), (4,7705)
alfileres	(1,17760), (1,17762), (2,5517), (1,17374)
acaecio	(1,8169), (3,1231)
barbacoa105	(0,9799)
cruzada	(1,4678), (5,5053), (5,510)
ceremonias	(1,1569), (1,4739), (2,1637), (1,17060), (5,4074), (2,4967), (1,3431), (2,1641), (1,6473), (1,1582), (1,15183), (1,1589), (1,534), (2,2078)
gozque	(5,579)
medico	(4,7939), (5,7588), (1,10017), (4,7814), (2,903), (4,3273), (5,939), (4,7818), (2,906), (5,7662), (4,8854), (1,8245), (4,8857), (1,9015), (5,1532), (4,8860), (1,8249), (4,3293), (5,7619), (4,7590), (4,1703), (4,7016), (1,12422), (1,12425), (1,12491), (4,7920), (1,2958), (1,8270), (1,12494), (4,7602), (4,7922), (4,7986), (1,8274), (2,3893), (4,760), (4,763), (4,7612), (4,7613), (4,7742)
energumeno	(2,5543)
embestirme	(1,18722)
osos	(1,12807)
retrayendo	(4,320), (4,8368)
medici	(1,8257)
quejaba	(1,8548), (1,13046), (1,7080), (1,13017), (1,18137), (2,4348), (1,13068)
combatirse	(1,14242)
osse	(2,1546)
sonaba	(4,5795), (4,7539), (1,16178), (1,4343), (2,5624), (5,2461), (4,4364), (2,5020)
ossa	(4,4897)
ausentarme	(1,13140)
apoyada	(5,3330)
ahogado	(1,3712), (1,6578)
deshonesta	(1,8683)
deshonesto	(1,4129)
homogenea	(5,3447)
pacientes	(1,2674), (4,7607)
marido	(1,800), (4,7109), (1,12066), (1,10024), (2,3850), (4,7885), (4,6350), (1,2604), (4,6351), (1,7468), (4,7120), (4,7891), (4,6868), (4,7892), (4,7126), (4,2520), (4,2009), (1,10550), (4,7898), (4,7902), (4,479), (4,2015), (4,7904), (4,8672), (1,2371), (1,9539), (4,1768), (1,10575), (1,12879), (1,6224), (1,15953), (4,1788), (4,7677), (1,9052), (1,4190), (1,2660), (1,9573), (5,6637), (1,2669), (1,9581), (4,7697), (1,15989), (1,12409), (4,7203), (1,13698), (4,7976), (1,16006), (1,16262), (2,8043), (4,6196), (1,9106), (1,9620), (2,1401), (1,9113), (1,10143), (1,10656), (4,7237), (1,10150), (1,2475), (1,10161), (1,7603), (5,1080), (4,5719), (2,2969), (4,1116), (1,2760), (1,11980), (1,10706), (1,15828), (1,15841), (4,1157), (1,9955), (1,10724), (1,18917), (1,10470), (1,18921), (4,1934), (4,1167), (4,1937), (1,17137), (4,1429), (1,10739), (4,1175), (1,10740), (4,7835), (5,6524), (4,1693), (4,6302), (1,17149), (4,1698), (4,1700), (1,775), (4,1964), (1,12042), (1,17165), (1,12046), (1,3855), (1,17167), (1,17168), (1,12050), (2,3060), (4,6326), (2,3829), (1,17173), (1,12059), (1,7967)
apoyado	(3,2562), (5,2621), (3,2191), (2,5006)
abonados	(5,5718)
desconfianza	(3,2837), (2,6233), (2,4362)
danghera	(5,6551), (5,6497)
haldas	(1,1396), (1,10922)
recivir	(0,1321)
impuso	(5,1145), (5,909), (2,2094)
arrepentirse	(1,9282)
recivio	(0,10727), (0,2635)
interpone	(4,8691), (4,2344)
admitio	(1,15697), (0,6519)
chacaras	(3,375)
asturianos	(1,18646)
venturas	(1,928), (1,11846), (1,11801), (1,11997)
admitir	(3,1590), (5,1196), (1,18153), (5,7679), (5,3090), (5,771), (1,13631)
postrar	(1,1794)
disputarlos	(3,2908)
vacante	(5,7525), (4,3941), (2,4742), (2,2378), (1,11114)
sesma	(0,5484)
calzon	(3,1898)
acobarda	(1,11561)
ineludible	(5,3511), (5,5052)
solidos	(3,2219)
respetados	(1,5109), (0,9383), (1,2189), (0,4509)
mostrenco	(1,8318)
admitia	(5,1796)
separo	(0,432), (0,13443), (2,2920)
sonada	(1,16170)
agravar	(2,6802), (5,5547), (5,320)
conos	(4,6531)
intrabis	(4,4898)
acontecer	(0,1625), (0,2603)
bosquejado	(5,2624), (1,17966)
acontecen	(1,8623)
sesmo	(0,11023), (0,13568), (0,11236), (0,10952), (0,11386), (0,11562), (0,11069), (0,11086)
tienelo	(4,4387)
hijosdalgo	(1,8401), (0,2090)
matola	(4,5719)
esperar	(2,4997), (4,4040), (2,2823), (5,4906), (1,15272), (2,2316), (2,3860), (1,11060), (5,2747), (4,5084), (1,14017), (1,10691), (4,8295), (1,10186), (5,1745), (1,2893), (1,17742), (1,3409), (5,602), (1,11478), (1,16474), (1,9053), (1,5086), (1,12638), (1,14943), (1,12004), (5,2793), (2,5702), (1,12902), (1,15079), (1,6376), (0,7688), (0,3977), (0,6800), (1,4083), (0,3987), (1,10614), (1,10488), (0,7320), (5,5120), (0,3998), (0,3487), (4,8613), (3,1221), (4,5031), (1,6662), (2,4202), (1,6156), (0,3501), (2,5232), (4,2613), (1,4248), (1,3869)
esperas	(4,4805), (4,8443)
inducir	(1,188)
sagaz	(1,17347), (1,8724), (4,283), (5,3117), (4,3377), (1,9599)
lindos	(1,10322), (4,470), (4,2186), (4,3423), (4,6833)
postrer	(1,18533)
fiaban	(3,1195), (1,4555), (0,6381)
ginebra	(4,8086), (1,11133)
sonado	(4,4355), (5,5817), (4,8264), (4,8233), (4,4351)
temen	(1,10974)
taberna	(1,9698), (1,17234), (4,6039), (4,5994), (4,2139), (2,6329), (4,5998), (2,5581), (5,7504), (1,12255)
temes	(1,8800)
taba	(1,10772)
temer	(1,16354), (1,4803), (1,6532), (5,2537), (1,6375), (1,4936), (0,8170), (1,6125), (0,7788), (1,9775), (4,8342), (5,1404), (1,3257), (1,11419), (0,8795), (5,1089), (1,5215)
inducia	(5,2470)
adorase	(1,3044)
tunuyan	(3,1042), (3,299), (3,303)
determinaba	(1,7177), (4,4365), (2,956), (2,5696)
tupotiporpescado	(0,10025)
cavidad	(2,203)
inquisitoriales	(5,3771)
realizo	(0,497), (0,13283), (5,4778), (2,779), (5,5152), (0,846)
reconocen	(3,2788), (5,1178), (3,1872)
ensangrentaba	(5,5130)
admitiendo	(5,2846)
esperan	(4,5111), (4,5992), (4,4121), (1,153), (1,10121), (0,7689), (2,221), (4,6383), (4,6016), (4,8736), (1,1135)
alegrose	(1,15297), (1,9013), (1,17400)
universalidad	(5,7818)
reconocer	(2,4385), (5,549), (5,3461), (5,7205), (0,196), (0,3877), (0,3878), (0,3943), (3,235), (3,1868), (3,2156), (2,1068), (0,13356), (0,3853), (5,5682), (5,5141), (1,6481), (0,7024), (5,826), (3,249), (5,2530), (3,1761)
llevareis	(0,2336), (0,1697), (0,2344), (1,14382), (4,2018)
fator	(0,4304), (0,7425), (0,5876), (0,9287), (0,1518)
acaecer	(0,5221)
aventuradas	(5,7689)
mosto	(4,5424)
organized	(5,9159), (0,14007), (3,3307), (1,19260), (2,8336), (4,9186)
esperad	(1,8014)
minsion	(0,1183)
periodismo	(2,4146), (2,4158)
llamandose	(1,8605)
sonadoras	(1,5110), (1,18344)
tribunos	(2,133), (5,6634), (2,138)
ejercer	(5,6036), (5,3624), (5,6601), (5,3259), (5,2028), (5,240)
hallandolas	(1,17204)
sesgo	(1,7347)
apicio	(4,442)
acedias	(1,4870)
rinones	(4,5383), (4,5785)
turbamulta	(1,11767), (2,4729), (2,1850), (1,10809)
funde	(5,3888)
echolo	(1,1897)
desabrimiento	(1,12293), (0,8022), (2,6813)
sospechosamente	(1,9833)
entendiesen	(1,1473), (0,7904), (0,8160), (0,7713), (1,16691), (0,8163), (0,8116), (1,8597), (0,6135), (0,8839)
proofread	(0,13920), (3,3223), (1,19176), (4,9101), (2,8252), (5,9075)
braveza	(1,16585), (3,2784)
fundo	(2,5207), (3,2172), (3,398), (5,4336)
chozas	(5,3159), (1,1755)
detenimiento	(5,7886), (4,8238)
enfermedades	(0,482), (2,1814), (5,4025), (0,501), (4,6697), (4,7593), (3,382), (3,1168), (5,7347)
renombrado	(5,2780)
cursados	(1,5017)
leyendolas	(2,7916)
archivo	(3,757), (5,5425), (3,656)
arenosa	(3,1033)
ganen	(4,1698)
leyesen	(1,1412)
salterio	(1,18399)
estupido	(2,7810)
pertenecientes	(2,6676), (0,11811), (0,11827), (4,280), (0,11815), (0,4264), (2,5274), (5,1615), (0,5132), (3,336)
archive	(3,3298), (3,3301), (0,13890), (0,13892), (3,3304), (2,8327), (3,3306), (2,8330), (2,8333), (3,3311), (2,8335), (0,14029), (3,3188), (2,8340), (1,19251), (4,9175), (3,3192), (3,3320), (4,9177), (1,19254), (3,3194), (2,8217), (1,19257), (5,9150), (0,13913), (4,9182), (1,19259), (2,8221), (2,8349), (5,9153), (0,13788), (2,8223), (4,9185), (5,9156), (1,19264), (5,9158), (4,9191), (1,19141), (5,9163), (4,9067), (1,19145), (1,19273), (1,19147), (4,9071), (5,9040), (0,13932), (3,3216), (4,9073), (3,3090), (5,9044), (5,9172), (5,9046), (2,8245), (2,8119), (4,9209), (3,3235), (1,19169), (0,14081), (4,9094), (1,19043), (2,8264), (5,9068), (3,3372), (5,8942), (4,8974), (2,8401), (1,19188), (4,9113), (5,9087), (1,19325), (5,9224), (0,13995), (4,9264), (0,13998), (0,14004), (0,14006), (0,14011), (0,13886)
acomodamiento	(5,492), (5,3024)
rescivais	(0,2226)
exclusivismo	(5,1671), (5,827)
marias	(1,7529)
reedificaron	(4,6141)
embiados	(0,1960)
abarraganadas	(4,2896)
oposito	(1,4531)
estupida	(2,5650), (2,3668)
ausentaron	(1,14421)
inglaterra	(5,548), (5,5892), (5,2889), (5,4458), (5,4491), (2,809), (5,5932), (5,2832), (5,4592), (5,5712), (5,5720), (5,6296), (5,665), (3,2167), (5,2713), (5,5273), (5,6105), (5,4958), (5,5215), (5,4800), (5,6112), (5,7809), (5,6018)
politicos	(5,2981), (5,166), (2,2117), (5,2472), (2,7365), (2,6280), (5,4526), (2,5267), (5,6776), (5,2489), (5,123), (5,2363), (5,3004), (1,1659), (5,5441), (5,7363), (5,3012), (5,4741), (2,611), (5,6598), (5,1671), (5,2383), (5,213), (5,5142), (5,601), (5,7065), (2,1722), (2,5630), (5,2723)
cavalgar	(4,4518), (4,4759), (4,5209), (4,4490), (4,5216)
consultarse	(0,13407)
lesionados	(5,3484)
sutiles	(4,3796), (5,2235), (1,2700), (2,4013), (2,6461)
empedralla	(1,8377)
destrozarlas	(0,2750)
apoyaba	(5,5767), (5,5752)
interrumpe	(2,5337)
acontecio	(4,2389), (4,6890), (4,7834), (4,6076), (2,5258), (5,2640), (5,1411)
desertar	(5,1897), (2,190)
inducen	(0,656)
picunches	(3,300)
sobornos	(2,1224), (1,2983)
magica	(4,6180)
acontecia	(1,8387)
exageradas	(5,6904), (5,2298)
ganan	(1,8406), (4,2128), (1,17949), (4,3042), (4,7714)
envolvian	(1,17155)
ganar	(4,8005), (4,1158), (2,6788), (4,5831), (4,7820), (4,4046), (4,5780), (4,6996), (4,1174), (3,1270), (1,14964), (1,8630), (4,2010), (1,6073), (1,16377), (4,7454), (4,4191), (1,17796), (4,6890), (3,785), (5,2393), (4,1529), (4,3449), (5,2012), (5,2588), (5,5468), (4,2365), (1,8412), (1,17372)
temas	(2,4983)
empenase	(2,836)
reconocia	(3,2322), (5,565), (5,5222), (5,478), (5,127), (5,4287), (5,4401)
ganas	(2,4251), (0,10635), (1,7006)
escaseo	(0,11071)
requirements	(3,3332), (4,9221), (0,14049), (3,3141), (3,3334), (4,9223), (5,9192), (2,8361), (2,8170), (3,3340), (2,8363), (4,9229), (2,8369), (0,13839), (1,19285), (1,19094), (1,19287), (4,9020), (0,14041), (5,9184), (0,14043), (5,8993), (1,19293), (5,9186)
seriamos	(0,6770)
magico	(2,5558), (5,6539), (5,8445)
marica	(4,3740)
funda	(5,2804), (2,2466), (3,2836), (1,7922), (2,3318), (5,2222), (3,255), (3,2399)
terral	(0,8431), (0,7483)
festiva	(2,7322), (2,3611)
reconocio	(3,434), (2,6177), (5,2806), (1,7255), (0,10470), (1,15527), (1,2571), (1,8875), (1,17277), (1,7583)
cingladuras	(0,6101), (0,13563), (0,13564), (0,6110)
escasez	(3,92)
obedeciese	(1,6115)
sacaban	(0,8482), (1,5604), (1,4341), (1,6069), (1,8185), (1,8585), (1,8186), (0,6700)
airosos	(2,2031)
citado	(3,1797), (3,1813), (3,2713), (3,2332), (3,1565), (5,2703), (3,1854), (3,2383), (5,5953), (3,1680), (5,4898)
esperen	(4,2727), (4,7801), (4,5022), (4,5038), (4,7616)
expiatorio	(2,6135)
interrumpa	(2,5375)
nadador	(1,2153)
fuegos	(4,6166), (4,6167), (0,5031), (0,6350)
citada	(0,13408), (2,6051), (5,7336), (5,555), (3,2538), (3,2445), (3,2509), (5,1331), (3,2545), (3,2642), (5,5493), (3,2262), (5,6744), (5,6393), (3,1498), (5,2941), (5,6879), (5,5249)
olvidados	(2,2481), (2,2292), (5,6013), (5,6112)
entrometidos	(2,2074)
haziendo	(0,9264)
reconocerla	(0,7361), (3,1717)
costarle	(5,2168)
ombligo	(4,6675), (4,8547), (4,5898), (4,3311)
democratico	(5,5562)
vestales	(5,6243)
comediantes	(1,8400), (1,18089)
rhodes	(5,8633), (5,7324), (5,1117)
fases	(5,1454), (5,4799), (5,1874)
tentare	(1,629)
indiscretos	(1,1007)
obraban	(2,6797)
democratica	(5,1899)
escogieron	(1,6282)
hazienda	(0,9215), (0,3488), (0,3080), (0,9306), (0,3484), (0,9118)
ocuparon	(4,6868), (5,598), (5,7245)
reconocerlo	(5,1962)
defenderlas	(5,211)
relacionados	(5,3743), (5,6514), (3,2337)
granolleques	(1,14122)
preguntaste	(1,16633), (1,3007)
dandoles	(0,4863), (0,6050), (0,102), (2,5640), (1,7113), (0,3689), (0,8522), (1,9483), (1,2572), (0,6379), (0,5004), (0,4591), (0,5039), (0,8566), (0,4663), (0,4508), (0,8508)
llover	(1,2766)
juntandome	(3,867)
comba	(4,3244)
janiceros	(4,7412)
escaleras	(4,677), (4,806)
medinasidonia	(5,6633)
bellacazo	(4,6531)
apreciaba	(5,5076), (1,4181)
suavizar	(5,7424)
cocheras	(2,6054), (2,6007)
tropezo	(2,4119), (5,3163), (1,9271)
borney	(0,7551), (0,7615), (0,7554), (0,7491), (0,7555), (0,7588), (0,7627), (0,9419), (0,9420), (0,10412), (0,7661), (0,7663), (0,7440), (0,7601), (0,7665), (0,10417), (0,8466), (0,7572), (0,7578)
villareal	(0,2143), (0,288), (0,2002), (0,2152), (0,2057)
magnanimamente	(5,3317)
anquechilla	(3,1442), (3,1445)
viles	(5,7016), (5,7036), (2,4443)
escasos	(0,9663), (0,11151), (0,11313), (0,11203), (0,11397), (0,11382), (3,1755), (0,9865), (0,11113), (0,9851), (0,9883), (0,11197)
borneo	(0,7909), (0,7894), (0,7848), (0,7849), (0,12587)
procuren	(3,2595), (3,2602), (3,2795), (0,3086)
cansarian	(3,882)
tajo	(1,12884), (1,661)
alquile	(4,8065)
comed	(4,1706), (4,3483), (4,8177)
comes	(1,810), (4,4833)
comer	(4,7108), (4,5831), (1,9771), (1,12847), (0,7762), (1,9525), (4,730), (4,5083), (4,6619), (1,9785), (1,8507), (4,737), (4,741), (0,10340), (4,4078), (0,10604), (4,1267), (1,11091), (0,7797), (4,6400), (4,5380), (4,2054), (4,5382), (4,5383), (4,8200), (4,7436), (0,10633), (0,10635), (0,7820), (4,1297), (4,1555), (4,8211), (4,5140), (4,8212), (1,12657), (4,6935), (1,18038), (1,9848), (0,1945), (4,5663), (0,7841), (4,1577), (0,7335), (4,5677), (1,16269), (1,5518), (0,6829), (1,15503), (4,4659), (1,3219), (4,6711), (0,2996), (1,15766), (0,6327), (1,17049), (1,17051), (1,17563), (4,3135), (5,6689), (4,7746), (1,15776), (3,355), (4,4167), (4,2889), (1,16806), (1,17580), (4,7263), (4,3168), (4,7266), (4,6246), (1,8388), (0,6373), (4,3180), (1,4813), (1,9934), (4,2164), (0,10480), (4,7286), (4,7802), (0,6392), (4,7805), (1,9946), (4,4734), (1,17372), (2,1726), (1,10717), (0,10236), (4,6529), (1,11491), (4,5513), (4,4492), (4,6285), (4,398), (0,10251), (0,8719), (0,6422), (4,8346), (1,7927), (0,10010), (4,2976), (0,10014), (0,10528), (4,6055), (0,6694), (0,6695), (1,18185), (0,6185), (4,4790), (4,1464), (4,4792), (0,6709), (0,7989), (2,1785), (0,2363), (1,5660), (4,3520), (4,6849)
317331	(5,8424), (5,8513)
sufragios	(5,3396), (5,3399), (5,2239), (5,1475)
estuvo	(1,13216), (1,13473), (1,18853), (5,3884), (2,6923), (5,7343), (2,3984), (5,950), (1,4274), (1,6194), (1,15154), (5,5687), (1,3125), (1,5301), (1,14133), (1,14389), (5,442), (5,5818), (2,1561), (1,10426), (1,3773), (5,1090), (1,2240), (1,14660), (1,9413), (1,9286), (1,10567), (1,15433), (1,12490), (1,7883), (1,8907), (2,5682), (1,7889), (5,1625), (1,2390), (1,9054), (1,12126), (1,6751), (1,13535), (2,4930), (2,5826), (5,7398), (1,7778), (4,7814), (0,13570), (5,3048), (1,7652), (1,11876), (1,15972), (4,136), (1,1253), (3,425), (1,11495), (5,1902), (1,13933), (1,6383), (1,7663), (1,14064), (4,8855), (1,13044), (3,2231), (1,3701), (1,13173), (1,13046), (2,472), (1,12408), (2,986), (1,12410), (5,2689), (0,5789), (4,2853), (2,5603), (2,8040), (0,13480), (1,14346), (3,1997), (1,11787), (1,2961), (1,9877), (1,12567), (1,4376), (3,733), (1,2462)
prosecucion	(0,11843), (0,2004), (0,5572), (0,12037), (0,5896), (0,891), (0,907)
tello	(0,13144)
comen	(4,1459), (0,3872), (4,6935), (1,17943), (2,1898), (4,5677), (2,6364), (4,3042)
xxlas	(4,8701)
ataute	(4,887)
manicomio	(2,6307), (2,474)
ahorcar	(1,3169), (4,4485), (0,6659), (1,11508), (1,8358), (4,4512)
encordios	(4,8869), (4,8091), (4,8076)
promovido	(3,2078)
apostoles	(5,5124), (5,4407), (5,4455), (4,7248)
panuelos	(1,15886)
alquila	(4,2033)
marzocontestacion	(0,11978)
cediendo	(5,2581), (5,4939), (2,1039)
gritaba	(5,2840), (2,171)
consisten	(1,16398), (1,16942)
horcas	(2,6076)
encomiendas	(3,2690), (3,2883), (1,7234), (3,2698), (3,2765), (3,1921)
sometidos	(5,2862), (5,4782)
bejeranos	(1,18350)
encomiendan	(1,16365)
partidos	(5,1732), (2,6724), (4,1031), (5,6056), (5,6793), (5,2762), (0,5573), (5,1457), (5,466), (5,2994), (5,1560), (5,1529), (5,123), (5,1371), (5,7260), (5,1570), (5,1219), (2,6656)
serien	(4,2040)
indecisos	(2,4817)
convocar	(5,3335), (5,3517)
series	(2,5139)
manerael	(0,5503)
mmuy	(0,5888)
estuve	(1,7521), (1,4723), (1,16147), (1,3236), (2,4437), (1,17796), (4,7515), (4,2382), (4,4158), (1,7500), (1,17933)
celebrado	(5,3142), (1,7298), (5,2985), (5,7435), (5,6045), (0,13067)
puertos	(0,5379), (0,11844), (3,2281), (0,1803), (0,910), (0,3982), (3,2296), (0,3799), (0,4442), (3,2302), (3,576), (3,2308), (3,582), (0,5731), (0,1253), (0,3238), (3,714), (0,4839), (0,3241), (0,3754), (0,5738), (0,4651), (0,11884), (0,4206), (0,4721), (0,3762), (0,3828), (0,5750), (0,3641), (0,892)
envidiar	(5,5664)
esterilizante	(5,3995)
discurso	(5,5924), (1,14756), (2,2569), (1,16168), (1,170), (1,15148), (1,7342), (1,11568), (2,2450), (1,2737), (5,3126), (2,5523), (5,567), (0,13138), (1,9398), (1,17848), (5,957), (1,15162), (5,319), (5,575), (5,962), (2,3872), (5,4164), (5,325), (2,5410), (5,7365), (1,17857), (5,1991), (5,200), (5,714), (2,5543), (1,8905), (5,846), (5,3278), (1,8782), (1,12239), (5,340), (4,246), (5,729), (2,823), (5,1114), (1,8790), (1,2903), (2,3768), (2,5561), (5,861), (1,18905), (2,5307), (1,8794), (2,2110), (4,130), (5,872), (5,6504), (5,747), (1,11371), (5,1651), (1,14193), (1,4210), (2,5588), (1,16245), (5,378), (5,1021), (1,3067), (1,9851), (3,62), (1,16252), (5,642), (1,16256), (1,129), (2,5346), (5,904), (3,2377), (5,1932), (1,13961), (5,787), (1,15503), (1,5010), (1,7698), (2,2297), (1,8600), (2,4347), (2,5499), (5,1951), (2,5373), (1,16542)
distinguirlo	(5,3607), (0,13703)
envidias	(2,1570), (1,8287)
cupiere	(0,1139)
illinoislincoln	(5,8835)
colgaba	(1,5137), (0,8352), (1,17730), (1,18841)
avisaban	(1,7281), (1,9587), (1,17092)
beberas	(4,4796)
espesas	(0,7315), (4,216), (0,10260), (4,239)
sufragaran	(0,557)
emigracion	(2,4042), (2,973), (2,989)
brotar	(5,3994), (5,1068)
brotan	(5,6984), (5,813)
serna	(4,112)
envidian	(1,11854)
maridos	(1,17888), (4,7739), (4,6304), (4,6352), (4,978), (1,18767)
belloquince	(5,5997)
conoscido	(0,4052)
cupiese	(0,1138), (1,9831)
venidme	(1,6722)
puedes	(4,4871), (1,7396), (1,11940), (2,2630), (1,4517), (4,4873), (2,3530), (1,16554), (2,4557), (1,16876), (1,1070), (1,1587), (1,4087), (2,3482), (2,1947), (2,4319), (2,4832), (1,1920), (2,4770), (2,3044), (2,3429), (2,5989), (1,16968), (1,589), (1,527), (1,1679), (1,16468), (1,8917), (1,16856), (1,18649), (4,7166)
causasen	(5,190)
estuvieronse	(1,5722), (1,5807)
atreveran	(1,6810)
sientate	(2,4227), (4,6663), (4,4649), (4,6732), (2,5803), (4,6849)
celebrada	(0,323), (1,13492), (2,6328), (1,376), (0,856), (0,270), (1,11023)
zamponas	(1,16481)
pueden	(2,2820), (4,7623), (1,16164), (5,4009), (0,6724), (0,9030), (1,16167), (1,6184), (1,1072), (4,8147), (1,16432), (4,5076), (3,2552), (1,4408), (1,4671), (0,13407), (1,14404), (5,1225), (1,14663), (1,8264), (1,8266), (0,9833), (0,3694), (0,13684), (1,1110), (5,7130), (1,12382), (4,5128), (0,4486), (4,7436), (3,561), (1,17007), (3,2866), (4,2068), (1,2673), (1,11377), (4,6935), (0,3734), (2,7514), (0,9881), (2,7004), (5,3588), (1,641), (3,579), (1,13956), (1,17028), (1,17031), (4,2603), (3,2890), (1,17033), (0,10665), (3,1101), (1,6027), (0,10666), (1,1680), (4,3380), (0,3248), (0,10673), (4,8248), (1,14229), (1,10910), (0,6847), (0,10182), (4,333), (4,334), (5,3119), (5,5682), (2,4498), (4,5716), (3,2682), (0,3799), (4,5979), (5,831), (0,8410), (0,10202), (0,13019), (1,18113), (0,3052), (1,5844), (4,4737), (1,12511), (4,4740), (1,9698), (1,9187), (0,5383), (3,2988), (3,2737), (1,16627), (1,5620), (2,3034), (3,188), (1,16890), (2,2269), (5,2945), (1,9471), (1,15871), (1,16640), (3,1225), (1,18183), (1,2057), (4,2989), (4,2990), (0,4906), (2,6130), (0,10289), (5,7320), (2,761), (4,6588), (2,7679)
aguadas	(3,310)
conoscida	(4,1158)
distinguirle	(1,18062)
vilas	(1,13564)
seros	(1,13887)
colgada	(1,14996), (4,6104), (2,1595), (1,6650), (0,13098), (1,11262), (1,12462)
decidirian	(5,1748), (5,658)
higginson	(5,2858), (5,8307)
teniale	(1,12799)
coman	(0,4933), (1,11878), (4,2204)
temprana	(1,8513), (5,4695), (5,4760), (5,943), (2,3117)
trabajos	(5,5862), (1,3684), (1,15012), (5,4713), (2,455), (5,6189), (2,2699), (5,5296), (1,1325), (1,4525), (5,6513), (5,5170), (5,5682), (2,2901), (1,7477), (3,2168), (5,5883), (0,1368), (2,2075), (0,858), (0,3354), (1,10235), (5,6656), (0,3358), (1,10879), (2,1571), (3,1477), (4,3942), (5,6024), (1,16836), (1,199), (5,6541), (5,4111), (5,6096), (5,6161), (5,1299), (5,3731), (1,13584), (5,4119), (1,7251), (0,13298), (0,5880), (0,6265), (2,1086), (2,1535), (1,13918), (1,3743), (1,13471)
llovia	(1,16705), (2,2074), (1,4940)
consistia	(5,614), (2,3139), (2,4387), (0,13043), (1,17812), (0,13674), (1,17563), (2,3197)
coligio	(1,10427), (1,5101)
ocuparme	(2,1335)
tane	(4,923)
aceptaban	(5,1402), (2,6251), (1,15694)
tenialo	(4,6727)
comas	(1,1724)
retoces	(4,6810)
bagages	(3,2534), (3,2461)
consistio	(5,4571)
quisiesedes	(0,3128)
guadix	(4,7527)
mezclarlos	(1,9996)
discurri	(1,13138)
estilete	(2,199)
costaria	(4,4103), (0,590)
adolorido	(1,4915)
asociado	(2,2044)
venidos	(4,4900), (5,4613), (5,3628), (5,1807), (5,2767), (4,2095), (5,1363), (5,3219), (3,2325), (1,15608), (4,3517), (0,7641), (3,2333), (5,6624), (4,5121)
aficiones	(5,6388), (2,6390), (5,2450)
cotejarlo	(4,328)
discurra	(2,1385)
discurre	(1,467)
revolucionaria	(2,4388), (2,3096)
atrocidades	(2,6129), (2,4389), (2,6764), (2,7231)
colgado	(1,9669), (1,4951)
suelo53	(5,4311)
ignoramos	(3,2093)
celebraba	(5,4645), (5,3273)
peculiar	(5,7910), (5,247), (5,3640), (5,7807)
impedirles	(3,2070), (3,2888)
soterraba	(1,10766)
revolucionario	(2,662), (5,4681), (5,5263), (5,1968), (5,7026)
lacerado	(5,7106)
trocadas	(4,220), (1,14809), (1,14826), (4,207)
toledo	(2,2250), (1,1835), (1,12844), (1,11117), (1,11055), (1,4720), (1,10928), (1,10992), (1,1777), (1,9139), (1,11511), (1,12535), (0,5656), (1,1537), (1,386), (1,838), (1,1799), (1,11016), (1,11467), (1,11278), (1,12878), (0,3568), (1,9362), (1,10772), (1,8662), (1,8666), (1,12890)
enteramente	(0,2818), (5,5321), (3,2185), (5,7276), (5,397), (3,2414), (5,5616), (1,5325), (0,11790), (0,272), (5,951), (5,7483), (5,476), (5,5052), (3,2972), (5,4286)
misticismo	(5,4949), (5,4965), (5,5014), (5,7398), (5,4946)
animaban	(1,16786)
esperto	(1,15617), (0,938)
intensidad	(5,6271), (5,2035)
chambelas	(4,1605)
payen	(3,482), (3,469), (3,470), (3,313), (3,1052), (3,305)
conoscian	(0,7562)
olvidadas	(1,8958)
mandatarios	(4,7710)
conmpanero	(3,1234)
abiertas	(2,5272), (1,10602), (2,6062), (5,3954), (2,1840)
vizcainos	(1,18630), (1,15115)
antecedentes	(0,577), (2,7365), (5,7272), (2,6799), (5,2515), (5,2931), (5,7445), (0,113), (5,601), (5,5434), (2,2136), (2,606), (5,3266), (3,1569)
mosca	(4,2309)
paredes	(4,6531), (1,15585), (4,6534), (2,1610), (1,9515), (1,10734), (1,14705), (4,5402), (1,17143), (2,6106), (2,6174), (1,11262), (1,10495), (1,7808), (1,8832), (4,7846), (2,8039), (1,8840), (2,5036), (1,8843), (1,9619), (1,1620), (1,13524), (2,3255), (2,1976), (4,8449)
nebuloso	(5,6971)
encaminar	(5,5183)
gramineas	(5,3935)
inapreciable	(5,5640)
lindas	(4,551), (4,792), (4,778), (4,2522), (4,2508)
porcelanas	(0,7602)
alquimista	(1,18160), (1,18129), (1,18161), (1,18148), (1,18153)
empenado	(4,4950), (5,6843), (0,263), (1,777), (0,957), (1,7550)
certificase	(0,7780)
puedas	(1,1325), (2,3328)
tapa	(1,5097)
trasponen	(1,17869)
puedan	(0,1343), (1,16608), (3,2470), (0,196), (0,5188), (4,4745), (0,5190), (0,4487), (0,5063), (0,3400), (3,2604), (0,5131), (0,5259), (0,1294), (0,5262), (0,2258), (3,2229), (0,4949), (2,2712), (1,13880), (0,1946), (0,3995), (0,4891), (0,3101), (0,5150), (0,4769), (0,1891), (0,4899), (3,2569), (0,4134), (0,5159), (0,5162), (2,5491), (0,4402), (0,1718), (2,7545), (0,1918)
empenada	(5,2450)
granaditos	(2,5605)
alrededor	(5,7547), (2,1146), (2,5727)
asociase	(5,4621)
idolatro	(5,4308), (4,5054)
hallandolos	(3,1206)
incipiente	(5,3725)
novisimo	(5,962)
redundaba	(1,6443), (1,13259)
tostada	(0,9974), (0,6524)
tuviera	(1,16033), (1,9250), (4,3974), (1,3043), (2,645), (4,3338), (2,1166), (1,10029), (1,3118), (1,4531), (1,9844), (1,2488), (4,7516), (1,3323), (1,2816), (1,6592), (1,2692), (1,6404), (2,6439), (1,1543), (4,5356), (1,7882), (1,7822), (4,7026), (2,305), (1,17360), (2,882), (1,10386), (1,2966), (2,376), (1,13207), (1,2074), (3,671), (2,1022), (2,7743)
candela	(4,2935)
caso40	(0,2457)
tasa	(1,10200), (0,1230), (5,4003)
tuviere	(0,2239), (0,1088), (0,5920), (1,9602), (1,1492), (0,2947), (0,1604), (3,888), (1,13132), (3,2367)
escogieres	(1,1592)
mosen	(4,1059)
fanatismo	(5,4938), (2,685), (5,6817), (2,4767)
necesitose	(5,5153)
ensenarnos	(1,17506)
altivas	(5,1739)
relucir	(1,3132), (5,2499)
moneda	(1,18721), (5,3464), (1,5605), (3,1322), (1,332), (0,9518), (4,7283), (1,1138), (1,1139), (0,7607), (1,764), (1,17020), (4,1248), (2,4447)
consagracion	(5,7802), (5,4543)
allego	(1,15835), (0,7387)
abaniquen	(2,5492)
dandolos	(1,8877)
taimado	(4,3502)
alojados	(4,4660), (1,7976), (5,7344)
amuraron	(0,6127)
desposamos	(1,15866)
novisima	(5,5030), (5,7372)
otee	(1,16591)
delibero	(2,6645)
fruncido	(5,2602)
hojalata3	(2,5187)
cazaba	(1,8060)
alterasen	(0,7446), (0,6922)
taimada	(4,7171), (1,15109), (1,15818), (1,285), (4,4752)
arnaute	(1,6525)
exhumo	(5,7130)
inquisicion	(1,12289), (2,4923), (4,990), (5,959), (2,4990), (1,15453)
miramientos	(1,6855)
equipararlas	(5,6941)
vitupere	(1,15842)
zurcidas	(5,5343)
condenacion	(1,898), (5,3100)
obedecidas	(5,694)
trabajen	(2,5490), (0,5280)
necesarisima	(3,2493)
servi	(1,3043), (4,7800), (0,3324), (4,1234)
blando	(1,9392), (3,1123), (1,3122), (1,3330), (1,2308), (1,11370), (1,654)
exploraciones	(0,547), (0,101)
acabarlos	(3,1431)
quinones	(1,18483), (1,18953)
aborrecido	(1,3398)
cerradura	(4,8515), (1,9858), (1,9766), (1,18711), (1,9837)
mirallas	(1,9622)
seductora	(5,1564)
reyes	(5,6565), (4,6213), (0,1346), (2,3461), (2,391), (0,12806), (4,8269), (0,4810), (0,6029), (1,1392), (5,6645), (0,2577), (1,6389), (5,7610), (0,5912), (0,6040), (0,4635), (2,414), (0,1183), (0,6114), (5,6600), (5,6668), (1,905), (4,7794), (0,5936), (4,5686), (0,6003), (3,2775), (5,6553), (3,408), (2,7096), (0,1079), (1,17370), (5,7775), (3,96)
espion	(4,7099)
muchisimos	(3,1154), (3,2018), (3,1125), (3,2012), (3,1149)
hincavan	(0,9955)
lindes	(5,1927)
ocuparan	(5,1214)
costaron	(0,8048), (5,2722)
garnacha	(1,7751)
telon	(5,5795)
hordeno	(0,9986)
serios	(5,4741)
redemptor	(4,238)
aborrecida	(1,15559), (1,7868)
unanimemente	(5,5236), (5,1286), (5,6167), (5,3133), (5,1920)
salieron	(1,17961), (1,9002), (5,5433), (3,1273), (0,7004), (0,8668), (1,9278), (1,1855), (1,15551), (2,2849), (1,6464), (2,1444), (1,14789), (1,18885), (2,1447), (1,4039), (0,10090), (3,912), (3,1426), (1,7379), (1,15443), (1,14293), (0,8185), (4,1406), (1,4445), (1,4448), (0,10623), (0,6537), (1,7530), (3,1709), (0,6794), (5,4720), (0,10765), (1,13294), (0,10128), (2,2392), (3,1726), (5,4100), (0,10912), (2,6628), (5,392), (3,455), (0,6310), (3,458), (0,426), (0,10798), (2,4722), (0,9907), (2,2935), (1,10907), (0,10557), (1,6431)
colui	(4,7156)
ausentaran	(0,4548)
vitupero	(1,10856)
abrazandose	(1,10578), (1,12675), (1,6858), (1,7421)
jurandote	(1,1703)
extensos	(5,3930)
relevar	(4,4467), (4,6020)
taso	(0,8102)
sugetarse	(3,2015)
appears	(3,3122), (1,19075), (2,8151), (4,9005), (5,8974), (0,13820)
espino	(3,2148), (3,2063)
blanca	(1,482), (1,4260), (1,12197), (5,2284), (0,8775), (5,685), (1,15785), (1,874), (1,11882), (3,815), (1,5101), (0,8780), (2,6096), (4,6611), (1,11248), (2,2067), (3,2038), (1,760), (5,3134), (1,4735), (0,11486), (3,1538), (0,11488), (5,4806), (1,839), (5,5261), (2,7083), (5,6415), (2,2670), (1,143), (1,5392), (5,2843), (1,15836), (4,7104)
especificado	(0,1731)
apreciado	(1,15037), (5,4226)
deslumbrados	(5,6692), (5,1782), (5,5818)
cocinero	(2,2292), (1,15831), (1,4702)
nervio	(3,96)
rufos	(1,17215)
juntandose	(1,3373)
perdidosele	(0,4697)
calzar	(4,4735), (1,8348)
calzas	(4,7683), (1,11250), (4,2438), (4,5735), (1,6679), (1,15943), (1,17114), (1,4654), (4,7681)
anadidas	(5,7764)
alborotarlos	(0,7063)
blanda	(5,4536), (5,7080), (1,10133), (1,630), (1,14732)
linternas	(1,16124)
contrapuesta	(1,18440)
itentativas	(5,8818)
distribucion	(5,5288), (5,5870), (5,6114)
resumieron	(0,8306)
conocida	(1,12704), (4,4388), (1,13153), (1,1540), (4,7175), (5,6345), (0,13255), (1,7275), (0,7338), (5,5427), (4,5651), (5,149), (1,13649), (5,3320), (1,6230), (1,11195), (2,2144), (0,13662)
espina	(4,1399), (1,11975)
totivento	(4,5968)
blanco	(1,163), (0,8772), (0,13508), (5,43), (1,9448), (2,6474), (1,6507), (1,7403), (0,6412), (4,3601), (4,8657), (1,5231), (0,3279), (0,13073), (0,11538), (2,3797), (0,11539), (0,13075), (1,2618), (0,13339), (0,10718), (1,1857), (0,11488), (4,678), (4,680), (0,13605), (3,777), (4,7087), (4,4784), (0,3117), (0,10734), (3,2323), (5,3094), (0,11576), (0,12600), (4,701), (5,6366), (1,12506), (4,894), (2,253), (1,1884), (5,1697), (1,2589)
conocido	(3,866), (5,3878), (5,7591), (1,8867), (1,9003), (4,335), (2,1677), (5,2352), (2,4493), (5,4023), (1,15285), (1,14519), (4,8795), (1,14137), (4,8798), (2,6174), (4,8802), (2,7713), (1,9665), (1,14401), (1,13890), (4,743), (1,4676), (3,1547), (4,6124), (1,7499), (1,7503), (1,11471), (1,4304), (1,15186), (1,15319), (4,251), (1,12761), (1,13275), (1,2143), (1,13663), (1,14560), (2,6211), (1,13410), (5,7401), (5,2667), (4,5008), (3,433), (4,6034), (1,1776), (4,5910), (1,1525), (1,14837), (1,8313), (1,3067), (2,4828), (1,9084), (1,9212), (1,13820), (1,8065), (5,1926), (1,14214), (1,7559), (1,14474), (1,15883), (1,13837), (5,2706), (0,2991), (4,5942), (1,14614), (5,1953), (1,3998), (1,8606)
quietismo	(5,4951)
obligastes	(1,13031)
villa	(1,545), (0,1476), (2,1418), (2,7242), (1,939), (1,300), (0,13006), (2,1937), (2,6098), (4,6165), (4,6166), (1,17331), (1,17395), (1,17783), (1,1848), (3,2172), (0,12827), (4,160), (3,2691), (4,6180), (0,1443), (2,8037), (1,17478), (2,2222), (1,10957), (2,1202), (4,6133), (4,7036), (0,8697), (1,1051), (2,7740)
diligente	(2,7746), (1,16452), (1,16405), (4,2236), (1,12905), (0,4172)
marchaban	(5,250), (2,5657), (3,93)
chubasco	(2,3884)
saeta	(2,5906), (4,519), (1,11556), (0,13655), (1,13898)
tenerles	(0,7123), (0,5269), (1,6217)
espantamos	(2,2761)
seran	(4,2245), (0,5826), (4,8008), (2,7558), (4,8393), (4,8777), (0,3527), (4,8395), (0,1352), (4,8396), (1,1066), (1,12717), (3,2673), (5,6707), (4,5715), (0,3536), (1,948), (1,10677), (5,1213), (0,5340), (0,3805), (1,6207), (3,1027), (3,1412), (3,1413), (0,4450), (4,5607), (0,4707), (0,3562), (4,6382), (1,6093), (2,53), (0,4851), (0,6772), (3,1690), (1,3928), (5,349), (4,7806), (4,6019), (2,2371), (4,4742), (2,4677), (0,1157), (4,2953), (3,2600), (5,6508), (3,1068), (3,2092), (0,11531), (2,4687), (4,2580), (4,5273), (0,1307), (0,5661), (4,6052), (2,6372), (1,5892), (2,6374), (4,5679), (1,15116), (3,2768), (1,6543), (2,2427), (0,3771), (2,6400)
descalza	(4,2872)
morir	(1,4706), (3,1958), (1,16294), (3,2217), (4,4618), (1,18215), (1,3881), (1,3242), (1,8362), (1,3311), (2,4050), (1,4209), (1,10740), (3,1976), (1,12023), (5,316), (5,4477), (5,5821), (4,3234), (0,479), (5,4932), (4,8611), (1,8640), (1,2754), (1,10629), (1,2950), (3,1931), (0,5487), (3,404), (4,6709), (0,7539), (1,2711), (5,7452), (1,13592), (1,6169), (2,573), (2,6528), (0,6526)
asociaciones	(2,1753)
gritara	(2,7537)
trabajan	(3,1122), (4,324), (1,16353), (3,372), (3,1111), (2,2519), (1,17943), (4,2126), (2,2367)
desaparezcas	(2,3929), (2,3932)
multiplica	(0,3763), (4,3433)
seras	(4,1591), (2,5782), (2,4503), (2,2457), (1,825), (4,4876), (4,4877), (2,4796), (2,6125), (1,8287)
aventurillas	(2,7401)
descalzo	(1,2590), (4,7105)
quitarnos	(1,8265), (1,12059)
moria	(4,3673)
palizada	(0,10706), (0,10712), (0,10764)
trabajar	(2,2212), (2,3780), (2,3781), (0,11590), (2,1947), (5,2382), (2,3999), (4,6353), (1,5998)
tengan	(0,2304), (0,5058), (0,1095), (0,4814), (2,2193), (0,5392), (0,4946), (3,1591), (0,1877), (0,2325), (3,2936), (0,7573), (0,4374), (0,4950), (3,1658), (0,2523), (3,2560), (0,5213), (0,1630), (1,18687), (0,5087), (0,5216), (0,4321), (1,18953), (0,4459), (0,4460), (0,4398), (0,1967), (0,2671), (1,18192), (0,1521), (3,2644), (0,4402), (0,5362), (2,6453), (0,4852), (0,5236), (2,5815), (3,2461), (4,3391)
tolera	(2,2205)
fabrique	(1,10667), (3,2961)
primordial	(0,674), (5,4430)
padesceran	(4,3631)
tengas	(1,3635), (1,16462)
cristel	(4,6085)
sozobro	(0,10223)
arrojarsele	(1,10296)
theniente	(0,1987)
amordazo	(2,7625)
persuadirme	(1,16193), (2,1099)
processing	(2,8194), (4,9044), (5,9017), (0,13863), (3,3165), (1,19118)
mentirijillas	(2,1676)
ratifico	(3,1828)
vicedireccion	(5,4223)
menoscaban	(1,1621), (1,8574)
acusandoles	(2,5594)
pliego	(2,2545), (3,2484), (0,629), (0,1782), (0,12951), (0,728), (3,2496), (0,5357)
pormenores	(5,5956), (5,5509), (5,4219), (5,4796), (5,5422), (0,587), (0,12989)
rededor	(3,306), (0,6371), (0,10707), (3,2345), (3,1018), (0,8679), (3,2300), (3,1055), (1,5469)
pruebo	(4,3723)
prueba	(5,1060), (5,5221), (2,3204), (0,8066), (2,3334), (3,2280), (2,3336), (1,16809), (5,494), (2,1227), (1,12650), (5,2676), (5,6388), (5,3829), (5,7862), (0,13400), (5,831), (5,6976), (3,255), (5,5193), (3,1480), (2,6251), (1,12682), (3,2702), (3,2830), (2,4526), (0,13357), (5,7124), (5,534), (2,6451), (3,981), (2,2228), (5,1560), (2,4149), (5,537), (5,2650), (3,2776), (5,3868), (5,2397), (4,3517), (0,2557)
ampliacion	(5,4823), (0,3380), (0,11964)
defenderlos	(5,3541)
menoscabar	(1,4923)
estufa	(4,1765), (4,7958), (4,8678), (4,1623), (4,5752), (4,8858), (4,893), (4,1406), (4,7920)
fasta	(0,2624), (0,11584), (0,2033), (0,2456), (0,5547), (0,1086), (0,4686)
1564septiembrerelacion	(0,12018)
lisonjera	(2,4067), (5,2121)
restablecer	(2,2149), (2,4985), (0,201), (2,4656)
tragicos	(5,5255), (5,2721)
hallaremos	(4,1299), (4,2227), (0,3919), (0,3969)
perspectiva	(5,134)
adversa	(4,8154), (5,1742)
taza	(2,4435), (4,4806), (0,7794), (0,8834), (2,4457), (1,11934)
erguia	(5,1407)
petates	(0,6192), (0,3876), (0,6426)
dogma	(5,4974), (5,3168)
descontentole	(1,15469)
compreis	(4,4094)
profanamente	(2,1653)
arrastramiento	(1,17763)
adverso	(4,5572), (5,6886), (5,654), (5,7374), (5,5923)
largamente	(0,7457), (5,4281), (2,4983), (2,5640), (1,10268)
chaquiras	(3,2114)
aderezaban	(1,11092), (0,8470)
cocles	(2,1712)
estareis	(0,2256), (0,4963), (1,2728), (0,3129), (4,4255), (0,4684), (0,4844)
boronia	(4,431)
jefes	(5,3492), (5,4612), (5,165), (5,5478), (5,6630), (5,1735), (5,2472), (5,1929), (5,1387), (5,430), (5,6031), (5,1233), (5,724), (5,597), (5,2677), (5,7555)
comun	(3,1378), (5,6312), (5,5545), (0,11717), (3,2154), (1,9386), (5,7603), (2,1682), (1,308), (1,17974), (4,8154), (0,11736), (4,8416), (4,2025), (2,1707), (5,3537), (0,11756), (1,6610), (4,7286), (4,123), (2,1849), (4,7933), (3,669), (0,11772), (2,4417), (2,1730), (5,2661), (2,1219), (4,8325), (5,1513), (4,8457), (0,11783), (1,15337), (1,5354), (4,8590), (5,6513), (4,8340), (4,150), (3,568), (3,1342), (5,1537), (1,7297), (4,8357), (2,2916), (5,3211), (5,909), (5,3981), (2,2669), (3,92)
lisonjero	(5,6084), (2,3387)
enviasedes	(4,1041)
emparedando	(2,4145)
preferirlo	(5,3263)
podeis	(4,2259), (4,8020), (1,8626), (1,2037), (4,4888), (4,281), (1,1463), (0,2518), (4,7323), (1,14777), (1,14971), (1,6718), (1,14078), (4,2722), (4,6050), (1,6400), (4,934), (1,15173), (4,2985), (4,4715), (1,13192), (4,2540), (4,4716), (1,2893), (1,14989), (4,8371), (1,13457), (4,2558), (4,3455), (1,1053), (1,18910)
provechosa	(0,5058), (2,438), (1,4152), (0,4763), (4,176)
refiriendose	(5,4315), (5,5967)
hermana	(1,13984), (2,2946), (1,15651), (2,2953), (1,15272), (2,5770), (2,5771), (1,5546), (1,15664), (1,15667), (1,15668), (4,985), (1,5559), (1,14907), (2,3102), (1,4030), (4,867), (1,14912), (1,10177), (1,14915), (2,2982), (1,10182), (1,5577), (1,14921), (1,11471), (1,14929), (1,11474), (1,13654), (1,15446), (4,4860), (1,11355), (1,13659), (1,13661), (1,15198), (1,15456), (1,14049), (4,6662), (1,13668), (4,6664), (1,14185), (1,13802), (1,14700), (1,13296), (1,13299), (2,5720), (1,13304), (4,6300), (1,17529), (1,13819), (2,1501), (4,6943), (2,8030), (1,13821), (1,15613), (1,16639), (1,13312), (1,13699), (2,5733), (2,5990), (1,6150), (1,1036), (1,15251), (1,17173), (5,5786), (1,14231), (2,4858), (1,17177), (4,831), (2,1406), (2,5759)
venerada	(5,6404)
inviernos	(1,7933)
arcabuces8	(0,474)
desembarcandose	(1,7743)
calvete	(1,13744), (1,13346), (1,13394), (1,13714), (1,14018), (1,14261), (1,13830), (1,14136), (1,13739), (1,13372), (1,13853), (1,13374)
rogerio	(5,1624)
provincial	(0,3263), (0,3267), (3,823), (0,3348), (3,602), (0,3114)
atarazana	(0,6715)
puntualmente	(1,7682), (2,470), (1,4933), (5,5791), (1,159)
colacion	(4,7796), (0,6753), (5,6503), (0,7042), (0,8916), (4,4041), (5,7054), (1,9866), (4,5742), (4,7790), (1,9631)
provincias	(0,11846), (0,1288), (4,5004), (0,1354), (2,2445), (0,7628), (0,909), (0,1037), (0,2510), (0,913), (0,979), (0,1299), (0,1173), (0,2709), (0,3029), (0,1046), (5,8317), (0,1433), (0,11865), (0,1306), (0,1052), (3,643), (0,7648), (0,2977), (0,1188), (1,18629), (0,2790), (5,5707), (5,5836), (0,1000), (3,653), (3,659), (3,597), (0,244), (5,5786), (0,247), (4,573), (0,1149), (0,2813), (0,894), (0,1150)
desmedros	(5,3088)
hagas	(2,4242), (2,2551), (1,16907), (2,3918), (2,2383), (1,16943)
heciste	(4,6832), (4,8450)
cristal	(3,1058), (1,8145), (3,308), (2,3676), (4,7489)
perricos	(4,2552)
collection	(0,13791), (0,13922), (2,8325), (1,19044), (1,19046), (0,13993), (1,19178), (5,8943), (4,8975), (4,9103), (5,8945), (4,8977), (3,3091), (5,9077), (1,19249), (4,9173), (3,3093), (3,3225), (2,8120), (5,9148), (2,8122), (2,8254), (3,3296), (0,13789)
provechoso	(1,5170), (0,8306), (1,4647), (1,174), (0,8413), (4,658)
hermano	(1,7969), (1,11044), (2,2318), (2,2321), (2,2838), (1,3381), (2,2327), (0,9557), (0,5974), (2,2330), (1,15673), (1,4928), (1,13634), (2,1828), (1,13637), (1,15686), (4,234), (2,1577), (1,13647), (4,2806), (1,13652), (4,2811), (1,13144), (1,13148), (1,13152), (0,7812), (2,5959), (1,12134), (1,13671), (1,13416), (0,13703), (2,2124), (2,2381), (1,14703), (1,16240), (1,13682), (1,14709), (2,8024), (1,9847), (1,14201), (1,14713), (2,2908), (2,1632), (4,3619), (1,15237), (2,2151), (1,14726), (2,2409), (2,2157), (1,14988), (1,15244), (4,816), (4,3120), (1,14733), (4,1329), (1,14736), (2,1394), (1,14993), (1,11667), (2,2165), (1,14740), (2,2166), (2,3958), (1,14997), (2,2938), (0,3000), (2,3962), (1,11673), (1,14745), (2,1403), (4,1597), (2,1661), (1,15004), (1,13982), (1,15007), (1,17568), (2,1666), (4,5956), (1,14755), (0,3011), (1,5285), (1,13989), (1,15271), (2,3979), (2,4235), (2,2957), (2,3984), (1,14000), (2,1682), (2,2194), (2,2195), (1,13234), (4,2646), (1,13491), (2,2197), (1,13492), (4,2648), (1,13238), (4,1626), (1,13241), (1,14009), (1,17852), (1,9918), (4,2660), (4,1637), (1,13250), (2,1700), (1,1989), (2,2729), (1,16841), (2,1963), (1,15050), (1,13263), (0,9457), (2,2996), (1,11475), (1,13269), (0,9462), (1,15066), (0,9467), (1,16351), (2,4033), (0,9471), (0,8192), (1,15073), (4,5768), (0,9478), (0,9479), (2,1994), (1,14313), (0,9482), (1,15340), (4,2704), (0,9484), (1,14317), (1,17901), (1,14318), (2,3024), (1,15088), (2,5845), (2,2774), (1,8181), (1,16885), (0,10773), (1,13817), (0,10779), (2,2526), (0,1310), (4,2211), (0,10788), (1,11527), (2,4847), (2,3824), (1,15375), (2,4850), (1,9745), (1,11537), (4,2741), (2,4851), (0,10805), (0,8759), (1,15128), (1,11036), (1,13340), (1,14878)
hemorroide	(4,5914)
lealtad	(1,464), (3,2594), (4,8323), (5,662), (1,13732), (0,836), (4,6001), (0,9485)
venerado	(5,5201)
vocamur	(1,8107)
edificaban	(5,1680)
estuco	(2,1853)
derribar	(1,17824), (2,5059), (0,10692), (1,17547)
moros	(0,8131), (0,12740), (0,9290), (0,9418), (0,8268), (5,4531), (4,6356), (0,7760), (0,9296), (0,8914), (0,9298), (0,9301), (0,9430), (0,8152), (0,7769), (0,9433), (0,7514), (0,7773), (0,9310), (1,9666), (0,8036), (1,4038), (0,7782), (0,8039), (0,7784), (1,4042), (0,8939), (1,7245), (0,8172), (0,8431), (0,8049), (0,8178), (0,2677), (1,4439), (0,8057), (0,8185), (1,4188), (4,6145), (0,8193), (0,8066), (0,7943), (1,3690), (0,8204), (0,2573), (0,8209), (3,565), (4,1174), (0,7956), (0,2585), (0,8089), (0,8219), (0,2591), (0,7583), (0,8225), (0,7843), (1,3846), (0,8229), (0,7593), (0,7978), (0,8238), (0,7600), (0,7986), (0,8242), (0,8243), (0,8246), (0,8247), (1,4249), (0,8248), (0,7609), (0,7737), (0,8121), (0,8250), (0,7613)
pisaban	(1,8146)
prevalezcan	(2,961)
comprelo	(4,7267)
sentimentales	(2,4564), (2,3819)
purga	(1,8274), (1,8275), (1,8277)
persuadirse	(3,546), (3,2133)
cercados	(0,10294)
concuerda	(4,7607), (2,6455), (5,5869)
alferecia	(1,10386), (1,7882)
carigorda	(1,11654)
celebrase	(2,1207)
atreverse	(1,8248)
derriban	(1,17846)
reconocido	(3,1842), (5,2107), (2,4184), (1,2648), (3,2316), (3,1757)
causar	(5,2666), (0,9030), (0,5239), (5,1262), (1,16138)
puertas	(1,16098), (1,9763), (1,14052), (1,9704), (1,13227), (5,2800), (4,6161), (4,6162), (2,3281), (1,15088), (1,4724), (2,982), (1,9589), (1,10231), (1,5562), (1,5754), (2,1244), (4,5982), (1,14653), (1,9662), (5,4678), (1,10436), (2,2022), (1,9669), (1,9990), (1,10695), (1,10633), (1,13257), (2,7660), (1,7116), (1,6605), (1,9933), (1,6927), (2,1074), (2,1202), (5,7064), (3,1367), (2,6006), (5,5145), (3,1305), (3,1497), (1,9880), (5,4189), (1,10011), (1,10587), (5,4129), (2,4032), (1,15583)
causas	(5,6820), (0,6016), (1,17954), (0,650), (0,8426), (0,2988), (0,8333), (3,2129), (2,5328), (0,8336), (1,11314), (1,3477), (1,15255), (1,2232), (0,2391), (1,3480), (0,376), (0,1018), (2,7996), (2,4061), (0,1853), (5,6819)
catiray	(3,2722), (3,2719)
causan	(5,4741), (1,12308), (1,17653), (4,3049), (2,4855), (1,3037)
definitivamente	(2,2451), (5,5323), (2,7003), (5,2687), (5,7874), (5,1635), (5,6211)
estube	(0,3333)
otro	(1,7200), (1,8224), (4,4036), (5,1958), (1,14370), (3,998), (1,11300), (1,17444), (1,17445), (1,7207), (1,6185), (4,6094), (1,16427), (4,4048), (0,7246), (0,10318), (1,11312), (4,7124), (0,6224), (1,7217), (5,4022), (3,2037), (4,6102), (4,6105), (0,9302), (1,2104), (1,18489), (1,2108), (0,2139), (4,3039), (4,3040), (4,3041), (2,7202), (5,1991), (2,7205), (0,10343), (5,3025), (5,6098), (5,7122), (0,1134), (1,8271), (3,1042), (0,10351), (3,1043), (1,8274), (0,10355), (1,2133), (0,10356), (0,10357), (3,2073), (1,14425), (0,7290), (3,1057), (3,2082), (1,8289), (4,7173), (0,6273), (4,5127), (1,6245), (3,1064), (3,2089), (1,3178), (1,9323), (1,14443), (3,1073), (4,5141), (1,7282), (1,4211), (0,7316), (0,1175), (2,4185), (0,3224), (4,6172), (1,8313), (1,1146), (1,9338), (1,3195), (0,7325), (1,17534), (5,3076), (0,3232), (3,1095), (0,4261), (2,7271), (3,1098), (1,16521), (1,1163), (4,8238), (1,12427), (1,14476), (5,1041), (0,1197), (1,4240), (5,1045), (1,5265), (1,6291), (4,2103), (5,2072), (1,13460), (0,1204), (1,16535), (1,3227), (4,4161), (5,3107), (0,7358), (1,9375), (3,1124), (4,5189), (4,4169), (2,7303), (1,11430), (0,7370), (0,209), (4,2134), (3,2169), (1,10423), (1,13495), (0,6359), (1,9400), (5,6205), (3,2173), (3,2176), (0,11485), (0,10462), (5,1094), (0,9441), (2,3236), (4,4198), (0,3302), (4,4204), (2,6316), (0,9451), (4,112), (4,4210), (1,12495), (5,4182), (3,2200), (0,13560), (2,187), (0,1273), (2,7357), (5,4193), (0,8444), (3,2208), (1,15583), (0,8447), (1,12512), (4,133), (0,13573), (1,16614), (4,6282), (0,9479), (1,9449), (5,5231), (1,3312), (4,1173), (0,8466), (0,11538), (4,5271), (4,6295), (5,6264), (0,5399), (2,219), (1,8444), (1,8446), (4,4260), (5,4234), (3,1226), (4,6316), (0,6440), (1,8458), (1,12555), (0,1326), (4,8370), (1,7439), (2,6385), (0,13615), (2,1266), (0,1329), (4,5305), (1,18711), (1,1304), (4,6332), (2,1276), (0,10554), (0,13632), (0,1349), (1,6440), (1,12584), (4,6352), (5,6321), (0,10574), (1,17712), (2,5394), (0,6480), (3,1269), (0,1362), (1,6453), (1,4406), (1,10550), (0,8538), (0,10586), (4,8415), (0,8539), (1,16701), (2,2335), (2,1313), (2,3361), (1,8514), (3,1285), (1,16707), (4,231), (3,1286), (5,2248), (2,6438), (0,7525), (1,5447), (0,1383), (0,7527), (2,4394), (1,2378), (4,6381), (4,7405), (0,5482), (4,6383), (0,5483), (0,6508), (5,210), (5,4306), (4,1266), (1,5456), (1,8528), (1,13652), (4,4344), (0,5492), (3,1305), (3,2329), (5,2269), (0,13690), (5,1249), (2,4416), (4,6402), (0,7550), (4,6404), (4,4357), (5,4326), (4,6405), (1,7522), (0,13697), (5,7399), (0,10629), (4,8460), (0,8586), (0,8588), (1,370), (1,9587), (0,7573), (1,10614), (3,324), (0,10659), (3,1352), (1,6534), (0,6566), (3,1354), (2,4458), (1,15753), (0,427), (0,10667), (1,14735), (2,1393), (1,12691), (1,4501), (1,12693), (0,10679), (1,3481), (2,2427), (3,1373), (1,2461), (0,449), (4,3398), (5,6439), (1,420), (1,14756), (2,6534), (0,8644), (1,5544), (2,1422), (0,6605), (4,339), (1,4529), (1,3506), (1,12726), (1,12727), (1,15799), (1,4537), (4,5469), (2,5532), (0,8666), (1,15803), (1,8638), (0,10717), (4,4450), (0,6622), (1,8639), (4,2404), (2,419), (4,2405), (5,3401), (1,4550), (4,2414), (5,6481), (1,13774), (4,4467), (1,15824), (5,2389), (1,4564), (0,6643), (1,18900), (4,3451), (2,5561), (1,18904), (1,18905), (1,1498), (2,4539), (2,2493), (4,2432), (4,6528), (0,8701), (4,6534), (0,6659), (2,459), (5,2415), (0,8714), (2,3533), (0,6667), (1,17901), (2,4559), (0,7693), (1,18927), (1,8692), (5,2425), (2,5590), (1,4600), (3,444), (1,4604), (1,4606), (1,10751), (1,10752), (1,4609), (0,7712), (4,1445), (1,6659), (0,3620), (1,6662), (2,488), (2,489), (4,8619), (1,4617), (0,3628), (1,4621), (1,6669), (1,1551), (0,3631), (0,10803), (3,1497), (3,474), (5,1436), (1,1563), (0,2618), (0,7738), (1,15899), (4,1472), (3,2527), (1,2593), (5,2471), (0,2627), (1,4644), (5,6568), (1,13860), (0,7748), (1,13863), (4,1486), (5,4527), (4,7631), (4,3539), (5,5558), (4,5590), (0,11860), (0,7765), (0,7768), (1,1595), (2,6684), (5,6591), (3,1534), (0,6748), (4,3559), (0,7779), (0,8803), (4,7658), (4,1515), (4,3563), (0,9831), (1,15944), (1,17992), (5,4561), (1,16974), (2,2608), (0,1648), (2,7730), (5,7637), (0,8816), (3,2580), (2,7731), (1,2644), (0,7795), (1,7766), (1,18006), (4,7675), (0,8824), (1,3677), (2,1600), (1,18016), (3,1572), (1,5730), (1,9827), (5,488), (0,8837), (5,1517), (1,4713), (2,1611), (1,1643), (2,1613), (0,5772), (4,7696), (2,1615), (0,2701), (2,7762), (1,14963), (5,3577), (1,5751), (1,8823), (0,6808), (1,5754), (4,5665), (4,5666), (1,15999), (0,6817), (1,14978), (4,8742), (0,1699), (4,8744), (1,2694), (1,12939), (1,6797), (4,7729), (1,18062), (1,4752), (1,6802), (0,7858), (1,5782), (1,10903), (1,6808), (2,1658), (0,6841), (3,2654), (4,7744), (0,6844), (4,6722), (1,7841), (0,9921), (5,6695), (4,6727), (5,6696), (5,7720), (0,9923), (5,2601), (1,18090), (1,18091), (4,591), (1,9902), (3,625), (5,1587), (2,3728), (4,8790), (1,6836), (0,2772), (4,8794), (1,15031), (5,5692), (1,4793), (0,6873), (1,4798), (4,7779), (1,705), (1,2754), (0,2785), (0,6881), (5,585), (1,3781), (0,5860), (0,6884), (0,6885), (0,7909), (1,15046), (0,8937), (1,3787), (0,13036), (1,14029), (0,10989), (2,1712), (4,6770), (0,8942), (1,13007), (1,720), (3,1682), (1,10960), (1,16080), (0,9968), (1,10961), (1,13009), (1,15057), (0,7921), (0,6898), (0,9971), (1,9943), (4,5755), (1,3803), (5,7776), (5,7777), (1,16094), (2,1729), (2,2754), (1,4834), (5,7783), (1,14051), (0,8965), (1,18150), (0,9992), (0,9993), (4,6800), (1,1775), (0,4883), (0,8981), (1,18166), (0,7958), (4,2717), (2,4831), (0,7965), (0,8989), (3,705), (4,676), (3,1731), (1,2817), (4,5797), (5,6792), (1,15108), (1,18180), (5,650), (0,2860), (1,16143), (1,10000), (0,5940), (1,2841), (5,5789), (5,674), (1,17183), (3,1763), (3,2788), (0,9026), (1,4901), (2,6919), (1,12071), (5,2733), (0,8008), (1,7979), (0,4940), (4,5842), (1,11057), (1,14129), (1,7986), (4,7894), (5,7863), (4,6871), (4,6872), (4,7896), (4,5850), (0,5975), (1,17208), (0,5976), (1,15161), (2,2843), (1,11066), (0,2912), (4,5860), (2,2853), (4,7912), (5,7881), (0,1894), (1,13127), (0,13158), (3,1803), (0,8040), (1,16201), (3,1804), (5,4815), (4,1775), (5,3795), (1,8019), (0,9075), (1,1878), (3,793), (3,794), (0,10103), (1,18264), (5,7902), (0,10109), (1,5983), (1,4962), (0,1922), (1,14179), (0,10116), (5,5869), (1,4970), (1,14189), (0,7054), (1,881), (4,5909), (5,7927), (0,3987), (0,10132), (4,5914), (1,8056), (1,14200), (0,921), (1,3963), (5,1792), (0,7067), (1,7037), (5,7937), (1,17277), (0,4001), (0,10145), (1,899), (0,9122), (1,1924), (1,17286), (2,1900), (0,942), (1,8080), (2,883), (5,2839), (4,5942), (0,6066), (5,4892), (3,2910), (1,12189), (1,15262), (1,927), (1,18336), (4,8007), (0,8132), (0,10180), (0,10181), (1,14246), (0,8134), (0,1996), (1,15277), (0,1997), (4,8017), (1,4016), (0,976), (1,4017), (0,6096), (1,2996), (1,4020), (3,889), (0,4054), (1,8121), (4,3934), (5,2879), (1,10172), (1,17342), (4,7010), (4,868), (3,1924), (1,12226), (4,7015), (1,9158), (1,9161), (3,1934), (2,5038), (2,6062), (4,8049), (3,2962), (1,12241), (2,4019), (5,3926), (1,11218), (1,12242), (4,4986), (2,6072), (1,11225), (1,7131), (0,7163), (1,3040), (1,5089), (0,7171), (1,13286), (2,3016), (1,11239), (5,3949), (3,1964), (1,1006), (3,1968), (1,12272), (3,950), (0,9236), (2,6103), (0,6165), (0,10263), (5,1919), (1,1023), (1,2048), (0,9247), (5,3973), (1,18433), (1,12292), (5,7051), (4,7083), (3,1996), (0,10281), (0,7211), (0,8236), (5,914), (1,2064), (1,17424), (1,10260), (0,10298), (0,6204), (1,7198), (1,6175)
abrazandole	(1,13987), (1,13979), (2,3374)
atavio	(2,5730)
estubo	(0,7888), (0,7394), (0,6421), (0,6757), (0,6534), (0,6759), (0,8664), (0,6761), (0,7337), (0,7163), (0,6956), (0,8125)
estacionaria	(3,249)
debieramos	(2,6548)
abrazandola	(1,9348), (1,2774), (2,1501), (1,8925)
guardarian	(0,7859), (0,9484)
hagan	(2,6469), (0,4933), (0,1671), (3,2603), (0,4872), (0,3529), (1,1132), (1,14444), (3,2671), (0,3789), (0,1934), (1,17135), (0,5457), (1,18035), (0,5908), (4,4377), (1,18488), (0,7576), (0,4825), (0,10713), (2,2787), (1,6981), (0,3301), (0,2032), (0,5040), (3,2901), (1,1492), (3,1943), (0,3828), (1,8344), (0,3707), (3,2976)
reconocida	(5,5524), (2,1763), (5,6007), (0,13475), (5,4794), (0,4629), (0,3864), (0,4634), (2,5950)
otra	(2,5121), (1,3105), (1,5154), (4,5063), (4,7117), (5,7086), (1,11311), (0,11343), (1,5169), (3,1012), (0,5203), (5,5050), (5,7103), (0,7260), (1,13373), (3,1024), (0,11367), (1,11340), (0,5231), (5,5081), (1,17495), (1,1117), (1,17502), (0,11391), (4,5134), (1,9323), (1,11373), (2,3151), (0,1166), (1,3185), (1,15474), (1,17525), (2,1111), (1,7286), (1,3197), (0,7324), (1,17534), (2,3170), (5,5127), (1,7300), (0,9386), (0,11435), (4,5173), (5,3095), (3,1114), (4,7228), (4,7229), (1,7323), (0,1212), (1,3233), (1,7330), (0,11457), (2,7302), (0,5317), (3,1129), (3,1140), (0,5329), (1,17588), (5,3130), (1,11449), (0,5339), (5,5186), (5,1098), (4,7273), (1,1223), (1,1225), (1,3273), (1,13513), (4,7278), (1,15564), (0,7404), (5,5206), (0,13553), (0,11506), (4,1143), (5,7256), (2,1208), (4,1148), (0,5371), (1,7388), (1,13535), (0,11522), (1,3301), (1,9446), (1,17639), (4,5260), (5,1146), (1,5367), (1,5369), (1,9473), (1,7429), (5,3210), (0,13608), (0,1325), (1,11538), (1,3349), (0,3380), (1,9498), (1,11548), (0,5445), (1,9517), (2,7443), (0,7505), (1,1333), (1,9528), (0,1373), (1,1343), (0,5472), (0,1377), (1,13634), (0,9570), (2,1318), (1,5445), (0,13668), (1,5446), (2,7463), (4,1259), (5,1228), (0,5479), (2,7468), (0,5483), (0,1388), (1,7501), (5,7378), (1,9555), (0,1401), (1,15706), (1,1374), (0,1405), (0,5502), (1,7524), (5,1263), (1,7531), (1,11627), (1,7536), (5,3318), (1,11635), (5,7419), (4,3355), (0,5528), (0,5537), (3,1352), (1,7559), (3,1356), (1,3466), (5,5393), (4,1331), (1,7570), (1,1428), (1,9620), (5,3354), (1,17816), (1,17819), (4,1345), (0,5565), (1,15779), (5,3372), (1,17833), (1,3499), (0,7629), (0,7633), (0,5590), (1,13757), (0,5598), (4,7522), (0,7649), (1,13774), (2,1459), (4,5494), (2,1462), (4,3448), (4,3449), (0,1530), (1,3551), (5,3427), (1,9696), (2,3526), (0,5636), (4,3466), (1,17898), (0,7693), (1,3567), (0,5655), (4,7581), (4,7591), (5,1417), (5,3468), (0,9773), (1,9755), (4,3530), (1,17959), (4,1484), (0,7753), (0,11852), (0,5710), (0,3664), (0,9813), (0,5718), (5,3516), (1,1593), (4,3549), (0,3676), (1,7741), (1,1608), (0,9831), (4,1516), (0,9833), (1,5707), (0,9834), (4,1519), (0,9837), (5,5588), (1,15953), (0,5746), (0,9842), (0,3699), (4,1529), (1,1625), (4,5628), (4,7676), (5,7648), (1,15964), (4,1537), (5,3554), (4,7683), (1,11872), (0,9861), (0,9862), (1,13928), (5,1520), (3,1583), (4,3600), (0,1680), (2,7764), (0,3732), (4,5656), (1,11893), (4,5657), (2,5720), (1,3707), (1,13950), (5,1542), (1,13954), (1,13955), (5,1548), (5,7699), (1,9872), (4,7733), (1,13974), (1,1687), (0,5814), (4,5695), (2,3710), (0,11964), (1,5790), (5,5668), (0,9923), (0,9926), (1,1705), (1,3753), (1,5801), (1,5802), (0,5839), (4,5721), (4,5722), (1,9912), (1,11966), (2,1702), (1,7878), (0,5864), (5,5716), (1,18129), (1,18130), (5,1625), (0,3833), (1,7906), (4,1671), (0,7939), (3,1712), (5,7797), (3,1716), (2,7891), (0,3859), (2,7894), (1,1782), (0,7957), (1,5879), (4,7835), (1,5883), (0,5917), (1,9982), (3,1732), (1,14083), (0,3880), (4,5805), (0,5933), (1,10004), (1,5912), (4,7867), (1,5915), (4,7876), (0,1860), (4,5836), (1,5929), (4,5838), (4,5841), (4,7889), (4,1747), (1,10041), (5,5823), (0,8026), (1,5951), (1,16197), (1,18251), (1,10060), (3,1809), (0,8047), (1,16215), (1,12121), (4,3837), (4,5886), (1,10077), (0,1917), (1,12130), (4,7944), (1,10085), (1,1901), (2,5968), (1,10099), (5,3832), (4,7962), (4,7963), (1,3963), (1,10110), (1,1920), (0,1954), (0,4005), (2,8040), (0,10151), (1,12172), (1,3981), (2,6003), (5,5918), (1,1947), (0,4046), (1,1968), (1,12208), (0,8149), (0,10198), (1,1979), (3,1918), (1,6077), (1,8125), (1,10173), (0,2013), (4,3939), (1,6091), (1,8139), (3,1935), (0,10224), (2,4019), (2,6076), (1,4068), (1,10220), (5,3954), (2,2000), (2,2007), (0,10265), (0,10267), (0,10268), (5,3973), (3,1991), (0,6181), (1,6156), (2,4078), (0,10284), (0,10289), (0,6194), (1,4116), (0,10291), (0,2103), (5,3997), (1,16409), (0,2106), (0,6202), (1,8220), (1,8221), (5,1956), (1,10272), (2,6146), (0,6212), (4,4046), (0,6221), (1,4145), (1,16434), (1,14387), (1,8244), (1,18484), (0,10326), (3,2042), (1,18489), (1,12347), (0,6235), (5,1986), (1,4158), (5,6089), (0,102), (4,8174), (1,8267), (1,12367), (1,10321), (1,10322), (5,4059), (0,2168), (1,6238), (1,12385), (1,4199), (1,14439), (0,8327), (4,6158), (4,6160), (4,6165), (4,6167), (3,2104), (3,2107), (0,10394), (3,2115), (1,6273), (4,6182), (0,4259), (3,2119), (0,6308), (1,18567), (1,12426), (5,2063), (3,2125), (5,4114), (4,6193), (1,12433), (3,2135), (1,10398), (0,10429), (0,10431), (3,2150), (1,166), (0,197), (0,2245), (1,18598), (0,2247), (0,8397), (5,6202), (0,6357), (5,2108), (4,4188), (0,10458), (1,190), (1,10430), (1,4293), (0,4325), (2,173), (4,6256), (0,4333), (0,8435), (1,14548), (4,2168), (0,10486), (0,250), (0,4347), (1,10460), (0,4348), (0,4349), (0,260), (0,6408), (1,12521), (4,4238), (0,4363), (0,268), (0,6421), (3,2233), (0,280), (5,6271), (3,2242), (0,10534), (0,6439), (1,12552), (1,12553), (3,2252), (1,18699), (4,178), (1,6419), (4,2232), (0,2364), (0,6460), (5,6306), (2,4358), (4,6348), (4,6349), (1,10538), (4,6358), (4,6359), (2,278), (0,8532), (1,10549), (4,8410), (4,6365), (5,4289), (4,2273), (1,6462), (0,8544), (4,230), (1,18759), (1,6473), (1,16714), (0,10604), (5,2258), (3,2325), (0,10614), (0,2424), (4,253), (1,6490), (0,6521), (4,6403), (4,4356), (4,6404), (4,6405), (1,16741), (5,4331), (0,8585), (0,8587), (1,14701), (1,18804), (0,407), (0,416), (1,4482), (1,14722), (2,356), (3,2385), (0,434), (0,4534), (0,10680), (0,441), (4,2365), (0,8639), (0,10690), (1,2468), (3,360), (2,392), (1,6567), (5,303), (3,366), (5,4402), (0,462), (1,16816), (5,2358), (4,2393), (2,4504), (1,4535), (4,347), (4,2395), (5,6462), (2,412), (1,446), (0,10717), (0,10719), (0,10720), (1,6595), (1,16835), (4,2416), (5,6481), (4,2418), (0,8686), (4,2419), (1,18897), (2,2489), (1,10719), (1,481), (3,2467), (3,2471), (2,6599), (1,489), (1,16876), (0,6671), (0,6676), (4,2457), (0,8726), (1,6650), (0,8737), (3,2504), (4,2478), (4,8624), (4,6577), (0,6704), (1,530), (1,12824), (2,4608), (1,12834), (0,578), (4,4558), (5,6577), (0,6734), (0,10836), (0,10838), (0,2662), (0,10855), (0,10859), (1,16982), (0,10876), (0,8831), (0,6784), (5,2534), (0,2690), (5,488), (1,8806), (0,10890), (1,12908), (0,10892), (0,10895), (0,10903), (4,6689), (2,609), (2,4711), (0,10919), (4,4652), (1,14988), (4,8752), (5,2578), (1,17042), (4,567), (0,4787), (4,8761), (0,12983), (0,12986), (1,2716), (5,2595), (0,12991), (4,4681), (3,2667), (4,592), (4,6739), (0,6869), (0,2774), (4,604), (1,2746), (0,2777), (1,12987), (4,608), (0,6877), (2,2721), (1,12995), (4,615), (3,2696), (3,653), (1,8910), (2,4787), (1,725), (0,13048), (4,4733), (0,13050), (4,6786), (4,6787), (3,680), (2,712), (3,2741), (1,10997), (4,669), (1,11003), (2,2781), (5,4739), (5,2693), (1,4865), (3,2757), (1,11012), (1,11016), (5,4749), (4,687), (1,15117), (2,2799), (1,11022), (0,9014), (2,4859), (1,8988), (0,4925), (0,2884), (2,4871), (4,2765), (3,2797), (1,13104), (0,11088), (2,2838), (0,2900), (0,11092), (1,13110), (2,4888), (1,13111), (1,824), (2,794), (0,7008), (0,7010), (1,13125), (3,776), (4,2793), (4,4842), (4,6892), (1,2891), (1,13131), (0,2925), (1,6991), (1,17234), (2,2868), (0,13170), (3,791), (0,2934), (2,828), (0,899), (4,2824), (5,2793), (0,2948), (1,7015), (1,4972), (3,821), (1,886), (3,830), (1,2944), (3,839), (0,933), (4,814), (1,9104), (0,945), (0,9137), (5,2841), (0,950), (4,6970), (1,7066), (2,2941), (0,3014), (0,967), (0,11209), (0,3020), (4,4946), (3,883), (5,4923), (5,829), (1,5052), (5,833), (0,5089), (0,5094), (1,7117), (4,883), (2,958), (3,929), (1,17377), (4,2949), (1,5090), (1,3044), (3,936), (4,5004), (3,940), (1,9195), (1,7148), (5,7024), (1,9197), (0,5135), (1,9207), (2,3035), (4,928), (0,11293), (5,2948), (0,11297), (0,11298), (0,3114), (0,5164), (0,7213), (4,2994), (5,917), (0,5171), (0,7219), (5,924), (4,7100), (0,1081), (4,3005), (0,7225), (0,9274), (1,7196)
contramaestres	(0,2176), (0,4273), (0,354), (0,2183)
implacables	(5,7390), (5,5792)
persuadirte	(1,1321)
reconciliaronse	(1,4579)
tornaroslo	(4,2948)
celebrare	(2,2638)
restablecio	(4,227), (5,5141)
aborrezca	(1,1012)
desarticulado	(5,3002)
baculo	(1,15720), (1,18346), (1,9067)
hallaran	(1,17970), (0,10601), (1,15371), (0,5323)
espesos	(1,1636), (5,3935)
aborrezco	(1,2947), (1,3098), (2,7996)
hallaras	(4,7684), (4,4873), (1,169), (1,1706), (0,11452), (1,11598)
hartura	(1,10794)
serio	(2,5076), (2,5429), (4,8328), (2,2935), (2,1983), (2,5136), (2,7504)
sistema	(5,3748), (5,4004), (5,935), (5,4328), (2,6919), (2,7048), (5,2735), (5,4338), (5,5044), (5,503), (2,2708), (5,3514), (5,3707), (5,3005), (2,3482), (5,5374), (2,1120), (3,194), (2,6817), (3,2756), (5,6726), (2,2790), (5,5002), (2,684), (5,528), (5,5520), (5,4817), (2,5487), (2,2801), (5,2708), (5,5789), (2,6268), (2,5502)
entreveia	(5,2020)
objeciones	(3,180), (0,13294)
redondearse	(2,1751)
ralea	(4,6335)
serrazon	(0,11284)
reunimos	(2,548), (2,536)
parpados	(2,2677), (2,7208)
hernandez	(0,12305), (4,844), (4,720), (0,7501), (4,834)
tiralles	(0,9969)
desquicia	(2,6707)
comentarios	(5,6522)
agradescerian	(0,7237)
escultores	(5,4903)
consiguiese	(3,1518)
telas	(1,5571), (4,8518), (2,3719), (1,457), (1,3052)
mostrandoos	(1,14086)
saunders	(5,2512)
cinicos	(1,16902), (1,105)
hollados	(2,3718), (1,17830)
pringues	(1,18874)
crescida	(0,6396)
iban	(1,4256), (0,8001), (0,8257), (0,7621), (0,7877), (1,4265), (0,6089), (1,17322), (0,6091), (1,11052), (1,301), (1,302), (0,6100), (5,2490), (1,6584), (0,8152), (1,9273), (0,7257), (2,1436), (0,6108), (1,16702), (1,9151), (5,1092), (1,4417), (5,3655), (1,15044), (1,15045), (1,17093), (0,6503), (2,170), (0,8169), (0,8681), (1,1099), (1,15436), (4,5491), (1,9426), (1,596), (1,15448), (1,13789), (0,6013), (1,6626), (1,13796), (1,3046), (5,7530), (5,1899), (0,6022), (0,7303), (1,6506), (1,6507), (1,13547), (1,13548), (1,16752), (0,8209), (0,6546), (1,14324), (4,7576), (1,4215), (0,8087), (1,17784), (1,1401), (1,4221), (1,3070), (2,6112), (4,931), (3,1475), (3,2246), (1,1285), (5,4490), (0,6439), (1,10888), (0,6824), (1,2314), (0,11561), (0,813), (3,850), (2,114), (1,11026), (5,663), (1,3347), (1,5396), (1,4757), (1,4759), (0,8246), (1,17047), (1,13720), (1,3353), (1,6300)
temprano	(2,1570), (5,873), (5,2829), (5,3604), (5,1429), (2,3955), (2,820), (0,10388), (5,1755), (5,5659), (2,2106), (5,4096), (2,1566), (5,3713), (5,226)
cercadas	(0,9862)
estipendio	(1,6070)
desenganados	(0,8562), (1,14219)
ceceoso	(1,579)
donations	(3,3301), (0,13891), (2,8330), (1,19244), (4,9168), (0,14028), (0,14032), (5,9143), (0,14035), (3,3319), (1,19254), (3,3193), (4,9178), (3,3323), (0,14040), (2,8348), (3,3326), (0,14043), (2,8222), (5,9153), (0,14045), (2,8352), (3,3331), (2,8355), (0,14050), (3,3334), (3,3336), (0,14053), (2,8360), (0,14054), (1,19272), (2,8363), (1,19146), (3,3341), (0,14058), (2,8365), (0,14059), (1,19276), (4,9072), (3,3344), (3,3345), (5,9171), (1,19279), (2,8370), (5,9045), (3,3349), (5,9175), (3,3350), (2,8373), (1,19284), (2,8374), (4,9208), (5,9178), (1,19287), (2,8378), (4,9212), (1,19289), (2,8379), (5,9183), (4,9215), (5,9186), (1,19294), (5,9188), (4,9220), (0,14080), (1,19297), (1,19298), (4,9223), (5,9193), (4,9225), (1,19302), (1,19303), (5,9196), (3,3371), (5,9197), (4,9230), (5,9201), (4,9233), (5,9202), (2,8400), (4,9234), (4,9238), (4,9239), (1,19324), (5,9223), (0,13988), (4,9263), (0,13998), (3,3291), (2,8320)
abiertos	(1,16577), (2,5894), (1,4457), (1,15243), (2,3374), (5,7089), (2,1554), (1,8883), (1,12660), (1,17237), (3,2296), (1,5366), (1,18047)
interlocutor	(2,3703), (2,5048), (5,5515), (2,2681), (5,5565), (2,3309)
ligazon	(0,3644)
monumentos	(5,7706), (3,1194), (5,7634)
salieren	(1,5585)
aguador	(1,11395), (1,11364), (1,11396), (1,11941), (1,12261), (1,11944), (1,11409), (1,11479), (1,11511), (1,12889), (1,12794), (1,12765), (1,11391), (1,12159), (1,12863)
mostrandole	(3,1543)
secretarios	(5,7396), (5,7562), (5,7231), (2,557)
vizcainas	(4,3012)
aguados	(1,2127)
obtengan	(2,2789)
uniform	(3,3332), (4,9221), (1,19285), (2,8361), (0,14041), (5,9184)
morse	(5,7563), (5,7215), (5,8513), (5,7378), (5,7331), (5,7395)
arado	(3,149), (3,952), (5,364)
mostrandome	(1,4563), (1,13162), (0,2651)
causen	(1,13179)
entendieran	(3,1553)
precipitan	(5,283)
serle	(0,2849), (5,4791), (1,10773), (0,2902), (0,8071), (0,2843), (1,8956)
precipitar	(5,2391), (5,521), (5,4464), (5,2417)
sujetaban	(1,17497)
varilla	(1,17415), (1,17815), (1,17404)
sanctisteban	(0,2416), (0,11928)
serlo	(1,4581), (1,13157), (0,519), (1,14954), (1,4076), (1,8940), (1,9456), (1,12338), (1,17074), (1,14070), (2,4057), (2,1692), (1,1671), (5,6736), (1,8078), (2,2673), (3,2323), (1,16530), (1,2708), (2,3831), (1,13206), (1,1176), (1,4248), (1,8536), (3,540)
grupos	(2,6113), (2,7683), (5,2488), (5,505), (5,268), (2,5626), (2,7675), (5,3935), (2,7679)
fingen	(2,2515), (1,291)
mesurado	(1,18353), (1,7963)
reconocian	(3,2775), (5,1515), (3,123)
refiriendole	(2,3061)
agradose	(1,16670)
prevenidos	(5,777), (0,5380), (1,7063), (1,9351), (0,1803)
concurriendo	(3,1649)
espias	(2,6609), (2,5513), (2,6841), (4,621), (1,9964), (1,8878)
serme	(1,1337), (4,8479)
delanteros	(0,6100), (0,6089), (0,6109)
arribara	(0,6067)
cristianamente	(1,6116)
juridico	(5,530)
quitaban	(1,3264), (5,3217)
comprando	(3,2387), (1,12148), (1,4889), (4,4525), (3,1805), (0,3450)
fueremos	(0,3792), (0,1389)
quenta	(0,10297), (0,2011), (0,11788)
ensenar	(1,9892), (1,9908), (5,3692), (1,7608), (5,4749), (4,685), (3,2060), (1,9725), (1,4174), (1,9710), (1,703)
seres	(5,2005), (5,3941), (5,3624), (4,8104), (4,2396), (5,2861), (5,1695), (5,368)
mudeis	(1,13640)
paradero	(1,2064), (3,1799), (5,2939), (1,18952), (1,7131), (3,160)
atreveria	(1,15209)
mostrandose	(1,6788), (2,5800), (1,14617)
rabanera	(4,814)
hacianlo	(0,10001)
impireo	(1,11798)
tipografico	(0,83), (5,6848)
emboscada	(0,10623), (0,8950)
martelos	(4,5512), (1,1499)
consolidar	(3,2664)
inepta	(2,2586)
ocuparse	(2,6961), (5,7668), (5,7814), (5,3052), (0,3449), (2,367)
adverti	(2,741)
hacianle	(1,6912), (1,6913)
proveello	(0,1673)
miseras15	(0,788)
prospero	(1,9409), (0,4610), (0,5830), (1,7239), (1,6633), (1,9417), (4,8494), (0,5871), (1,9392), (1,6449), (1,9138), (0,4085), (5,6526), (1,6906), (1,1851), (1,4155), (0,5883), (1,1503)
encargoselo	(1,8024)
espuestas	(1,18767)
advenimiento	(5,7063), (5,5785)
entonacion	(5,3639), (5,6343)
solicit	(0,14048), (5,9191), (3,3334), (4,9223), (1,19287), (3,3339), (4,9228), (2,8363), (0,14043), (1,19292), (5,9186), (2,8368)
pensamiento	(1,4194), (1,1060), (5,5162), (1,9577), (1,170), (2,1227), (1,3371), (1,9453), (5,4978), (1,7343), (1,8881), (3,2868), (3,2934), (1,8692), (1,11574), (5,4285), (5,4351), (1,189), (1,7295), (1,8767), (1,11967), (1,13695), (3,2562), (1,7045), (1,13573), (1,13511), (1,17671), (5,2828), (2,6443), (1,10122), (1,9678), (1,12558), (1,6159), (1,9167), (1,10641), (1,3218), (3,2773), (1,10711), (1,8921), (1,14042), (1,3291), (1,11611), (2,3390), (1,13213), (2,447), (2,3519), (5,5154), (1,8670)
entrometidas	(2,2038)
ansiedad	(5,2982), (2,4035), (2,5847), (5,1456), (2,5839), (2,1344), (2,4816)
prospera	(1,3635), (1,16835), (1,17079), (0,4762)
enjuta	(1,18648)
magdalena	(4,53), (5,6219)
comio	(0,10481), (1,7881), (1,14681), (4,3901), (1,18028), (4,4593), (4,674)
sobistes	(4,8001)
llamandonos	(0,10621)
entendieren	(0,5270)
ibid	(5,4295), (0,13490)
trayendo	(0,4948), (0,4677), (0,9909), (0,7510), (0,10363), (2,3230), (5,3059)
corredera	(0,13087)
echaronle	(1,5502)
network	(2,8387), (0,14067), (5,9210), (3,3358), (4,9249), (1,19311)
puros	(1,321), (2,5299), (5,4168), (1,17103)
tenerlos	(1,8194), (1,3779), (1,6486), (1,1111), (1,11210)
tinientes	(1,545)
espulgarlos	(1,17599)
porfiando	(1,12774)
imbernando	(0,2447)
descortesias	(1,13037)
partidas	(0,11711), (2,1124), (2,4648), (5,1296), (4,593), (1,9422), (0,12047), (5,2967), (2,2485), (4,6007), (5,3677), (3,1726), (2,1087), (0,10397), (1,1503)
camarones	(1,5474)
fingia	(1,13675)
encomiendes	(1,7331)
hernando	(0,7458), (0,11746), (0,12707), (0,11812), (0,13255), (2,74), (0,5995), (1,7823), (0,12527), (2,20), (1,7606), (2,57), (0,11799), (4,2076), (0,8505), (0,12443)
almadraque	(4,1833)
preguntasen	(1,2417), (1,7907), (1,3499)
mojadas	(0,2308), (2,5037)
pinelo	(0,13117), (0,12430)
acabarlas	(1,16995)
fingir	(1,4145), (4,3784), (5,925), (1,3995), (1,7340), (4,5681)
nolite	(1,8561)
quitenle	(0,2243)
mentesa	(4,6182)
alonso101	(0,9561)
escribiese	(1,13521), (4,6358), (5,6215), (1,7235), (4,138), (1,6013)
ensenen	(1,16474)
serian	(1,18594), (4,8326), (1,5476), (1,10470), (0,7433), (0,8521), (1,3444), (1,14582), (4,7709), (2,6175), (3,195), (3,1347), (2,104), (1,9991), (0,10728), (0,10473), (1,4431), (1,12305), (0,4657), (0,6323), (0,6771), (1,7702), (0,4726), (3,2267), (5,2589), (4,1537)
serie	(2,1670), (0,13060), (0,72), (0,12937), (2,4052), (0,11798), (2,6169), (0,13018), (0,13343), (3,1476), (0,12961), (2,1637), (3,1542), (5,5001), (5,3411), (0,13230), (3,210), (0,2415), (0,12977), (0,13489), (5,7708), (0,9337), (0,2426), (2,4991), (2,64), (0,9342)
vistillas	(2,3090), (1,11108)
serias	(4,4880), (4,4881)
seria	(5,937), (0,8262), (0,8775), (5,4014), (1,8747), (1,4145), (5,5558), (5,1975), (0,8786), (0,8789), (0,3159), (0,1625), (1,2618), (1,13885), (1,10816), (5,3525), (0,6241), (5,6088), (4,2025), (1,587), (5,5584), (0,7275), (3,2578), (4,7668), (0,8310), (2,7737), (0,8313), (0,8825), (1,15450), (1,18525), (0,6271), (0,8319), (4,1035), (5,494), (1,14956), (0,8334), (1,7288), (1,6281), (0,8880), (0,3761), (0,8882), (5,2584), (0,7347), (5,3103), (1,15516), (2,7808), (0,3775), (5,7204), (2,1670), (0,8901), (1,8871), (1,17063), (0,8910), (2,5780), (2,5269), (4,3675), (0,8413), (1,9412), (1,1733), (0,5350), (4,8303), (1,16588), (4,625), (2,687), (0,1777), (1,9940), (1,5333), (5,7776), (4,1154), (5,4197), (0,8458), (5,3190), (0,8465), (0,3860), (5,635), (5,6779), (0,8471), (1,11512), (5,1661), (1,13053), (3,193), (1,13056), (0,2866), (1,1303), (4,3262), (1,12059), (1,4381), (2,6912), (1,12063), (1,18207), (1,18208), (1,2852), (2,3845), (5,6824), (3,2791), (4,2249), (2,3336), (0,2887), (3,2796), (4,5839), (1,6958), (0,9550), (0,3408), (1,9009), (1,12081), (5,6328), (1,7988), (0,8020), (0,9556), (1,16184), (3,2811), (0,9560), (1,16185), (4,7901), (2,798), (1,15677), (1,4415), (1,6479), (1,12118), (4,7930), (3,2330), (5,2780), (4,4352), (4,1281), (5,4323), (2,6976), (1,17248), (4,5382), (0,4482), (0,6019), (1,9577), (2,3405), (0,9611), (4,7954), (0,3987), (1,13178), (4,5408), (2,1887), (1,14718), (1,15745), (2,6503), (2,1899), (2,2411), (0,2473), (1,17803), (2,2413), (3,2894), (2,883), (0,2998), (1,16293), (5,2346), (5,5419), (5,4396), (0,6600), (1,10154), (1,9643), (5,2356), (4,7002), (5,841), (0,5094), (0,5606), (0,5611), (4,1904), (1,15821), (1,16845), (2,5551), (4,3442), (4,3960), (4,6010), (4,6523), (5,862), (1,9691), (5,2915), (4,900), (2,5058), (4,2438), (0,6662), (4,1932), (3,3003), (4,6559), (0,8219), (1,10237), (1,7166), (3,449), (1,1027), (0,10786), (0,6181), (0,10791), (4,8110), (1,8719), (4,436), (1,7698), (1,5653), (0,7732), (1,7711)
comia	(2,2897), (4,5796), (4,790), (4,2139), (1,15881), (1,16569), (1,16937), (4,1837), (4,430), (1,11099), (1,4812)
