pecado	(1,17667), (1,17637), (1,5192), (1,16011), (1,16012), (1,17644), (4,5456), (4,5393), (1,1551), (4,2004), (4,757), (4,8118), (1,2548), (1,8919), (1,17655), (4,5340), (5,4925), (1,17433), (1,10234), (1,17595), (1,13244), (2,5567)
temerarios	(3,2118), (3,2697)
cimientos	(1,2160), (2,1348)
poema	(1,18145), (5,6135), (5,6121), (5,6522), (5,6076), (5,4367)
habermelos	(1,12740)
mondados	(1,10321)
miera	(1,5954), (1,5959), (1,6055)
patrioteras	(2,4979)
idos	(1,6722), (1,11912), (0,7307), (0,7947)
mcmaster	(5,7321), (5,8441)
furia	(1,13797), (1,4262), (5,5802), (2,2056), (5,302), (1,12010), (1,4274), (2,6295), (0,6998), (1,14199), (1,4285), (2,2340), (0,3490), (2,3941), (1,3078), (0,7269), (0,6630), (0,3501), (1,11918), (2,1013), (5,1560), (1,6488), (0,9016), (1,17689), (1,3292), (1,8989)
hallando	(3,2244), (0,4035), (0,2820), (1,1030), (0,5931), (0,1069), (3,1392), (1,2513), (1,10514), (1,13586), (3,1720), (2,2296), (1,15384), (3,1729)
sentencioso	(2,6756)
constituirse	(5,125), (5,624)
apetecen	(3,2541)
penado	(4,7075)
mandarias	(4,4880)
improvisarla	(5,5366)
rodriguillo	(4,1398), (4,1393)
calabazas	(1,16181), (1,12246)
concebir	(2,1156), (5,7256), (5,7594)
venirme	(1,13940), (1,13429), (1,13964), (4,7074)
doler	(1,10244)
generalizando	(2,4015)
huvieredes	(0,1747), (0,1725)
resgatando	(0,7655)
carnivoros	(2,6625)
noviciado	(1,1714), (1,5272), (1,5017), (2,1741), (1,9597), (1,1038), (1,6014)
concebia	(2,4948)
demostraciones	(1,15809), (1,16389), (2,1607), (1,8430)
estrictos	(5,5368)
require	(1,19152), (2,8228), (4,9078), (5,9051), (0,13897), (3,3199)
viserta	(1,3256), (1,3147)
visibles	(3,2866)
desaciertos	(2,6252)
huevecillos	(2,2727)
poemas	(5,6472), (5,5738)
venirle	(1,3659), (3,719)
ganareis	(4,1462), (4,1963), (4,1696)
traiades	(4,6280)
157230	(5,8438)
concedo	(2,7280)
huevo	(4,2181), (4,6798), (0,6394), (4,2415), (1,17292), (4,6896)
muertas	(1,6212), (1,13262), (1,16367)
encarnado	(2,261), (1,18716), (4,7777)
presbiteri	(4,197)
concede	(1,15253), (1,17033), (1,3115)
pinceles	(4,8486)
coros	(5,4398)
conceda	(1,16842), (1,16382)
llevar	(1,7202), (0,1350), (1,3111), (1,2602), (1,1325), (4,3536), (1,14381), (0,1357), (0,3661), (3,2550), (0,5715), (0,4949), (1,17975), (0,1115), (0,3676), (0,4191), (0,3680), (2,1315), (0,3682), (5,1225), (0,3685), (0,4197), (1,2120), (1,4168), (1,2123), (1,4171), (1,5451), (0,1131), (0,3692), (1,3918), (1,6222), (0,3694), (0,3183), (0,3696), (0,3699), (0,3705), (1,4191), (1,9316), (1,7023), (5,4852), (4,4375), (4,1564), (0,3485), (1,18049), (1,16771), (1,9092), (1,8587), (0,3759), (2,5491), (5,794), (0,1205), (1,6552), (0,3257), (1,3994), (0,1468), (0,1469), (0,3522), (1,676), (0,1475), (1,5284), (0,1228), (4,7504), (1,7088), (1,14001), (0,1233), (1,17074), (0,724), (1,12469), (0,1238), (1,1463), (0,11992), (1,15033), (0,11995), (2,5792), (1,9408), (0,12000), (1,18114), (0,1250), (1,12483), (1,6597), (1,12232), (0,3305), (0,4073), (0,3306), (1,9166), (1,210), (0,12021), (5,5470), (1,3549), (4,1410), (0,3073), (1,15074), (1,5348), (1,13285), (5,2922), (1,13030), (0,4107), (1,9452), (5,6258), (0,1295), (1,17398), (1,5879), (1,1018), (0,4126), (5,900), (2,5345), (1,1025), (1,15617), (1,13315), (1,17923), (1,17157), (0,10793), (0,5674), (3,1231), (1,12560), (1,16401), (1,1554), (1,4371), (0,2867), (0,4917), (4,6588), (0,4157)
aillo	(4,6204)
llevas	(1,10985), (1,16383)
territoriales	(5,3070)
corpa	(1,10910)
fornido	(2,6094)
corrupcion	(2,497), (2,4662), (2,1147), (2,1744)
veniros	(0,5401), (0,1854)
desuso	(2,1625)
comunidad	(5,1797), (1,6068), (5,826), (5,5162), (1,5978), (0,6714), (5,832), (1,5596), (4,7633), (5,1987)
sentenciosa	(5,4493), (5,4845)
preverse	(5,7446)
magnifica	(2,3602), (1,15874), (5,6521), (5,4378), (4,6777), (5,6299), (2,3833), (1,18024), (1,7838), (5,195)
sombra	(1,15334), (4,6026), (1,17383), (1,104), (5,3436), (1,8488), (5,4653), (5,7538), (1,17966), (2,3988), (0,10261), (1,440), (4,8606), (1,8765), (1,10494), (5,4803), (4,8482), (1,385), (5,5575), (5,4938), (1,16454), (1,12167), (4,4203), (1,9993), (1,16713), (1,10635), (1,14991), (5,6680), (1,18263), (5,2908), (1,14170), (1,1691), (1,476), (5,6624), (0,6715), (2,6014), (5,3938)
alcoholadas	(4,806)
resolverse	(2,3234), (5,1576), (5,2474), (1,1051)
acreedores	(1,8413)
justificar	(0,8255), (5,6145)
llevan	(1,3489), (2,5634), (0,6721), (4,4679), (4,6092), (3,1901), (3,1902), (1,17196), (5,5938), (0,9549), (1,11316), (0,1621), (0,214), (0,1623), (1,8509), (0,2399), (0,4447), (4,4454), (4,1003), (4,4460), (1,18633), (4,1005), (4,1390), (1,4045), (0,4205), (1,12752), (0,4209), (4,8444), (1,17882), (0,378), (4,894), (5,4962), (4,6279), (1,8039), (1,2928), (0,1816), (0,4120), (1,8188), (4,2083), (2,4451), (4,1319), (0,1701), (0,4391), (0,298), (0,4141), (0,4142), (0,3503), (0,4146), (1,8213), (1,18335)
presbitero	(5,6115)
sublevar	(2,6788), (2,6773)
justifican	(0,552)
suele	(3,98), (1,13604), (1,16037), (1,6310), (5,4907), (1,14504), (3,877), (1,941), (4,7377), (5,4148), (1,7729), (1,5813), (1,11701), (2,3866), (0,3929), (1,9531), (1,3389), (1,16833), (1,14276), (0,5221), (1,11078), (1,2122), (1,3402), (1,4426), (0,5226), (1,2766), (1,16208), (1,7890), (1,3412), (4,1658), (1,1879), (1,5079), (1,6873), (0,12921), (1,5986), (1,12517), (1,8422), (2,4938), (1,9069), (0,2318), (1,2806), (1,12025), (1,1146), (1,12028), (4,5161), (1,12935), (5,3342), (1,9101), (0,8620), (5,3228), (1,10265)
prenosticar	(4,5787), (4,8475)
vueltos	(0,6475)
endemoniada	(1,17735)
mezquinamente	(5,6025)
estarian	(0,6498), (0,10338), (0,8019), (0,11517)
magnifico	(0,2720), (0,2979), (5,5576), (0,3015), (5,6988), (0,11656), (5,144), (0,2539), (0,2444), (0,10829), (5,4371), (0,2803), (0,3028), (5,6233), (0,2165), (0,2075), (0,3003), (0,11612)
martillazo	(2,2075)
comisionado	(3,2676), (3,2646), (3,2615), (3,2632), (3,2585), (5,6044), (3,2588)
november	(0,17)
tocamientos	(2,2065)
ahorcaria	(2,937)
bellas	(1,13729), (4,5654), (1,2263), (2,6173)
informose	(1,18540)
morrion	(1,6676), (2,7640), (2,6075)
endemoniado	(1,8580), (1,9961)
borcelanas	(0,10724), (0,10411)
bastantes	(1,6624), (3,1252), (1,6115), (4,106), (3,2473), (1,8551), (1,14730), (0,8427), (1,10511), (1,5041), (0,8337), (3,1815), (5,3994), (2,5208), (3,122), (3,1434), (1,7099), (4,127), (1,7870)
crudas	(0,10604)
dicterios	(2,426)
advirtiese	(1,7903)
cubrirle	(1,9083), (1,319)
hueso	(1,16306), (0,6195), (4,6656), (1,18686)
abaten	(4,8246), (1,18364)
desfiguraba	(2,644)
hablariamos	(4,847)
captivos	(0,3222)
encarnada	(1,13459), (1,18355)
deligentes	(0,2095)
owed	(1,19138), (2,8214), (4,9065), (5,9037), (0,13883), (3,3185)
nuevas	(1,7329), (1,8353), (0,7491), (4,3656), (1,7078), (3,2410), (1,12970), (1,2860), (1,7341), (1,7469), (1,10285), (5,6711), (1,10420), (1,7734), (1,17720), (1,7483), (1,9275), (1,5439), (1,8127), (1,9027), (1,7493), (5,5322), (1,10696), (1,10952), (1,14155), (1,9424), (1,9808), (2,178), (2,2483), (1,8022), (1,13399), (0,7415), (1,13912), (5,4701), (5,4191), (1,7516), (5,1761), (1,6621), (1,13277), (1,13789), (2,2495), (1,6622), (1,13280), (4,7684), (1,13281), (2,2371), (4,6406), (3,2598), (0,1418), (1,6891), (2,4174), (1,15341), (1,17393), (1,2547), (5,7287), (1,13299), (1,17399), (1,6904), (1,15226), (1,7419), (0,6043), (1,3967), (1,14591), (1,18047), (1,3330), (1,7426), (1,15362), (4,6443), (1,18699), (1,6669), (1,14866), (0,3762), (1,7571), (1,14996), (3,218), (4,3259), (5,6428), (1,14232), (3,2395), (5,4511), (1,2846), (1,15390), (1,7327)
maluco	(0,7615), (0,2880), (0,3393), (0,8001), (0,578), (0,3394), (0,3396), (0,5701), (0,2886), (0,8007), (0,2632), (0,5704), (0,2890), (0,13130), (0,4043), (0,12363), (0,2764), (0,3405), (0,2898), (0,2643), (0,10323), (0,2773), (0,12887), (0,3416), (0,12888), (0,2536), (0,3048), (0,2925), (0,2799), (0,5748), (0,2806), (0,3449), (0,7677), (0,126), (0,7679), (0,2816), (0,3329), (0,13571), (0,2436), (0,3334), (0,7686), (0,7692), (0,9228), (0,527), (0,11919), (0,7824), (0,3857), (0,7697), (0,2707), (0,3223), (0,13207), (0,2844), (0,5788), (0,2845), (0,5789), (0,2462), (0,2721), (0,13217), (0,2850), (0,2980), (0,7845), (0,2982), (0,2983), (0,3879), (0,12713), (0,2858), (0,7850), (0,2734), (0,7086), (0,2735), (0,2992), (0,2868), (0,9396), (0,2613), (0,9397), (0,7096), (0,7994), (0,3387)
desordenes	(0,1417), (5,527)
venirla	(1,7289)
concerniente	(1,12216), (3,2685), (2,1710), (0,4366)
idus	(5,6671), (5,7458)
belleza	(1,2341), (1,2473), (1,3503), (1,305), (1,1841), (1,7089), (1,11186), (1,14514), (1,14516), (1,3509), (1,2230), (1,2870), (1,11574), (1,14774), (2,3224), (1,15545), (1,956), (1,14909), (1,18366), (1,447), (1,3775), (2,6689), (4,8421), (1,11586), (1,14532), (5,6858), (1,4425), (1,11084), (1,7763), (1,2004), (1,9173), (5,5981), (1,7129), (1,12131), (1,18531), (1,7272), (1,14698), (1,13296), (1,9207), (2,3161), (1,7805), (4,929), (1,7679), (1,11520), (5,4360), (1,6148), (1,12932), (1,1926), (1,8972), (1,657), (2,3826), (2,3699), (1,11795), (1,6298), (1,9247)
quienquiera	(5,3502), (5,5635)
termina	(3,1443), (3,1460), (5,4409), (0,345), (5,5342), (5,5810)
webster	(5,325), (5,390), (5,486), (5,359), (5,392), (5,8776), (5,202), (5,205), (5,462), (5,496), (5,340), (5,372), (5,4500), (5,8820), (5,3321), (5,447), (5,194), (5,482)
provamos	(0,10193)
tripulada	(0,258)
termino	(0,8127), (5,2725), (1,5921), (1,8737), (5,934), (1,4132), (1,12708), (1,4135), (4,8523), (2,266), (4,8524), (5,7343), (5,944), (1,7470), (1,5937), (0,1105), (1,11573), (0,6102), (0,5591), (5,2749), (1,7357), (5,3138), (1,16063), (0,8543), (5,7879), (1,7364), (2,5414), (0,8934), (1,1096), (3,1291), (5,7635), (0,496), (5,2006), (0,13299), (1,5978), (0,9466), (5,2785), (0,9470), (2,4417), (0,8832), (5,1766), (5,999), (5,5736), (2,3270), (5,7274), (0,9478), (2,6729), (5,365), (1,1130), (1,4074), (1,6638), (1,15982), (5,499), (5,1016), (5,4728), (1,13942), (1,7160), (2,4954), (5,6782), (1,14844), (1,10109), (5,900), (1,2816), (1,3713), (0,7456), (0,8226), (2,5605), (1,7174), (0,13222), (5,1932), (1,1801), (1,3209), (1,10122), (1,16650), (1,5899), (1,3212), (1,18828), (0,1324), (1,16781), (1,1934), (1,4110), (1,7439), (1,14738), (5,1303), (0,8504), (1,10014)
traydora	(0,9388)
muertes	(0,2687), (0,8527), (0,7744), (0,7665), (0,482), (1,17651), (0,13251), (0,500), (1,16373), (0,982), (1,10795), (0,8556)
aduana	(1,4785), (4,6468), (1,4978), (4,2029), (4,2334)
descansar	(1,6722), (4,6767)
recojer	(0,3306)
congregacion	(2,2613), (1,5146), (2,1628), (2,2288)
comunica	(5,6673)
magnificos	(1,7783)
probaban	(3,221)
congraciarse	(5,6336)
ocasiona	(2,1814)
aficion	(1,15618), (4,8519), (1,18373), (1,18757), (1,10442), (1,9740), (1,17327), (1,3728), (3,438), (0,2102), (0,3350), (0,8151), (1,2649), (1,11965), (1,766)
limpieza	(2,5730), (1,7777), (1,16625), (1,4839), (4,444), (1,18796), (1,18813), (1,5566)
parangon	(5,197), (5,6295)
jovialmente	(2,3326)
admirose	(1,10696), (1,13658)
cautivado	(3,962), (1,3700), (1,7245)
resciviria	(0,8757)
romanas	(4,6195), (4,6309), (4,1384), (4,4380), (4,1406), (4,2511), (4,4095), (4,4384), (4,6305)
desfigurada	(2,5849), (1,17753)
lleven	(1,12224), (4,7524), (4,2982), (0,3251), (2,54), (0,1284), (0,2325), (2,7161), (2,6524), (2,2333), (1,14668), (1,14669)
comunico	(3,964), (3,2164), (3,438), (0,707), (1,8692), (1,3926), (3,2618), (1,12424), (3,412), (3,1549)
respectivos	(3,648)
garbo	(1,5693)
teorico	(5,3638)
dixonos	(0,10496), (0,10539), (0,10445), (0,10494)
doseles	(1,9521), (1,7816), (1,8136)
riendas	(5,7270), (5,4218), (1,10918), (4,1819)
romance	(1,548), (1,612), (1,394), (1,1228), (1,557), (1,11791), (1,18479), (1,624), (1,11633), (1,11986), (1,2003), (1,8979), (1,16884), (1,407), (1,568), (1,16888), (1,18456), (1,314), (1,538), (1,1915), (1,11871)
captivas	(0,7585)
acuerdaseme	(1,8269)
expresiva	(2,2898)
concejo	(0,1845)
fallos	(3,197), (5,1760), (5,2304)
expresivo	(5,4932), (5,4251), (2,907)
parlamentario	(2,3875), (5,7064), (5,857), (5,2642), (5,2914), (5,995), (2,5344)
epifaneo	(2,5507)
quitaronme	(1,17315)
duenos	(1,9056), (5,2793), (5,3435), (1,17287), (5,4461), (1,18185), (1,11722), (5,337), (1,16365), (5,1074), (5,2098), (1,9007), (5,726), (1,1810), (1,18515), (1,17205), (4,1564), (3,2107), (5,2431), (1,18267)
poets	(5,8501), (5,7100)
zurrarle	(2,155)
grandilocuente	(2,103)
arrastrados	(5,3523)
concluyes	(2,136)
notoriedad	(5,3250)
podiamos	(0,10144), (0,10464), (0,10229), (0,10295), (0,11223), (1,15272), (0,9785), (0,10077)
realizado	(4,51), (5,6555), (5,7021), (5,1489), (0,12973), (3,81)
concluyen	(4,229), (2,7779), (0,4904)
extraordinariamente	(2,818), (2,3556)
siguro	(0,6799), (0,8815), (0,6752), (0,7780), (0,8452), (0,8358), (0,7783), (0,8426), (0,8828), (0,7757), (0,8365), (0,8014)
realizada	(5,7257)
quitaronle	(1,1858), (2,5031)
indecision	(2,4371), (5,3442), (2,7472)
robando	(3,1254), (0,5044), (2,122)
cautivaba	(2,6690), (2,4118)
observantes	(3,2131)
suero	(4,6745)
librarse	(1,4163), (2,7462), (5,4925), (2,6794), (2,7386)
estacioneras	(4,5987)
salgamos	(4,7379), (1,8611), (2,7977), (4,7229), (4,1632), (4,7984)
hypertext	(2,8194), (4,9044), (5,9017), (0,13863), (3,3165), (1,19118)
acrecentase	(1,17834)
chubascosa	(0,173)
cubriran	(5,357)
muneca	(2,4550)
descanses	(2,5065)
adagio	(1,17012)
apinadas	(2,433)
cubriras	(1,8773)
paresciole	(0,6980)
barrigas	(0,6329)
comunion	(5,1158)
parlamentaria	(2,5476), (5,392), (5,1418)
alborotar	(2,2299), (2,2494)
fomentarla	(5,4881)
dezima	(0,1122)
yendonos	(0,9614)
embieis	(0,3082), (0,1772), (0,3084)
poeta	(1,289), (5,6309), (5,7079), (5,7095), (2,4119), (2,4122), (2,4128), (5,6340), (5,4551), (1,17988), (5,7118), (1,17995), (1,16464), (5,473), (1,18008), (5,6110), (1,18016), (1,18017), (1,18019), (1,11365), (5,6379), (1,18023), (1,1643), (5,7665), (2,849), (1,626), (1,627), (1,18035), (1,16505), (1,18043), (1,636), (1,18046), (1,8068), (1,18052), (1,1159), (1,397), (1,8077), (2,6768), (5,6932), (5,4373), (5,1817), (1,18069), (1,1174), (5,4380), (1,1177), (1,18073), (1,1434), (5,4383), (1,1180), (1,8092), (1,18076), (1,1437), (1,1183), (1,1951), (1,1185), (5,6439), (5,6955), (5,6961), (1,1198), (1,1712), (5,6455), (1,8115), (5,6968), (1,1205), (1,1207), (5,6971), (5,2881), (5,4417), (1,1215), (5,6980), (5,6981), (5,6214), (5,6474), (1,1226), (5,6222), (5,6991), (1,2252), (1,11980), (1,11983), (1,5584), (1,18129), (1,18385), (1,2002), (1,5586), (1,18390), (1,18136), (4,6792), (1,18149), (1,18410), (5,5744), (1,2030), (5,7026), (5,6260), (1,11773), (5,7044), (5,7055), (1,18443)
llevarian	(3,865), (1,15039)
corfu	(1,4397)
romanet	(3,2341)
almirantazgo	(3,2301)
ambrosia	(1,18035)
llamado	(1,18848), (5,3751), (0,9026), (2,6277), (1,9636), (0,10822), (0,9287), (0,9415), (5,6063), (0,7756), (2,5265), (2,6801), (3,499), (1,14388), (1,17335), (1,13752), (3,1793), (5,200), (0,2020), (3,1801), (5,7500), (3,1675), (2,1708), (2,685), (1,16972), (3,143), (5,849), (3,1039), (5,4050), (0,10733), (3,1042), (4,3700), (4,8820), (3,2324), (5,6744), (1,16341), (3,794), (3,1052), (4,8830), (2,6462), (1,2142), (5,3810), (4,6785), (5,1508), (3,1956), (3,1061), (0,260), (3,295), (3,1064), (0,7557), (3,2089), (5,4076), (3,1451), (4,8076), (1,6124), (3,305), (3,1463), (2,4950), (5,891), (4,6554), (4,7066), (1,3193), (3,1087), (1,6911), (3,323), (4,8868), (3,324), (2,998), (3,328), (1,11527), (5,1037), (2,4976), (1,17426), (3,346)
alborotan	(2,867), (2,4729)
consejeros	(1,9825), (0,545), (2,2051), (1,4156), (1,9646), (5,3491)
hileras	(1,3445), (1,3605)
ausente	(1,6917), (1,18693), (5,3788), (1,3929), (5,3757), (5,5742), (1,17066), (1,17149)
frengeis20	(0,1094)
acortan	(1,9478)
huele	(4,5731), (2,5063), (4,7082), (1,11608), (4,2157), (1,1023)
plumas	(4,6887), (1,15876), (1,15048), (1,15787), (2,783), (1,942), (1,1617), (1,15922), (1,12884), (1,6678), (0,10101), (1,14264), (2,5050), (1,8573), (4,8321)
truxiesen	(0,6424)
llamada	(4,7112), (0,134), (0,9223), (0,10318), (2,1553), (3,1716), (0,10897), (0,11537), (1,13555), (3,1014), (0,4630), (0,9942), (1,13950), (1,7807), (1,18624), (1,6729), (0,10926), (0,10287), (0,10611), (0,9396), (0,10613), (0,13494), (4,3390), (0,10429), (2,1088)
catolicismo	(2,1861)
elenco	(5,3911), (5,4107)
fortisimos	(4,6213), (1,6580)
lindisimo	(1,394)
lujoso	(2,3643)
ambrosio	(3,1790)
suelo	(2,7937), (2,3458), (2,3715), (1,10146), (1,12962), (1,17314), (5,1831), (1,11811), (5,1448), (5,2600), (2,5898), (4,5198), (2,6032), (2,6418), (1,2741), (1,4022), (2,7960), (5,2876), (4,4957), (1,17722), (1,9789), (1,3391), (2,1442), (1,3649), (1,3266), (2,1444), (0,9955), (1,13253), (2,3367), (2,7208), (5,3149), (5,7373), (2,5933), (1,8526), (2,689), (1,3155), (2,1462), (1,12246), (1,7904), (2,1602), (5,1381), (2,965), (1,2149), (1,4453), (2,7624), (2,201), (2,8009), (2,1354), (1,2154), (1,5098), (5,880), (2,6093), (5,625), (2,848), (5,2420), (4,3987), (1,2161), (2,3675), (1,5114), (1,5499), (0,10398), (2,3553), (1,13568), (2,3683), (1,11394), (1,16131), (1,14084), (5,5130), (1,14214), (1,11401), (2,3051), (2,748), (5,1807), (0,6573), (0,6702), (1,17679), (0,6576), (2,7924), (1,532), (1,9365), (5,5530), (0,6709), (1,1047), (0,8887), (1,12185), (1,17178), (5,1184), (1,8990), (1,18335)
traigan	(4,7603), (4,1485), (4,720), (4,7826)
esencialmente	(5,7811)
rendire	(1,5680)
tovimos	(0,6079), (0,11141)
traigas	(4,6688)
sucesores	(5,692), (2,20), (0,83), (2,57), (0,1175), (2,74)
coram	(2,6582)
coral	(0,12559), (1,8145), (0,423), (0,425), (4,8542)
ensanamiento	(5,7121)
owns	(3,3091), (5,8886), (4,8919), (1,19044), (2,8120), (3,3034), (0,13735), (5,8943), (1,18987), (4,8975), (2,8063), (0,13789)
buceaban	(2,272)
amonestador	(2,7333)
hornera	(4,2359)
vique	(1,13752)
including	(3,3042), (2,8193), (4,9156), (1,19233), (2,8071), (5,9132), (1,19243), (4,9167), (1,19117), (4,9043), (5,9142), (1,18995), (5,9016), (0,14035), (5,8894), (3,3326), (2,8355), (0,14059), (1,19279), (0,13935), (3,3350), (5,9178), (2,8379), (4,9215), (0,14080), (3,3238), (1,19303), (0,13959), (3,3371), (2,8267), (5,9202), (2,8400), (4,9239), (1,19191), (4,9116), (0,13977), (3,3262), (1,19324), (5,9090), (2,8291), (5,9223), (0,13987), (0,13862), (4,9263), (3,3280), (1,19215), (4,9140), (2,8309), (5,9114), (3,3290), (3,3164), (2,8319)
aseguramos	(0,10441)
cercaronle	(1,7941)
burocraticos	(2,5211)
cobrasedes	(1,1038)
pugilato	(2,958)
silbatillo	(1,5374)
bodegas	(4,7205), (1,7759)
qualesquiera	(0,3820)
recatadas	(1,10476)
embriaguez	(3,1226), (2,1918)
boxia	(4,583)
amasar	(4,4300)
suena	(4,468), (4,5796), (1,5169), (2,7782), (4,5802), (1,3818), (1,17819), (4,5792), (4,5793), (1,10974), (4,4354)
animosisimos	(4,6210)
procediose	(2,5538)
triunfabamos	(4,5964)
llamaba	(1,3233), (1,7969), (1,13346), (5,3879), (1,4387), (1,11171), (1,5414), (5,4400), (0,7500), (1,9651), (1,1974), (1,7606), (2,156), (1,1979), (5,4160), (1,9662), (1,2369), (0,7520), (1,12354), (1,11075), (1,12613), (1,15430), (0,6886), (1,17097), (2,4395), (1,2637), (1,13263), (1,3666), (0,8817), (1,12882), (1,18387), (2,184), (0,6390), (1,6618), (4,1919), (1,7644), (1,3679), (1,9057), (1,11363), (1,6117), (5,3695), (1,18795), (0,11407), (1,3442), (1,8567), (1,5373), (1,10750), (1,2176), (1,4738), (1,13442), (1,7171), (0,8995), (0,10663), (1,7693), (0,7980), (1,18573), (1,8462), (1,12430), (1,18062), (1,16143), (2,4979), (1,2964), (2,2038), (2,1655), (1,3864), (2,1658), (2,635), (4,4158), (5,5411)
unenforceability	(0,13968), (3,3271), (1,19224), (4,9148), (2,8300), (5,9123)
comprobante	(3,2170)
vueltas	(0,8959), (1,16963), (2,7719), (1,1575), (1,5895), (2,8040), (5,5612), (3,1036), (1,17228), (2,2350), (2,657), (0,11217), (1,5045), (1,14421), (1,1398), (1,313), (5,3422), (1,12506), (1,2427)
trazar	(0,7712), (5,5337), (5,5178), (5,5279)
sueno	(1,10016), (4,8263), (4,5833), (4,1866), (4,3917), (1,10413), (1,10286), (1,12719), (1,16303), (3,2166), (1,10804), (1,16188), (2,5663), (1,17855), (1,10304), (1,10433), (1,17476), (4,4456), (1,12485), (4,7539), (5,4694), (1,7506), (2,4279), (1,11222), (4,1921), (1,18406), (4,4362), (3,1195), (2,4176), (1,13681), (1,10482), (1,13180), (1,17789), (1,9984), (1,10114), (4,8230), (1,9987), (1,9991), (4,8877), (5,7823), (4,8243), (1,10001), (2,2932), (1,16019), (4,6584), (4,4923), (4,6716), (1,10524), (2,6142), (2,895)
trazas	(1,1018), (1,267), (5,2257), (1,14719)
comprendidas	(0,214)
sentinela	(3,2020), (3,1990), (3,158), (3,1999), (3,1888), (3,1968)
apercevidos	(0,5224), (0,3099), (0,5214)
aphorisms	(5,7988), (5,4866)
comulgando	(1,17893)
sofoco	(2,5063)
doblegarse	(5,1314)
repitiendo	(2,3474)
tipograficas	(5,7638), (5,6009)
futiles	(5,5453)
raras	(5,276), (5,388), (5,5972), (5,6741), (2,1859), (5,1654), (5,1407), (5,2128), (5,6784)
venirse	(1,15465), (1,14895)
noria	(1,18041)
harapos	(1,902)
consideraciones	(5,4436), (3,2262), (3,2823), (1,17749), (5,7162), (5,6895), (3,2304)
peralta	(1,15745), (1,16066), (1,16036), (1,16073), (1,16137), (1,16044), (1,16109), (1,15765), (1,16119), (1,15736), (1,15770), (1,16218), (1,15741), (1,16189), (1,15774), (1,16127)
pestinos	(4,427)
hallanar	(0,8684)
laboraba	(5,1785)
seriedad	(2,5011), (5,4567), (2,4981), (2,7478)
certamen	(2,225)
tacano	(2,3176)
abrirele	(4,2629)
desierto	(2,3443), (5,1007), (5,657)
logias	(2,6114), (2,6660), (2,4965), (2,4151), (2,1978), (2,4043), (2,557), (2,1742), (2,2062)
oportunasexistio	(5,7662)
asignacion	(3,2992)
permitiendolo	(1,17656)
comeras	(4,8176)
rexistros	(0,5128), (0,5165)
siente	(1,15072), (5,7703), (4,279), (4,3255), (1,2297), (1,13179), (2,1615), (5,5843)
levantamiento	(2,1123), (5,6630)
desierta	(3,1495)
siento	(2,5825), (2,1158), (2,1863), (4,3147), (2,714), (2,5836), (1,2349), (1,9711), (1,13621), (2,5404), (4,4576), (2,1311), (2,1312), (4,7138), (1,13183), (4,6819), (4,4581), (2,4837), (4,4587), (2,7338), (1,10571), (4,4594), (2,2359), (2,2107), (2,4027), (4,3838)
invectivas	(5,7151), (5,3280)
fatalidad	(2,1243)
compras	(4,4436), (3,2979), (0,7971), (2,3577), (2,3632)
comprar	(0,5188), (1,11941), (2,3591), (4,7821), (1,11949), (4,3601), (1,18606), (1,4145), (0,5713), (0,1938), (1,2996), (1,11510), (0,344), (1,3577), (4,5404), (4,3935), (1,5437), (0,5085), (4,1570), (4,2658), (1,2049), (1,4162), (0,7009), (1,12162), (4,6311), (1,5445), (1,18821), (4,4908), (4,5677), (4,4399), (0,2670), (4,2744), (0,3444), (1,4821), (4,6265), (1,4822), (4,6266), (0,5052), (0,11901), (1,1823)
compran	(1,8164), (4,5480), (0,7445), (1,6715), (0,7594), (0,7662)
sienta	(2,5395), (5,6231), (1,14998), (4,5467), (1,8136), (1,13080), (1,6799)
articulo	(2,551), (5,4314), (2,536), (2,553), (2,3867), (5,3857), (5,2370), (1,17614)
ascendido	(5,5526)
descansos	(2,444)
espantos	(1,5954)
fundada	(3,2803), (2,6742), (1,13733), (3,1688), (5,4942), (1,444), (2,1149)
garza	(4,7462), (4,7431), (4,8842), (4,4331), (4,8443), (1,18361), (4,7469), (1,18364)
recomendando	(0,11971), (0,3477), (0,345)
motivado	(3,1860), (5,4586), (3,2810)
probable	(5,3780), (5,1637), (2,1190), (2,6666), (5,7117), (5,846), (5,7119), (5,2420), (5,4437), (2,6258), (5,6142), (5,1151), (2,4572), (2,2879)
emplazadores	(4,8852), (4,7706)
adversidades	(1,150), (1,7611), (1,18270), (4,5570)
quicios	(1,1008), (1,14653)
caboblanco	(0,11538)
entendidas	(1,165), (2,2252), (1,12555)
faltandoles	(1,9067)
permitiendole	(5,2031)
piedemontesas	(4,3020)
estable	(0,8823), (5,370)
restaurandola	(1,3145)
logico	(2,6896), (2,6912)
teba	(1,4972)
diferentemente	(1,17556)
cumpliendo	(0,4609), (0,1430), (0,2246), (3,1855), (1,14093), (0,1437)
esquelita	(2,4571)
atemoriza	(1,12310)
conterilla	(2,5159)
fuentes	(1,16532), (1,1191), (3,218), (1,185), (5,2573), (1,1611), (3,2733), (1,1613), (5,5858), (5,6707)
quierolo	(4,6484), (4,6089)
huviesen	(0,4038)
injustas	(5,5540), (5,6911), (1,1772)
logica	(5,6101), (5,1703), (5,4103), (5,2520), (2,4010), (2,684), (2,3152), (4,4994)
toleraria	(2,7576)
fundado	(2,2785), (3,566), (3,455), (2,2135), (5,5725), (0,8698), (1,17563), (3,2911), (3,2896)
perseverante	(5,3905)
quierome	(4,1866), (4,5408)
reeleccion	(5,1860), (5,3029), (5,1853), (5,2205)
campos	(2,2049), (2,3841), (1,297), (2,4619), (1,16426), (2,2061), (3,1009), (2,3857), (2,3346), (2,6674), (4,6869), (2,3092), (2,3862), (2,1818), (2,6684), (2,5663), (2,3106), (1,10819), (2,3112), (1,1610), (2,5675), (2,3886), (2,4401), (2,5685), (2,2615), (1,1624), (2,6969), (2,2620), (2,3132), (2,4412), (2,3901), (2,5695), (1,8544), (2,4418), (2,3907), (2,2372), (2,2628), (2,3912), (2,4425), (2,2378), (2,5710), (2,2640), (2,5716), (2,4437), (2,3926), (2,4696), (2,3175), (2,3944), (2,4456), (2,6762), (2,3179), (2,3696), (2,3186), (2,3191), (2,4474), (2,2433), (2,1922), (2,2441), (2,3470), (2,2706), (3,374), (2,2456), (2,1947), (2,7069), (2,2462), (2,1952), (2,3234), (2,1956), (2,4516), (2,3752), (2,4778), (2,3759), (2,6835), (2,3252), (2,4536), (5,4702), (2,4541), (2,3263), (2,3775), (2,4802), (2,2500), (2,7111), (5,7530), (2,3786), (2,973), (2,4813), (2,2514), (2,3794), (1,4598), (2,6874), (2,2526), (2,3304), (2,3822), (2,2545), (2,7155), (2,3317), (2,2038), (2,2810), (2,3328), (2,4608)
cosas	(5,5031), (0,8261), (0,9288), (0,3145), (0,5193), (4,7119), (5,5045), (1,13361), (4,2005), (1,7219), (0,2132), (0,5205), (1,17462), (0,3158), (1,18488), (1,8249), (4,6109), (1,1084), (1,17468), (0,9311), (1,1089), (0,1120), (0,9316), (1,16457), (1,16460), (4,6132), (5,7125), (2,1077), (1,8280), (1,16476), (4,8196), (1,17506), (0,5253), (5,2030), (1,12395), (4,2066), (4,2067), (1,11376), (1,7284), (1,12407), (5,4092), (0,5271), (0,8344), (4,6176), (0,4254), (4,5158), (1,2180), (1,6276), (4,4136), (1,16519), (0,7335), (5,2061), (0,4264), (1,13450), (0,3247), (1,16528), (4,8244), (0,5297), (4,6198), (0,3251), (0,7348), (1,17558), (0,1206), (1,15513), (1,156), (0,5309), (0,6334), (0,3265), (0,4291), (0,1222), (2,4233), (1,5289), (1,17581), (4,6226), (4,83), (5,2101), (1,17585), (4,3161), (4,3162), (1,18618), (0,3292), (1,8385), (2,3241), (4,7275), (0,6379), (1,17615), (2,3249), (0,5361), (2,1207), (4,6265), (5,94), (4,7293), (0,7419), (1,8415), (4,7300), (0,10496), (0,1282), (0,260), (1,10471), (3,1194), (0,7432), (0,5390), (0,3343), (3,181), (0,7444), (4,8345), (0,6422), (2,6361), (0,8474), (0,5403), (1,15617), (3,1220), (1,4355), (1,6403), (5,139), (1,4359), (1,18698), (2,3308), (1,13583), (0,9519), (2,2291), (0,6450), (1,16659), (0,6451), (1,1302), (4,4281), (1,4377), (1,7452), (4,8384), (1,17693), (1,1310), (1,292), (4,8393), (4,7372), (5,4271), (0,4427), (4,6356), (4,8408), (0,1366), (0,343), (1,13625), (0,4442), (4,5343), (4,1255), (0,1380), (2,2347), (1,3408), (5,5335), (0,1396), (4,7420), (0,3450), (5,7391), (1,9563), (0,3451), (2,5439), (5,4330), (4,7440), (2,338), (4,278), (4,280), (0,4501), (1,17787), (5,5378), (4,8481), (2,4451), (4,294), (4,296), (4,6443), (4,8493), (0,7593), (0,7595), (1,8589), (1,17805), (2,4463), (4,3378), (0,7598), (1,3475), (0,3506), (2,4468), (1,17812), (2,6524), (4,320), (1,4509), (0,11708), (0,7614), (0,7615), (0,3520), (4,2375), (0,7619), (2,392), (2,7562), (0,5578), (2,2447), (1,8625), (0,7634), (4,5465), (4,2396), (0,3548), (1,14781), (0,10723), (0,10725), (0,1513), (0,7657), (1,16843), (1,5581), (1,1486), (2,2481), (1,15826), (5,6490), (1,17879), (0,11767), (1,13786), (2,5565), (1,2528), (1,8675), (2,2501), (0,8710), (4,398), (1,2541), (1,13809), (5,6520), (0,3607), (2,6617), (1,11769), (1,7675), (0,4640), (0,1570), (1,7687), (0,1576), (0,3624), (1,7689), (0,3625), (4,5550), (0,1579), (4,6575), (4,8623), (1,17935), (1,16913), (4,1466), (4,5562), (0,4665), (2,7679), (1,16933), (0,4677), (0,1608), (4,3534), (0,1611), (0,588), (0,3661), (1,7734), (1,9785), (0,6746), (0,3675), (1,16958), (0,6754), (1,1604), (2,2597), (4,5608), (0,3685), (1,8780), (5,1491), (0,3694), (2,3636), (0,3698), (1,16979), (5,2520), (0,4723), (0,3702), (1,10840), (1,15960), (0,3706), (5,5600), (0,11899), (0,6782), (5,7652), (0,7807), (1,16994), (4,7686), (1,11879), (0,5770), (5,5617), (0,7820), (0,657), (1,9842), (4,5655), (1,1653), (0,3732), (2,3674), (4,1570), (4,5668), (1,13962), (0,4778), (5,531), (0,4782), (1,16016), (4,565), (0,11955), (4,5689), (0,3768), (0,3771), (5,5664), (3,609), (0,1726), (1,7839), (0,3777), (0,708), (4,3656), (0,1733), (4,8777), (0,8906), (0,8907), (1,2733), (1,3757), (0,4813), (0,4814), (1,18096), (5,6711), (4,8791), (2,1686), (1,4790), (1,14007), (4,8795), (0,3805), (1,18110), (4,2658), (1,1730), (0,3810), (5,4680), (0,6884), (0,7908), (0,3814), (1,10954), (0,3820), (0,3823), (0,4851), (1,10964), (1,3799), (4,8827), (4,3709), (0,1786), (4,3713), (1,15070), (0,4863), (4,8838), (1,6889), (2,1739), (2,3787), (1,7914), (1,16106), (1,1772), (0,12044), (1,756), (1,3828), (2,3808), (4,5794), (2,2787), (1,6914), (0,1826), (0,3874), (3,713), (0,1835), (4,7857), (0,1838), (0,1840), (5,6807), (0,1843), (1,13077), (5,8859), (4,1724), (0,830), (4,3783), (1,2854), (5,4778), (4,6857), (1,10025), (1,18219), (0,1868), (1,16174), (0,4946), (0,4949), (5,2750), (4,7903), (4,6881), (1,16190), (5,5829), (0,7008), (4,5862), (1,6981), (2,1835), (4,6896), (5,6867), (4,6899), (0,2928), (1,2902), (1,17239), (4,4859), (5,5852), (0,7031), (1,15193), (1,858), (0,4987), (1,5980), (0,8059), (0,8060), (4,3843), (5,1766), (2,4933), (4,4873), (3,810), (0,7050), (0,8078), (1,2928), (1,3952), (1,7025), (1,12145), (0,1938), (0,5010), (2,6996), (0,1939), (0,1941), (4,5913), (4,7961), (0,1942), (0,1945), (4,5918), (0,5018), (1,16255), (4,5925), (0,4002), (4,7974), (0,936), (0,939), (2,877), (4,5942), (0,947), (1,16277), (0,1973), (1,9112), (0,3000), (2,2939), (4,3902), (1,3995), (1,3996), (2,7041), (1,1956), (1,1957), (1,7079), (0,5066), (3,1902), (1,5037), (1,6061), (0,8140), (0,8143), (0,2000), (0,4050), (0,9170), (1,16307), (4,8024), (0,7128), (1,7098), (0,4060), (2,1951), (1,14281), (1,6090), (1,17354), (1,4044), (1,10192), (1,17360), (0,10226), (1,8149), (1,8150), (0,8181), (0,4087), (4,4991), (0,5117), (1,11231), (1,16352), (5,3941), (1,1000), (0,7177), (0,7179), (5,2932), (1,15347), (0,5139), (0,8211), (1,16377), (0,3097), (1,6138), (0,5146), (2,5085), (0,7198), (4,7075), (2,3042), (0,4132), (0,5156), (0,6183), (1,10248), (0,3113), (5,1937), (1,17422), (0,9262), (5,7061), (4,6072), (0,3129), (0,5177), (0,9273), (1,11290), (5,2979), (4,7106), (2,7168), (0,8254)
comprendidos	(0,11806)
ensenaban	(1,6130), (1,16782)
inseparables	(1,263)
untuosa	(5,1952)
inmarcesible	(5,4648), (5,5628)
acemilon	(4,6560)
services	(5,5481)
team	(1,21), (4,26), (5,27), (3,28), (4,8910), (0,29), (0,13726)
conveniencia	(3,2564), (3,2874), (2,4681), (3,2891)
drogueria	(0,1120)
evitarse	(2,7138), (2,7162)
aceyte	(0,4289), (0,3768), (0,9933), (0,10014)
suplicamosle	(0,9251)
prestas	(4,3843), (4,5813), (1,7048), (0,4460)
prestar	(5,932), (5,1588), (5,5590), (5,5240), (4,4328), (4,3675), (5,509), (5,3534), (4,1839), (5,1121)
contaste	(4,8002)
emprendera	(3,619)
descasaba	(1,17486)
respectivas	(5,2955), (2,5641), (0,13468)
trasudar	(1,6843)
escusando	(0,5030), (0,2311)
cardado	(1,17044)
asigno	(5,3925)
aventino	(2,184)
corzo	(0,12227), (0,394), (1,15883)
librarlo	(5,7292)
forense	(5,7880)
atonitas	(1,10045)
cubiletes	(1,16694), (1,12968)
desgarro	(5,3078), (1,10759)
pronuncia	(5,7705), (1,16917), (5,7197)
evitarlo	(5,3429), (2,1239)
jinoveses	(1,1212)
miedo	(1,14754), (1,10404), (0,10440), (1,4266), (3,2029), (4,6094), (4,847), (0,7254), (5,1855), (5,448), (1,1603), (5,3018), (5,1740), (1,17736), (1,1225), (1,10441), (5,4174), (4,6512), (2,5935), (0,8814), (2,6453), (2,1592), (1,601), (1,7513), (1,15450), (4,8190), (1,7515), (5,2404), (0,8193), (2,6345), (1,6248), (4,8589), (2,845), (1,2156), (1,9453), (1,3311), (1,4463), (0,7823), (0,7953), (0,7827), (1,10356), (5,633), (5,1401), (0,7830), (2,7129), (2,222), (5,1283), (1,11135), (0,6821), (2,4203), (5,271), (2,6894), (2,6896), (2,5234), (2,5362), (1,13331), (2,2678), (1,13333), (1,3223), (1,10392), (4,5823), (0,6462)
pronuncie	(0,517), (5,3099)
halle	(1,13607), (3,618), (1,17322), (3,238), (0,11213), (1,3125), (1,4021), (0,11349), (0,11477), (1,15804), (0,9694), (4,6884), (1,3138), (5,2247), (2,4772), (0,11490), (1,14918), (3,1033), (1,7496), (1,15816), (1,17738), (4,7792), (4,6642), (0,11502), (1,13139), (1,17109), (0,11383), (1,17112), (0,13562), (0,1403), (1,16860), (1,17119), (4,7043), (1,7522), (0,5378), (1,3685), (4,7049), (0,4358), (0,1802), (5,4593), (0,11148), (1,15220), (5,6139), (4,2844), (1,7545), (1,9338), (1,9340), (1,17535), (1,7554), (0,11553), (0,9123), (1,3080), (4,8619), (0,11559), (1,16652), (4,8240), (3,596), (1,10650)
pronuncio	(5,325), (5,567), (5,3273), (2,5543), (5,1934), (0,9129), (2,5215), (2,6271), (2,432)
halla	(4,1091), (3,2274), (4,3651), (4,8323), (4,7943), (4,8583), (3,1128), (2,4679), (3,2857), (3,1131), (4,7821), (1,16619), (3,2991), (3,2800), (3,2864), (3,625), (0,2062), (4,6616), (0,13270), (2,1050), (5,5503), (5,3585), (1,18045), (4,5794), (0,2402), (4,8616), (3,1035), (3,2827), (4,7660), (3,1164), (0,3753), (3,1488), (4,5554), (0,13233), (4,2102), (3,1302), (4,2744), (4,4281), (0,11639), (3,349), (0,2426), (0,11643), (1,11997)
muneco	(2,6077)
pasajera	(2,4417)
exponiendo	(0,577), (0,13404)
incitandoles	(3,1669)
evitarla	(5,3343)
hallo	(0,6208), (0,6977), (4,6086), (0,9027), (5,937), (0,9286), (1,1577), (1,14891), (0,6226), (5,1721), (1,2357), (0,5460), (0,9816), (1,18745), (1,7230), (1,5951), (1,9283), (1,6470), (0,7531), (1,17229), (1,2894), (0,11629), (1,9044), (1,17750), (1,9048), (1,14425), (0,11645), (0,8062), (1,2913), (4,8711), (1,9060), (1,18020), (1,13159), (1,13160), (0,6793), (1,5740), (1,9836), (0,10380), (1,6766), (1,9070), (2,5204), (1,12404), (1,12149), (0,11668), (1,8833), (0,11682), (0,7332), (0,8614), (1,15751), (0,7335), (5,7693), (0,8616), (0,11690), (1,910), (5,2835), (5,1306), (1,18584), (1,7578), (1,7834), (1,10138), (1,12445), (0,9405), (0,6335), (1,10145), (4,8262), (1,9379), (0,6339), (5,6190), (0,717), (1,6574), (1,7598), (1,13998), (1,8879), (1,11439), (1,8880), (1,7603), (1,5301), (1,11445), (1,3510), (1,10934), (3,2170), (0,8667), (1,12988), (0,7388), (1,1219), (5,2375), (5,5449), (1,16070), (1,11208), (4,3436), (0,9450), (2,946), (0,7156), (2,4025), (4,8571), (1,16089), (0,6651), (4,3204), (1,14561), (1,13026), (1,18146), (4,391), (2,1230), (1,15341), (1,3826), (0,8722), (1,1524), (1,759), (1,3575), (1,17911), (4,668), (4,670), (1,17916), (1,18172), (0,9246), (4,675), (1,18178), (0,6690), (5,1931), (0,8231), (5,1421), (1,4875), (0,8746), (1,15372), (0,8749), (5,6035), (0,8750), (1,10517), (1,13845), (1,14359), (1,9499), (1,9500), (4,6082), (0,9022)
pasajero	(1,9396)
paralelismo	(5,5336)
apercebir	(1,15339)
estenti	(4,7157)
concept	(2,8385), (1,18993), (0,14065), (2,8069), (5,9208), (5,8892), (4,8924), (3,3356), (4,9247), (1,19309), (3,3040), (0,13741)
fortificandolo	(0,1920)
aparadores	(4,7793)
garro	(0,9782), (0,7161), (3,910)
arrierias	(0,13335)
comunicarlas	(0,5404)
raudales	(5,4922)
colocarse	(2,1505), (5,6055), (5,4655), (5,6275)
desgarra	(4,7204)
desvia	(2,5520)
idealidad	(2,1642)
desgarre	(1,17066)
bellos	(1,1430), (1,2236)
garra	(5,3851)
pename	(4,2015)
vendedor	(1,17284), (1,12169), (1,12191)
servicio	(0,4671), (1,12323), (5,1449), (0,5188), (2,4871), (4,5577), (5,6570), (4,8140), (0,8524), (0,1359), (1,6704), (0,3152), (4,8149), (1,5683), (4,3287), (4,5847), (0,3161), (0,4441), (0,3419), (0,3164), (1,18497), (0,1634), (0,2659), (3,2567), (5,972), (0,8554), (0,3436), (0,8302), (5,5589), (4,6389), (0,2674), (0,3187), (1,11605), (0,8309), (0,4471), (2,7481), (0,8312), (0,4476), (0,6269), (1,14430), (4,516), (0,1152), (0,6018), (0,4996), (1,18534), (0,4486), (0,3464), (0,3465), (0,4489), (1,18539), (4,7953), (0,5774), (0,4496), (1,12401), (5,3318), (0,916), (0,3221), (0,5525), (3,2362), (4,7454), (0,4763), (0,5532), (0,9117), (0,926), (3,579), (5,3845), (0,930), (0,5538), (5,6663), (5,5640), (0,8615), (3,846), (4,8499), (4,5428), (0,4528), (4,1589), (0,3506), (0,4786), (0,948), (0,5301), (0,5813), (0,5047), (5,5660), (0,952), (3,607), (1,11933), (0,2749), (0,5312), (0,5824), (3,869), (0,5570), (0,4549), (4,3402), (0,5835), (0,3276), (3,370), (5,1588), (0,4559), (0,976), (3,884), (0,3537), (0,4051), (0,1749), (0,9173), (4,7258), (4,4189), (0,987), (0,1757), (0,4061), (2,7327), (0,8413), (0,9181), (2,2208), (0,991), (0,4063), (5,7238), (1,18380), (2,4783), (5,5202), (0,3566), (2,4785), (4,3701), (0,250), (0,4093), (0,9469), (0,9214), (3,1955), (0,3328), (0,4096), (0,3585), (1,5348), (3,1960), (0,6662), (0,3079), (1,6379), (0,5899), (0,3340), (0,3345), (0,5137), (0,9489), (5,2683), (0,3350), (0,5657), (1,9980), (0,3356), (0,9501), (0,1058), (1,3588), (0,3364), (0,9252), (5,1164), (0,2599), (0,5159), (0,3369), (0,5161), (0,3371), (0,9516), (4,2998), (4,5562), (0,6710), (5,1437), (3,2528), (0,9277), (1,16671)
tratadas	(0,2258), (5,5378), (5,6130), (1,16175)
fundaba	(5,7673), (5,3166), (5,1039)
estense	(1,14729)
patriotas	(2,5489), (2,6114), (5,1706), (2,520), (5,4907), (2,6440), (2,5273), (2,5274), (2,6395), (2,6396), (2,6320)
businesspglaforg	(4,9198)
destacaba	(0,424)
presten	(1,8125)
veedor	(0,4304), (0,1953), (0,389), (0,1848), (0,9358)
dieronles	(0,9793), (0,6183), (0,456)
estenso	(1,18530), (1,9046), (1,10713)
menendezponese	(0,3524)
persuadieron	(1,18446)
prestes	(4,4331)
pretendiendo	(0,976), (1,965)
ahorcarme	(1,3163)
refaccion	(3,2857), (1,18521)
aprendere	(1,561), (4,8269)
meritorias	(4,294)
teorica	(5,1848), (5,2747)
novios	(2,3119)
circunstancias	(5,6055), (1,2788), (1,17252), (3,2984), (5,4780), (5,367), (5,7280), (1,18925), (1,7600), (5,502), (3,2996), (5,6777), (2,984), (2,7064), (1,8887), (5,1342), (5,5118), (5,3135), (5,3522), (5,2243), (5,5571), (3,1602), (3,579), (2,2915), (5,6599), (3,520), (3,2568), (5,779), (2,1512), (1,18572), (0,364), (5,3217), (3,2448), (3,529), (1,13522), (5,3993), (5,7385), (2,6200), (3,1562)
hazian	(0,719)
pretendiente	(5,3135)
tengole	(1,777)
corva	(1,17732), (1,138)
turnbull	(5,3785), (5,8731), (5,3790)
remiendos	(2,2817), (1,17598)
padilla	(2,5153), (2,4932), (5,6633), (2,6285), (5,8561), (2,2799), (2,2800), (2,5168), (2,2802), (2,531), (2,2771), (2,4723), (2,534), (2,5142), (2,5622), (2,4697), (2,538), (2,6331), (2,5244), (2,5662)
erigido	(5,1626), (5,6045)
cometiendolo	(0,5833), (0,9178)
quierote	(1,16384), (1,9172)
pineyro	(5,8873), (5,14), (5,63)
ahorcarle	(2,6516), (0,6663), (1,2460)
corto	(2,7684), (3,326), (5,6024), (1,18692), (1,4645), (4,1834), (5,5804), (0,7271), (0,3659), (4,1808), (5,7857), (1,2228), (2,7381), (0,9075), (5,1369), (5,7833), (1,18551), (1,3609), (5,5469), (1,12506), (3,1469), (5,7490), (5,6659)
decinos	(4,924), (4,7244), (4,7455), (4,8127)
entiendan	(0,4847), (0,1089), (0,5267), (0,7574), (4,351)
henares	(1,16283), (1,11053)
venceremos	(4,8210)
audencia	(4,7278)
perales	(2,6003), (2,6047)
estaban	(0,7231), (1,12320), (1,546), (2,1541), (4,4551), (1,2599), (0,7750), (1,15399), (1,14890), (0,8784), (4,6105), (1,10297), (3,508), (1,3132), (3,511), (3,2054), (1,6212), (1,1097), (3,2060), (1,3152), (0,6255), (5,2519), (2,5180), (1,6237), (3,2081), (5,4582), (5,5094), (1,15460), (0,4231), (0,6281), (1,13932), (0,10382), (1,6774), (0,6805), (1,6267), (1,7809), (0,7329), (1,9351), (1,4235), (1,3218), (5,535), (2,122), (1,6814), (1,6313), (1,4266), (0,9418), (2,6287), (2,656), (3,115), (1,5300), (0,7891), (1,6325), (1,14005), (0,9430), (1,16055), (1,6841), (1,14011), (1,17083), (1,10429), (1,10434), (0,12009), (1,4300), (2,7344), (1,2769), (3,1684), (5,7260), (0,11516), (0,8449), (5,5223), (1,15087), (2,4310), (1,4343), (4,7837), (5,5760), (1,10492), (0,6946), (1,5381), (3,202), (1,12552), (3,215), (2,2294), (0,7991), (0,7992), (1,10013), (2,4351), (1,14110), (1,2847), (0,7487), (0,7488), (5,166), (5,682), (1,7974), (0,11590), (1,7976), (0,7498), (0,6485), (1,16700), (1,12610), (0,6499), (1,7493), (0,8553), (3,1805), (2,4397), (0,8043), (3,1807), (0,6515), (1,2905), (0,8568), (1,14169), (0,8571), (0,8573), (2,4420), (1,17764), (0,8585), (0,7563), (0,6541), (1,12655), (1,7545), (0,6555), (0,7076), (0,6565), (1,14214), (1,12170), (1,15242), (1,16268), (1,10127), (1,400), (3,2386), (4,821), (0,7095), (1,12184), (1,17817), (1,18849), (1,5541), (1,17829), (1,8619), (1,17323), (1,11180), (1,4015), (1,10159), (1,9136), (1,15284), (1,9141), (0,8663), (1,954), (2,7582), (1,15294), (0,3038), (0,6623), (0,7654), (1,4040), (1,14281), (2,6060), (0,8170), (1,11211), (1,10700), (0,6643), (0,8179), (1,4054), (0,7671), (2,5565), (0,7164), (0,7168), (1,18405), (1,3559), (1,5095), (2,1993), (1,8171), (3,1969), (5,6517), (4,7574), (0,7186), (4,7577), (0,5654), (0,6168), (2,6623), (1,9215), (1,11263), (1,4615), (1,3080), (1,11784), (3,975), (0,7216), (0,8241), (0,7219), (0,7220), (1,13845), (1,18453), (1,9242), (3,479), (0,6204), (0,7229), (1,13854), (1,543), (1,5151)
creyerades	(4,4207)
madalena	(4,3667), (4,3684), (4,3732), (4,53), (4,3767), (4,3706), (4,3738), (4,6186), (0,11110), (4,6171), (4,3682), (4,3714)
quemados	(1,4615)
teorias	(5,5018), (5,6170), (5,4299), (5,2108)
estabas	(2,2595), (1,3026), (2,3045), (2,2589)
volviesen	(0,7393), (1,1412), (1,13764), (0,6532), (1,3174), (1,12215), (0,8119), (1,9130), (1,17114), (0,7242), (1,8748)
trasudor	(1,1443)
adrezados	(0,1717)
confirmaria	(1,7358)
pongas	(1,17072), (2,5734), (1,11606), (1,10200), (2,5759)
comerle	(4,820)
ravena	(4,4371), (4,6014)
sigues	(2,2706)
calladas	(4,2932), (1,14458)
pongan	(1,10368), (2,2708), (0,5203), (0,3525), (0,8711), (1,13338), (1,5452), (2,2720)
misantropica	(2,992)
prencipal	(0,1779)
dolor	(1,3360), (1,10720), (2,196), (1,10531), (5,365), (1,10538), (1,3180), (5,4850), (2,977), (1,12080), (1,13873), (1,13363), (1,17523), (5,6072), (2,3798), (1,12085), (1,13621), (1,1976), (1,1977), (1,7353), (5,4162), (1,12094), (1,3264), (1,3715), (4,295), (1,16837), (4,3305), (1,3399), (2,4008), (5,5965), (4,7597), (1,13066), (4,2350), (1,3405), (4,3315), (1,8784), (4,2101), (2,7923), (1,10899), (1,1876), (1,6423), (1,9303), (5,4572), (5,7004)
entremeses	(1,18084)
resciva	(0,3369), (0,4057)
brincos	(1,2595), (1,2406), (1,16055), (1,2568), (1,10186), (1,2572), (1,14399), (1,16047)
siguen	(2,4451), (3,293), (1,18227), (1,5190), (3,298), (0,792), (0,1786), (2,5452), (1,17516), (3,303)
maquinas	(5,708), (2,5457), (5,2838), (5,2966), (2,6461), (1,495)
tratados	(5,1700), (2,2098), (0,5288), (5,6893), (5,3919), (0,7883), (3,2768), (0,4509), (3,2673)
varillas	(4,7715)
deshoja	(1,1023)
dificultad	(1,13472), (3,742), (0,7717), (1,9321), (0,12906), (1,16619), (1,12076), (1,16396), (2,6318), (5,402), (5,3668), (1,12146), (0,13618), (5,3163), (0,1115), (5,7873), (2,1311), (1,4158), (2,1504)
teja	(3,1319), (3,1899), (2,189), (1,7932)
comedida	(1,18545)
maritimas	(0,239), (0,13248), (0,98), (0,183), (1,7736), (0,12973)
boyas	(0,6466), (1,4363), (1,4188), (1,4349)
votivas	(1,1849)
autenticos	(3,244), (5,7659), (2,5499), (5,5728), (3,208)
philipinas	(0,9535), (0,11955), (0,12883), (0,12101), (0,12934), (0,3146)
tragado	(2,5286), (1,889), (1,15451)
fantasticos	(1,14217), (3,109)
campana	(5,2215), (4,4102), (5,5799), (5,1640), (1,3428), (1,2981), (2,5126), (5,2986), (1,7846), (5,2541), (5,1454), (5,3248), (5,1202), (5,4531), (5,1915), (5,2171), (1,3002), (5,5054), (1,17786), (1,3451), (5,3328), (1,3774), (0,8093), (2,4644), (5,3016), (5,3272), (5,1353), (5,1932), (5,2124), (5,1549), (5,1869), (5,5137), (3,401), (5,7251), (4,6329), (3,1049), (5,1884), (5,606), (1,2906), (5,2974), (5,7262), (5,7264), (1,2973), (5,3361), (3,2016), (5,6562), (5,3299), (0,8062)
comedido	(1,2241), (1,3731), (2,2935), (1,13286), (1,18538)
fatuidad	(2,4992)
furor	(0,8703), (2,7164), (2,5982), (2,5984)
satira	(1,12891)
sonrisillas	(2,3792)
estrepitoso	(2,4104)
fallar	(5,537)
proveidos	(1,2995), (0,3533), (0,3518)
compren	(0,3442), (0,1944), (0,5067)
colocarlo	(5,983), (5,6457), (5,1952)
contrastar	(1,3343)
torrente	(5,6347), (5,5292), (5,3934)
tela	(4,495), (4,1903), (1,17198), (1,7187), (1,6292), (4,7673), (4,7674), (2,281), (5,2332), (4,7676), (4,5469), (4,3039), (4,4385), (4,8002)
tragala	(2,833), (2,6081), (2,5623), (2,429), (2,847)
corra	(5,2567), (1,1732), (1,13333), (2,7240), (1,910), (0,3902)
dolio	(5,3306)
enciende	(1,11587), (1,13687), (1,13689), (4,5553)
contrastan	(1,13169), (1,1620)
leonisa	(1,4129), (1,4386), (1,3876), (1,3878), (1,4136), (1,3628), (1,3374), (1,4146), (1,4147), (1,4405), (1,3384), (1,3897), (1,3132), (1,3903), (1,3648), (1,4162), (1,4422), (1,3914), (1,3664), (1,3153), (1,3667), (1,3674), (1,3165), (1,3681), (1,4450), (1,3172), (1,3941), (1,4199), (1,3176), (1,4459), (1,3948), (1,3695), (1,4464), (1,3955), (1,3189), (1,3191), (1,3959), (1,4215), (1,3193), (1,3196), (1,4476), (1,3965), (1,3710), (1,3199), (1,3711), (1,3967), (1,3202), (1,4227), (1,3972), (1,3205), (1,3717), (1,3719), (1,3975), (1,4240), (1,3730), (1,3991), (1,4505), (1,4251), (1,4510), (1,3232), (1,3235), (1,4519), (1,4520), (1,4009), (1,4528), (1,3761), (1,4530), (1,3507), (1,3763), (1,4535), (1,3512), (1,3259), (1,4541), (1,3267), (1,3791), (1,4303), (1,4559), (1,3797), (1,3030), (1,4568), (1,4571), (1,3040), (1,3298), (1,4579), (1,3047), (1,4074), (1,4588), (1,4080), (1,3825), (1,3828), (1,3061), (1,3317), (1,3069), (1,3843), (1,3845), (1,3336), (1,3082), (1,3856), (1,4119), (1,3864), (1,3865), (1,4121), (1,4124), (1,4380), (1,4382), (1,4127), (1,4383)
compres	(4,1258), (4,1263)
cuadros	(1,1635), (2,1576), (1,9610), (5,1681)
imaginad	(1,18009)
casamenteros	(1,15845)
imaginan	(1,6901)
corri	(1,16677)
corre	(2,2689), (0,3906), (4,5478), (1,15907), (3,2406), (5,3369), (4,8489), (2,904), (0,11430), (2,169), (1,10122), (3,1007), (3,2927), (1,17517), (0,10670), (1,15567), (3,2194), (0,2353), (0,13265), (0,11478), (2,1305), (0,10839), (3,543), (3,768)
encienda	(4,8064)
corpo	(4,7159)
descaezco	(1,13039)
imaginas	(1,4544), (1,2965)
entienden	(2,2018), (4,3269), (1,16866), (0,3621), (2,1832), (0,5286), (3,1904), (4,978), (1,4975), (2,1491), (0,9809), (0,8915), (2,414), (2,2655), (2,2240)
imaginar	(1,1920), (5,4580), (1,5313), (1,9574), (1,17894), (5,4652), (1,17642), (1,13131), (1,3181), (2,7310), (1,6190), (1,8818), (1,3991), (5,3549), (1,2619), (1,1918)
created	(3,3298), (4,9252), (1,19314), (1,19251), (4,9175), (2,8390), (2,8327), (0,14070), (5,9213), (5,9150), (0,13995), (3,3361)
entiendes	(2,2500), (1,16691), (4,4681), (1,17657), (2,5772), (2,1870), (2,1824)
format	(3,3172), (2,8195), (2,8196), (2,8133), (2,8201), (0,13864), (0,13865), (0,13802), (0,13870), (1,19119), (1,19120), (1,19057), (4,9045), (4,9046), (1,19125), (5,9018), (5,9019), (4,8987), (4,9051), (5,8956), (3,3166), (5,9024), (3,3167), (3,3104)
domina	(5,5122)
formas	(2,5426), (5,5257), (5,3451), (5,4491), (5,364), (5,5166), (5,4978)
formar	(4,259), (5,4068), (5,2277), (5,3051), (2,1226), (3,621), (5,6960), (1,11564), (5,3060), (0,13392), (2,1875), (5,3446), (5,1208), (1,2236), (5,1793), (5,4613), (5,3720), (3,265), (3,1610), (5,4812), (5,4815), (5,1040), (5,155), (2,313), (5,7900), (5,3486), (1,14938)
dolia	(1,9014), (1,14123), (2,4333)
setiembremejicoprovision	(0,1484)
virtuosos	(1,8646), (1,6151)
domine	(4,8307), (2,487), (3,557)
corps	(2,1168)
forman	(1,448), (3,2418), (5,6773), (5,6442), (1,426), (2,2766)
reunianse	(2,6680)
formal	(3,2370), (2,7009), (3,1943), (3,1945), (2,4569)
confederados	(5,3463), (5,4487), (5,3515), (2,5194), (5,7469)
alborotos	(1,5955)
calorosos	(1,4599)
halda	(0,10864), (4,8021)
presidencia	(5,614), (5,1000), (5,5673), (5,3563), (5,7275), (5,429), (5,1201), (5,1777), (5,7218), (5,5877), (5,374), (5,1657), (5,1403), (5,2749), (5,1474), (5,7237), (5,7301), (5,1287), (5,2121), (5,2315), (5,2446), (5,5905), (5,7320), (5,3034), (5,3550), (2,1980), (5,2208), (5,1505)
escuezgan	(4,7596)
recebira	(1,15264)
teno	(1,8438), (1,8442)
corso	(1,3937), (4,5766), (1,6394), (1,3436)
cruces	(1,866), (2,1574), (2,7018), (2,4907), (2,5515), (1,4235), (1,16141), (2,1553), (1,787), (1,1491), (1,15990), (1,1465), (1,763)
estandartes	(4,8565), (5,2075), (2,218)
ahorcaron	(1,5169), (0,9988)
asegurando	(0,7877), (0,104), (3,401)
corte	(2,3204), (5,7591), (2,6917), (0,708), (1,296), (0,1224), (1,4649), (1,298), (1,2986), (1,12970), (1,2860), (1,4652), (1,2095), (5,4403), (5,1844), (0,13008), (1,2100), (5,6584), (5,6586), (1,8630), (2,793), (5,2109), (4,5980), (4,5981), (5,1604), (2,6817), (5,6596), (1,8640), (0,3041), (1,6978), (1,8643), (1,17347), (2,6821), (1,965), (1,8645), (0,2150), (2,4654), (2,5551), (2,1200), (4,8179), (1,4689), (1,2002), (2,439), (1,983), (2,2232), (3,282), (1,8024), (4,252), (1,8028), (5,1762), (2,4671), (2,2497), (1,4704), (1,8037), (0,2054), (2,4681), (3,171), (1,13034), (1,8043), (5,1520), (1,4717), (3,2993), (2,1233), (5,6519), (2,1237), (5,1657), (2,4952), (1,377), (5,7934), (5,1663), (1,1789), (1,8065), (2,5219), (5,1543), (2,7013), (0,2212), (0,13221), (2,2793), (5,2191), (1,10507), (5,6550), (2,505), (1,8601), (1,14361), (2,6908), (5,7711), (1,8606)
corta	(5,7782), (3,1510), (1,11844), (4,3402), (1,18631), (3,2346), (1,496), (1,4081), (1,4657), (1,5137), (1,5011), (1,8724), (0,13235), (1,13942), (4,4795), (1,18138), (2,3388), (5,611)
hallanse	(0,13018)
estrujaba	(2,7925)
ccclxxxii	(0,11777)
comedias	(2,3185), (1,18064), (2,4723), (1,11634), (2,3237), (2,2790), (5,3291), (1,1146), (2,1708), (1,18061)
tene	(4,2953)
ventresca	(4,1568)
siguio	(5,7526), (1,15459), (5,1454), (0,6985), (1,11435), (0,7308), (5,5874), (5,3513), (0,6998), (0,727), (2,1882), (2,4188), (0,6557), (1,6783), (4,163), (2,6370), (2,487), (5,4234), (5,1548), (1,5772), (5,1874), (1,4942), (2,6197), (2,7541), (0,13619), (1,13783), (4,636)
corro	(1,10384), (2,1250), (4,5173), (1,387), (1,4644), (1,10395), (1,8365)
temo	(1,13152), (1,1953), (1,4102), (2,5675), (1,6186), (1,10572), (1,14093), (0,2861), (1,14991), (2,4403), (1,3796), (1,5428), (1,1558), (4,8188), (2,3452), (1,16383)
certificacion	(3,612), (3,615)
meitad	(4,2387), (0,13035)
intorno	(4,7087)
caidos	(1,17847), (3,1259)
vinmere	(0,2682)
realmente	(3,2595), (5,5541), (5,3080), (5,6952), (5,7753), (5,6314), (5,5899), (1,16170), (0,1994), (5,499), (2,5747), (1,18162), (5,2488), (2,6650), (5,4770), (3,193)
aprendera	(2,2227), (2,683)
fortalezas	(2,4722), (4,6164), (0,1185), (0,1170), (5,3465), (0,5013), (2,4968), (2,569), (0,1177), (2,557), (0,1182)
tema	(5,196), (1,13152), (5,6503), (2,5223), (4,2954), (3,2701), (4,4462), (5,2226), (1,14991), (2,3762), (2,6292), (2,3094), (2,2871), (1,14998), (1,18649), (5,4063)
cualesquier	(4,8510)
invernaculo	(5,436)
educacion	(5,4356), (5,7175), (5,2824), (5,7433), (5,3695), (5,1424), (5,4625), (5,3635), (5,4595), (5,4792), (5,3643), (5,4667), (3,1146), (2,4089), (2,5562), (5,7357), (2,4027), (5,4606), (5,4798), (5,3648), (5,1153), (5,4001)
consumiendo	(1,4231)
espantan	(2,2758), (1,1002)
teme	(4,148), (2,1237), (4,8248), (1,12890), (4,7183), (2,7119)
hambre	(4,8452), (1,4706), (0,770), (1,292), (1,8230), (1,16294), (3,1257), (1,10793), (4,8463), (1,16814), (1,16815), (3,1266), (0,7951), (3,121), (0,8409), (4,4318), (1,9851), (1,18043), (1,892), (1,6524), (0,479), (1,8640), (1,18176), (0,7840), (1,18051), (2,1765), (1,7686), (1,8647), (4,1708), (3,719), (4,5488), (4,8564), (0,501), (2,4983), (0,6265), (2,3455)
volverselos	(0,8168)
menaje	(1,9520), (1,15825)
pasmado	(1,18075)
saverse	(0,5748)
acostumbradas	(1,17060), (1,17988), (1,16665)
ellascomo	(5,6878)
recordaban	(5,696)
entendido	(0,4031), (0,1152), (1,3171), (0,3459), (0,6979), (0,3076), (4,202), (0,11271), (0,649), (0,713), (5,6896), (0,8908), (1,16689), (0,7449), (0,8089), (1,8124), (0,9636), (0,5925), (0,4710), (0,9384), (0,11240), (0,10601), (1,14027), (0,7853), (0,5359), (0,3120), (0,3184), (0,9204), (3,2136), (0,9845), (4,2618), (0,3127), (0,1784), (0,3512), (0,6072), (0,3580), (0,4477), (0,6014)
imputandolas	(4,8365)
prieto	(3,1830), (3,1788)
fundase	(3,2962), (0,8630)
cipion	(1,16544), (1,17185), (1,16290), (1,16418), (1,17188), (1,18087), (1,16296), (1,17193), (1,18217), (1,16554), (1,16941), (1,17069), (1,17965), (1,17454), (1,47), (1,16559), (1,17072), (1,16689), (1,16949), (1,18101), (1,16566), (1,17334), (1,16954), (1,16315), (1,17852), (1,18236), (1,16829), (1,16957), (1,17725), (1,16321), (1,18241), (1,17861), (1,16326), (1,16710), (1,16968), (1,16841), (1,16204), (1,16333), (1,18125), (1,16207), (1,16847), (1,16464), (1,16724), (1,18132), (1,18262), (1,16856), (1,16729), (1,16348), (1,16988), (1,16606), (1,16351), (1,16736), (1,16227), (1,16869), (1,16998), (1,17382), (1,16618), (1,16235), (1,16748), (1,16876), (1,17007), (1,16240), (1,17009), (1,16244), (1,16500), (1,16884), (1,16629), (1,16631), (1,17015), (1,249), (1,16250), (1,16380), (1,16764), (1,16892), (1,16510), (1,16896), (1,17024), (1,16258), (1,16900), (1,17031), (1,17800), (1,16907), (1,16398), (1,16143), (1,16656), (1,16912), (1,17936), (1,16274), (1,16150), (1,16792), (1,16537), (1,16539), (1,16924), (1,16285)
lavaras	(4,4609)
escusallo	(1,959)
ultrajes	(5,5963)
llegarnos	(0,3461)
agitante	(1,8103)
angelis	(3,274), (3,14)
ciegamente	(5,2224)
rapto	(5,7438)
inexpertas	(5,3031)
randado	(1,4939)
aosadas	(4,894)
descumplir	(1,16820)
matrona	(1,18341)
juvenal	(4,290)
andarse	(1,2443)
condigna	(0,1265)
entendida	(1,8451), (0,5752), (0,8091)
retirose	(1,12102), (1,15501), (1,12302)
podia	(0,8769), (2,4614), (2,2568), (4,7116), (5,5553), (1,4144), (0,7759), (3,1524), (0,6738), (1,4148), (5,4537), (5,5564), (0,6239), (0,7779), (0,6248), (3,1551), (2,4147), (5,5590), (5,5084), (1,7256), (1,15963), (1,2141), (5,7649), (3,2087), (1,9833), (5,5102), (3,560), (0,664), (5,7677), (0,12953), (0,10398), (1,17538), (2,3174), (1,6278), (1,17542), (1,12935), (1,18056), (1,13962), (5,4633), (2,6265), (4,8253), (0,3258), (1,2206), (1,11425), (5,1575), (5,3624), (2,647), (1,8871), (5,2606), (1,15019), (1,16047), (3,117), (1,4276), (1,7350), (1,16056), (5,4157), (5,2110), (2,1692), (1,7868), (5,1602), (1,7359), (5,2118), (5,2633), (1,8389), (0,8421), (1,13510), (5,5195), (5,1613), (5,2128), (0,9966), (5,3668), (1,1745), (0,7412), (1,9429), (1,13525), (4,634), (4,7295), (1,8932), (4,8840), (1,9445), (5,6767), (1,9452), (1,17648), (4,660), (3,2739), (4,661), (1,4344), (1,11513), (1,11514), (5,3200), (0,8475), (4,7328), (5,6788), (1,13057), (5,2695), (1,10501), (1,264), (5,4749), (1,8971), (0,7470), (5,4244), (1,17169), (1,16148), (4,7353), (5,155), (5,2203), (5,668), (5,2720), (0,6971), (1,1821), (2,261), (1,5924), (1,6440), (1,13609), (0,6476), (5,6324), (1,18224), (1,8503), (1,7480), (4,7901), (5,4803), (4,2788), (1,10049), (5,721), (5,210), (5,4306), (5,3286), (5,4310), (1,11090), (4,7420), (1,13147), (0,6012), (1,3935), (0,8578), (1,2404), (1,12132), (1,15205), (4,6410), (1,9575), (2,8014), (5,1266), (5,3827), (5,7924), (0,6032), (1,7027), (0,8082), (1,9078), (2,1881), (4,2845), (5,3838), (2,1892), (1,9603), (5,267), (5,1803), (2,1388), (2,3954), (5,5918), (0,6073), (1,8602), (4,836), (1,10150), (1,15789), (1,1966), (1,7089), (5,7478), (4,346), (0,7639), (0,7642), (1,15806), (0,5598), (4,2404), (1,8642), (2,7589), (1,9156), (5,3918), (1,11210), (1,10191), (5,2388), (5,5460), (1,13267), (1,4055), (5,862), (0,6137), (4,6526), (0,6139), (1,14813), (1,14815), (5,5476), (2,5573), (1,5604), (4,393), (5,4459), (0,6152), (5,1390), (0,6666), (0,6155), (2,4559), (5,2419), (5,5495), (1,15862), (2,4057), (1,4088), (2,7643), (3,445), (1,12795), (0,7195), (4,928), (0,3104), (1,13315), (4,7592), (1,6156), (0,9771), (1,2066), (5,5527), (1,6165), (1,7701), (5,924), (1,14363)
torciesen	(1,16783)
graneros	(4,6199)
areco	(3,599), (3,892)
conceptua	(3,2536), (3,2395)
enmedio	(0,11434), (0,10204)
ahorcasen	(1,3173), (4,4522)
venidera	(1,10544), (1,8865), (1,5891), (1,10119)
mississipi	(5,1294), (5,2014), (5,3455)
negros61	(0,3723)
tero	(0,10035)
lleguese	(1,8368), (4,6491)
muelas	(1,12080)
comerse	(3,1258)
venidero	(2,370), (1,865), (0,9580)
ganchuelo	(1,5212), (1,5214)
gramalla	(4,6633)
apreciaciones	(5,5541), (5,7717)
burgayven	(0,10032)
cultivaban	(5,436), (5,5093)
viramos	(0,11190), (0,11160), (0,11146), (0,11084)
estadista	(5,3263)
rizados	(2,253)
pasmada	(1,1495), (1,15085)
discretamente	(2,7028), (5,5978), (1,1960)
resena	(0,224), (0,4387), (0,231), (1,3160), (1,7753)
exactamente	(5,5370), (5,5841), (2,7248)
incomparable	(1,6117), (2,6215), (5,6858), (5,6955), (1,6155), (1,11565), (5,5555), (5,6579), (1,13939), (1,12564), (1,3063), (1,4538), (1,9247)
reuniase	(2,6325), (2,6648)
under	(4,5), (3,3237), (2,5), (0,13827), (0,6), (3,3242), (3,3307), (2,8266), (2,8271), (2,8336), (3,3187), (3,3128), (1,19190), (2,8216), (4,9115), (1,19195), (2,8157), (1,19260), (4,9120), (5,9089), (4,9186), (5,5), (5,9094), (3,5), (5,9159), (1,19140), (1,5), (4,9066), (1,19081), (5,9039), (0,13934), (4,9011), (5,8980), (0,13939), (0,14007), (0,13885)
pelegrina	(4,8006), (4,8015)
anexados	(5,124), (5,1806)
imbiar	(0,5315), (0,4375), (0,5319), (0,5399), (0,4781), (0,4894)
mercader	(4,451), (1,7203), (1,7267), (1,7205), (1,7270), (1,18790), (1,16616), (1,7275), (1,3692), (1,5870), (1,7214), (1,16751), (1,7218), (5,766), (1,7227), (1,16700), (4,484), (1,5826), (4,8104), (4,3945), (1,8263), (1,4043), (1,6603), (4,239), (1,5909), (1,7253), (1,7254), (1,7193), (1,16665), (5,8479), (1,7196), (1,7580), (1,7198)
calurosas	(5,4373)
insula	(4,8228), (4,8409), (4,8282), (4,8410), (4,8875), (4,8348), (4,8415)
villarreal	(0,1567), (0,12529), (0,1587), (0,1580)
entremeter	(1,1593)
inopinada	(5,3137)
apenas	(0,6463), (1,2082), (1,12583), (5,687), (1,16432), (1,15413), (1,3132), (3,2310), (1,2886), (3,1034), (1,13129), (1,4940), (5,5073), (1,9551), (1,17236), (1,12888), (1,3935), (1,608), (1,9824), (5,2024), (1,12132), (1,2407), (1,5479), (1,16743), (5,2284), (1,4456), (1,363), (1,2667), (1,1903), (1,1394), (1,12659), (5,4604), (1,11899), (1,1404), (5,6659), (1,12929), (1,7299), (1,14469), (5,5899), (5,6411), (1,12940), (5,5905), (1,9102), (1,15246), (1,400), (3,2898), (2,5491), (5,1819), (1,8343), (1,9884), (1,8606), (1,10655), (2,7297), (1,11425), (5,5670), (1,17058), (1,13219), (5,3630), (2,7825), (1,13233), (5,573), (2,3227), (5,5182), (5,7744), (1,16572), (5,3137), (5,5697), (1,14014), (1,3520), (5,4173), (5,3663), (1,17099), (1,4301), (1,1998), (5,852), (5,1364), (1,13008), (5,600), (1,1749), (1,726), (1,15062), (1,1246), (1,6370), (1,16866), (1,4835), (1,12260), (1,13798), (2,2252), (1,4339), (1,16627), (1,18425), (5,4481), (5,4226), (1,11263), (5,2692), (1,18432), (5,1926), (1,9730), (5,1929), (1,11783), (2,4075), (1,2571), (5,1429), (1,11027), (1,9492), (1,14358), (1,17430), (1,16153), (1,538), (0,6971), (5,6561), (1,8991)
acomuladas	(0,8256)
caminad	(4,4495)
entremeten	(1,17017)
absolucion	(2,1298), (2,3028), (5,3818), (2,1304), (2,6408)
angeles	(4,4195), (1,12944), (1,8017), (0,3655), (1,11032), (1,12536), (1,14841), (1,7818), (1,15887)
cesion	(5,2364)
comunicar	(5,3173), (1,2210), (0,4897), (0,708), (5,7243), (3,1519), (0,3214), (1,14896), (0,722), (1,17332), (1,15509), (0,1846), (0,7805), (0,5406)
originaln	(0,13658)
campea	(1,10799)
comerme	(4,6899)
caminar	(1,10947), (3,1430), (1,10820), (4,2809), (1,13320), (4,1213), (3,669), (1,17419)
cabezadas	(4,759), (4,635), (0,6573)
comunican	(3,1893), (3,2119), (0,4724), (3,2361), (1,1193)
teta	(4,523), (1,2588), (0,11435)
menage	(3,1323)
impotente	(5,7393)
penoles	(0,11441), (0,11434), (0,11438)
aconsejaronle	(1,4226)
malicia	(1,17505), (2,4358), (1,9574), (1,15399), (1,17319), (2,3402), (2,7818), (1,9833), (2,2574), (1,3766), (1,16056), (1,16504), (0,2204), (1,18622), (3,259), (1,11586), (2,1897), (1,4744), (1,8904), (1,10504), (4,5807), (2,5743), (4,5813), (4,6197), (1,17747), (4,5815), (4,7164), (1,2523), (1,7967)
arcabuz	(1,17088), (0,10210), (0,6563), (0,6532), (0,9957), (1,5803), (0,10764), (0,10768), (0,6513), (0,8947), (0,10838), (0,10391), (0,8952), (0,8953)
francmasonismo	(2,2418)
traherlos	(0,4703), (0,5281)
volvian	(1,8386), (3,741), (5,3943), (0,7522), (1,8661), (1,934), (5,1292), (5,5148), (1,937), (0,6953), (0,4026)
brea	(0,3765), (0,6412)
conjugar	(1,16867)
ignora	(2,3429), (2,5339), (1,16874), (3,477), (1,8750)
antiguedad	(2,775), (4,6812), (1,10908)
contrastando	(2,6005)
rugidos	(2,6050)
produxeren	(0,1121)
girones	(5,6592)
honrrados	(0,2251)
ignoro	(3,1322), (3,1355)
averiguemos	(1,17801)
ignominia	(2,6068), (2,870), (2,7100)
ignore	(5,2939)
enterrados	(0,1411), (1,16262), (0,1400), (1,16268)
guzpataros	(1,5608)
suden	(2,5490)
traicion	(5,3525), (5,2310), (1,2436), (2,3493), (0,4899), (0,8424), (0,4880), (2,6578), (2,4471), (2,1145), (2,3385), (2,4186), (2,4474), (0,4889), (0,8377), (0,6843), (2,7614), (2,192), (2,7616), (1,7327), (0,8862)
indagar	(3,1204), (3,2281), (3,2267)
injustos	(2,5399), (5,3843)
verdaderas	(0,4834), (1,17587), (1,1364), (1,869), (5,5452), (1,12696), (1,18780)
invocado	(5,3476), (5,629)
bautizar	(3,2101), (1,8543)
entendian	(3,802), (0,7201), (0,8515), (0,7562), (0,7596), (0,8684), (5,4658), (0,7853), (0,8046), (0,13108), (4,570), (0,7097), (0,9020)
fronteras	(5,857)
encomendarles	(1,1533)
entierros	(5,4570)
atonitos	(1,8880), (1,14192), (2,5860), (2,3975), (2,1609), (1,9242), (1,7148), (5,1473)
interventores	(0,12901)
bibliotheque	(3,29)
disparadas	(5,3022)
fundara	(2,94)
cuadrienio	(5,1029), (5,2269)
conceptos	(5,1896), (1,8133)
posesiones	(5,2485), (5,2521), (0,70), (0,13272), (0,9162), (0,11), (5,944), (0,9147), (0,12060)
pudelo	(4,8358)
amenazamos	(2,861)
siguiendose	(3,2915)
priesa	(4,4171), (1,9769), (1,8362), (1,14506), (4,6223), (0,720), (1,2866), (1,14386), (1,17714), (4,3798), (1,18229), (4,3929), (1,16311), (1,3257), (1,3258), (4,3934), (1,11451), (1,5438), (1,9665), (1,2498), (4,8038), (1,15555), (1,17987), (0,8547), (1,2374), (0,6376), (1,14411), (1,17102), (1,14544), (4,4469), (1,4691), (1,6999), (1,6490), (1,11867), (1,6497), (1,6625), (1,12769), (1,2149), (1,2154), (4,5903), (1,4335), (4,3987), (4,4886), (0,4114), (4,7446), (1,10740), (4,4889), (1,15990), (4,1820), (1,4729), (0,6169), (1,17789), (4,4641), (1,2562), (1,9730), (1,12294), (4,3883), (4,4907), (1,10888), (1,13320), (4,3886), (1,4236), (1,13581), (4,3508), (1,5777), (1,9108), (1,7061), (4,2105), (1,2587), (1,13725), (1,13214), (4,5442)
sardas	(4,3014)
dimensiones	(2,1739)
newsletter	(2,8402), (0,14082), (5,9225), (3,3373), (4,9265), (1,19326)
rascado	(1,872)
comandantes	(3,2362)
luciese	(1,15083)
tomareis	(0,4975), (0,1746), (0,4722), (0,4388), (0,4395)
reprendere	(4,7133)
aherrojado	(1,2771)
entraremos	(1,17425)
calorosas	(1,8661)
ensuelto	(4,6716)
represion	(5,3864), (5,2527)
sobresaliente	(5,2631)
anticipado	(0,880), (5,1911)
establecidos	(5,7466), (0,841), (3,1969)
calatrava	(2,2369), (1,593), (4,6213), (4,6134), (1,2566), (2,6665), (2,5598)
isabel	(5,5143), (2,4922), (1,6618), (5,6574), (5,8350), (2,7037), (5,8352), (5,6561)
parcialidades	(3,2724), (3,975)
despedirme	(1,15969), (1,17319)
piquillo	(2,2751)
texe	(4,495)
progresos	(5,4998), (3,2839), (3,2809), (5,5069)
aplique	(5,6928)
texa	(0,2697), (4,3136)
rescibiese	(0,8770), (0,1002), (0,1006)
sudor	(2,7763), (4,4374), (1,8405), (1,18549), (2,5241), (1,5193), (2,7770), (1,16569), (4,6286), (1,4940)
oficio	(0,1599), (1,4640), (0,10816), (1,10530), (1,8487), (1,8491), (1,8236), (1,16430), (1,8495), (1,8496), (0,12113), (1,8244), (1,11320), (1,8506), (1,18242), (1,16452), (1,17479), (1,4680), (4,3058), (4,1014), (1,4956), (1,5982), (1,1119), (1,5218), (1,7270), (2,1865), (3,2350), (1,4717), (0,1677), (4,5650), (0,9358), (1,17263), (1,4720), (4,1814), (4,4377), (1,6007), (1,5498), (0,5529), (1,4988), (4,7711), (2,608), (1,12159), (1,899), (1,4995), (0,1187), (4,3111), (1,6028), (1,12174), (0,4526), (1,12177), (0,5044), (1,8343), (0,4279), (1,8602), (4,4926), (4,5695), (5,3874), (1,8352), (1,5027), (4,5194), (1,2995), (1,16568), (1,1723), (1,4806), (1,4810), (0,1003), (0,3819), (0,1004), (1,4818), (4,8821), (0,1522), (4,5495), (0,1014), (0,1527), (1,8409), (0,2553), (4,7294), (0,1531), (1,4828), (4,385), (2,6337), (1,8160), (4,8838), (1,4836), (1,16613), (4,6027), (1,4845), (4,146), (1,10479), (4,147), (4,148), (1,17139), (4,6554), (1,11511), (1,11512), (1,4858), (1,18941), (1,13310), (1,8962), (4,681), (4,3497), (0,8998), (1,12298), (1,17930), (4,689), (4,6578), (4,691), (1,17169), (5,1430), (4,2998), (1,7187), (5,5784), (4,8378), (4,7099), (4,8380)
dulces	(5,5206), (1,9842), (5,4168), (1,14996), (0,6372), (2,3466), (1,13036), (1,1422)
inauguro	(5,3729), (5,1250)
poneos	(4,2467), (4,4262)
italicas	(5,44)
agradecida	(1,8514), (1,4564), (1,7286), (1,14086), (1,12456), (1,6201), (1,2650), (5,6050)
optica	(2,4083)
oprimidos	(5,3620), (5,2725), (5,6841)
tomunibeyo	(1,9727)
desechemos	(2,5507)
porfiadamente	(1,8821)
conjurado	(5,308)
tuerta	(1,16041), (4,4017)
dejando	(1,10400), (1,15136), (5,2218), (1,16808), (1,14250), (1,6061), (1,6446), (2,6032), (0,7376), (1,9269), (3,2426), (2,1564), (2,5404), (0,8670), (1,9419), (1,15435), (1,8652), (5,1364), (0,8431), (1,4050), (3,405), (3,2709), (1,9043), (1,3797), (1,11359), (1,14688), (5,5863), (5,2664), (2,2886), (1,2534), (2,4299), (1,13547), (1,13294), (1,3823), (2,4434), (1,4338), (1,9843), (0,6547), (1,9588), (0,7829), (1,15350), (1,3837), (5,3333), (5,393), (1,11543), (1,9880), (0,7483), (1,4766), (1,7454), (1,10399)
tablazon	(0,3829), (0,3645), (0,3646)
arriballevamos	(0,5866)
brit	(5,411)
brio	(1,12256), (1,2305), (1,12259), (1,18531), (1,10790), (1,12233), (2,2414), (1,11725), (1,18893), (1,3504), (1,4336), (1,13296), (1,13712), (1,18321), (2,3059), (1,9236), (1,15156), (1,3285), (2,314), (1,17214), (1,2303)
repicadas	(1,5742)
responsabilidades	(5,7428), (5,7406)
embrollada	(2,1756)
saltariamos	(0,10230)
vedla	(4,6230)
podre	(1,3009), (1,3681), (1,16995), (1,2788), (1,4005), (1,6375), (1,6376), (1,16041), (1,1066), (2,2924), (1,3563), (1,2124), (1,16396), (1,2893), (1,9742), (1,9071), (1,14031), (1,14096), (1,6391), (1,14490)
ponellas	(0,2258), (1,15827)
timidos	(5,229), (3,2131), (5,1270), (5,609)
podra	(1,4899), (3,615), (1,5033), (1,2346), (1,17962), (4,339), (2,529), (2,1554), (0,2769), (0,4433), (4,5079), (0,5715), (1,11060), (1,10678), (0,2774), (1,12728), (1,18490), (1,16062), (1,3903), (1,11457), (1,12993), (1,6979), (1,18763), (1,973), (1,18773), (3,2968), (1,11478), (1,16601), (1,2522), (0,3705), (1,11616), (1,15075), (1,11111), (0,1801), (0,267), (1,7537), (0,2833), (0,3858), (1,16115), (2,7385), (5,7165), (3,2879), (0,3869), (2,4831), (1,7423), (1,1537), (2,7138), (1,15105), (1,15111), (1,13194), (4,303), (1,1676), (0,9387), (0,2861), (1,6542), (0,9390), (0,9265), (0,10166), (1,13719), (1,2968), (3,859), (1,15006)
fideos	(4,7525), (4,418)
latinidad	(5,6712), (0,13242), (5,4112)
transcendiese	(2,6751)
dediquemos	(2,1308)
capones	(4,3534)
menudas	(5,885), (0,4145), (1,12132), (1,5895), (0,830)
pantomima	(2,2073)
suministrar	(5,7803)
tuerto	(4,2855), (4,6492)
ensuelva	(4,7539), (4,4362)
siguiendole	(0,10274), (1,14185), (1,15435), (2,384), (1,4335)
trayan	(0,7842)
impidiendo	(0,665)
herirse	(1,14412)
alumbreme	(1,15880)
cuchillos	(0,9793), (4,6540), (0,7178), (4,6833), (4,6835), (3,149), (3,952), (4,6873), (0,7605), (0,7861), (4,6875), (0,8024), (0,6333)
proveidas	(1,9843)
ofreces	(1,3425)
priego	(1,17396)
ofrecer	(0,1410), (5,5513), (5,911), (1,9166), (5,5363), (1,18703), (1,4144), (1,4529), (2,6738), (2,5716), (1,3573), (1,10455), (0,1399), (5,2496), (5,2113), (2,4640), (1,4159)
recebida	(1,13523)
aguilucho	(1,281)
ardua	(5,1078), (5,4638), (5,2290)
ymportantes	(0,3506)
ofrecen	(2,193), (3,1188), (2,6708), (3,2551), (2,3814), (5,4861), (5,6958), (1,1611), (1,4684), (0,13149), (5,7043)
oceanicis	(5,8152), (5,6654)
caidas	(1,17651), (1,854), (2,2057), (2,4074), (2,4061), (2,959)
siguiendola	(0,3921)
albarado	(0,2164)
almudes	(0,6427)
arduo	(5,1986)
siguiendome	(1,17786)
desabrochados	(1,17233)
encomiada	(5,3527), (5,2184)
mogotillos	(0,11459)
includes	(0,14079), (5,9222), (3,3370), (4,9262), (1,19323), (2,8399)
agujeros	(1,13459), (1,5608)
descubriere	(0,1084), (0,1070), (0,1406)
recebido	(1,7842), (1,12675), (1,2596), (1,7812), (1,13989), (1,11623), (1,9547), (1,14283), (1,8045), (1,7854), (1,6771), (1,4375), (1,10847)
sientese	(1,10068), (4,3698)
asechanzas	(1,17053), (5,7474)
entierren	(4,3196)
narigueta	(1,5974)
banaron	(1,6866)
recebian	(1,15700)
agradecido	(2,3297), (1,16673), (1,4501), (1,13029), (4,2553), (1,7561), (2,2571), (1,14618), (3,2030), (1,3565), (3,849), (1,14431)
debdos	(0,6590)
malaventuradas	(1,11920)
almidonadas	(1,4611)
exceptuando	(0,116)
armarian	(1,4363)
descubriese	(0,896), (1,13058), (1,276), (1,3348), (1,12774), (0,918), (0,11848), (1,2090), (0,252), (1,15949), (1,2622), (1,15790)
alzase	(1,8581), (1,9462)
cardano	(0,13098)
ejercieron	(5,7348)
cosmografo	(0,3159), (0,3212)
included	(3,3363), (4,5), (5,6), (4,9254), (3,6), (0,13827), (2,6), (1,6), (2,8392), (0,7), (1,19082), (4,9011), (5,8981), (1,19316), (3,3129), (0,14072), (5,9215), (2,8158)
empanadillas	(4,418)
comprendida	(5,1704), (5,4937)
crearon	(5,2331), (5,1054)
alzara	(1,4698)
comprendido	(2,7297), (2,4931), (0,13142), (2,4105), (5,5825)
constantinopoli	(4,582)
petrus	(4,7206)
aradores	(4,5397), (4,8539)
energia37	(5,2854)
fundais	(0,2100)
embajada	(0,8496), (1,18545), (1,7817), (0,8536), (1,10588), (1,18556)
remitome	(0,1715)
acostumbrados	(1,11969), (3,181), (3,569), (4,8527), (1,18556), (5,1233)
palidecen	(5,7206)
ampliamiento	(0,987)
acordaban	(1,9152), (0,6386)
tacto	(4,6500), (5,2650)
almohada	(2,4354), (1,10131), (1,15427), (4,1865), (1,10151), (1,9753), (1,12460)
recomenzando	(2,588)
rompiendo	(1,6505), (2,459), (1,9278)
incumbencia	(5,2946)
toleraba	(5,2412)
proveydo	(0,2661), (0,4133), (0,2952), (0,5818), (0,4155)
jamilena	(4,7631)
puertecilla	(2,7587), (2,7716), (2,7590), (2,1967)
verdaderos	(5,132), (1,4675), (2,2789), (2,454), (5,7561), (1,9125), (2,520), (1,15335), (1,15818), (3,1102), (5,5456), (1,17708), (2,2158), (1,13486), (2,6288), (1,6131), (1,11381), (1,4536), (1,15580), (3,351)
declaran	(2,1717), (3,2139)
declarar	(5,2180), (1,4194), (5,1480), (2,2085), (5,971), (5,1197), (0,1740), (0,4556), (5,5457), (1,8909), (1,10703), (5,5914), (2,7224), (1,6170), (0,7738), (1,13115), (0,1755), (1,16159)
indulgente	(5,6313), (5,5439)
afeitadas	(1,13092), (4,2922)
saliendo	(0,10847), (1,12768), (0,10272), (0,10400), (3,1031), (3,1127), (1,9702), (1,11240), (1,11403), (3,1457), (3,1459), (1,18066), (1,13299), (3,1048), (0,4054), (0,7929), (1,17307), (2,5981), (1,9212), (1,14750), (3,1761)
enternecido	(1,12842)
converna	(0,5296), (0,8689), (0,3618), (0,3698), (0,5218), (0,1843), (0,4004), (0,4952), (0,5400), (0,4796), (0,4876)
adquirieron	(3,787)
dispone	(2,868), (3,2934), (0,550), (1,1305), (3,2843), (4,1853), (5,209)
septiembreinstruccion	(0,11874), (0,12003)
disipando	(5,6084), (5,3847), (2,3110)
guiasen	(1,1525), (0,7223), (3,1724)
contaros	(4,805), (1,13515)
estadistas	(5,2387)
tagollanca	(3,2064)
contaron	(1,18530), (1,868), (1,2868), (4,5943), (1,12981), (1,3271), (1,5399), (4,8795), (1,4041), (1,17241), (1,17918)
adivinaban	(5,3314)
hiramabi	(2,2144)
participadas	(4,8324), (4,7858)
exigian	(2,3267), (2,1512)
proveyda	(0,5663)
escaparon	(1,6692), (1,4027)
amorosamente	(2,3473)
intencionado	(2,7386)
mendialdua	(2,5255), (2,5259)
payegue	(3,143)
triquinuelas	(2,3268)
sembrada	(1,6650)
examine	(3,498), (5,7886)
frayles	(0,10736)
tibieza	(1,3766)
midas	(1,1217), (1,18159)
odioso	(0,7702), (5,2797)
restablecido	(5,1800), (2,3175)
intencionada	(1,2236)
preparativos	(0,629), (3,2536), (2,1336), (5,3372), (5,7436), (5,7443)
desmembramiento	(5,3340)
expresion	(0,9535), (2,4099), (5,7334), (5,7400), (2,1030), (0,12101), (2,4235), (2,5068), (3,1329), (2,2320), (5,6068), (2,2069), (0,11798), (5,1980), (2,3353), (5,6588), (2,6689), (5,5253), (5,1607), (2,6756), (5,6279), (5,4360), (5,6344), (3,2696), (2,2028), (2,3629), (5,4241), (5,916), (5,6679), (5,7329), (2,2111)
metellas	(4,1610)
contornos	(3,1877), (1,7828), (3,1255), (1,2141), (1,10974)
contarse	(2,5716), (2,6020), (5,4066)
esperarlas	(1,13303)
brindis	(2,4519), (2,1917)
odrina	(1,11773)
retardarse	(5,1995)
ofrecia	(1,7585), (1,9409), (1,12865), (2,7462), (5,7081), (1,18920), (1,4137), (5,3502), (1,7695), (1,10416), (3,1555), (1,12466), (1,3251), (5,3383), (1,4820), (1,7929), (1,2394), (3,2718), (1,6237)
afirmaban	(0,6303), (5,3062), (1,3016)
exigida	(5,3950)
ofrecio	(0,11839), (3,1927), (3,424), (0,12965), (3,427), (5,1325), (1,7753), (1,15690), (5,5487), (1,7756), (0,13067), (1,13102), (0,6798), (1,3892), (1,7865), (1,12921), (3,2620), (2,1439), (2,5632)
judicar	(4,4987)
puntiagudo	(4,7027)
rapaz	(4,4105)
estupendo	(1,6069), (2,4183), (2,6044), (1,5183)
terminando	(0,100), (0,13549)
sembrado	(0,3750), (3,716)
increasing	(2,8353), (0,14033), (5,9176), (3,3324), (4,9213), (1,19277)
agitando	(5,1098), (2,5338), (2,411), (5,4126)
examina	(5,6734)
mermeo	(0,12396), (0,10733)
cordobes	(4,5133), (4,3502), (4,3505)
rapan	(4,6306)
palidecio	(2,1136)
acortas	(1,8646)
acortar	(1,14913), (0,2273)
estupenda	(5,7269), (2,1636), (2,6248)
mermas	(2,2754)
sepulte	(5,2249)
agent	(5,9127), (0,13972), (3,3275), (1,19228), (4,9152), (2,8304)
pusible	(0,7893), (0,6238)
ageno	(0,8120)
llegueis	(0,2337)
arena	(0,6431), (5,7014), (0,10354), (0,11432), (1,11690), (0,10156), (5,1282), (0,11453), (0,13085)
abiertamente	(0,2191), (5,725), (0,13171), (5,7467), (0,13095), (5,3533)
colonizarlo	(5,658)
afortunado	(1,12115), (5,5453), (5,3310), (5,5488), (5,5602)
regalarle	(1,15830), (3,427), (1,11369)
devolvieron	(5,853)
mosoliman	(1,4310)
renunciaba	(5,2681), (1,1660)
repartido	(1,18401), (0,4337), (1,16323), (1,5047), (0,1129), (0,5979)
ahorcados	(5,2789), (5,7542)
vengale	(4,8531), (4,8529)
vencedora	(1,10512), (5,5848), (5,7292)
envarquen	(0,4515), (0,4502), (0,4493)
repartida	(0,4511)
debuelta	(0,3486)
guiar	(3,2042), (0,3545), (0,605)
violencias	(5,5269), (2,4389), (3,1067), (5,5215)
guardaba	(4,8515), (2,7427), (4,8345), (1,12521), (3,1521), (1,2415)
peligraba	(2,1052)
tengo	(2,2561), (4,5571), (1,5666), (4,455), (4,3527), (1,12325), (4,2507), (1,9769), (1,15915), (1,9773), (2,2575), (1,14895), (1,11313), (4,2005), (1,564), (4,5080), (1,17462), (1,4665), (4,4573), (4,2015), (2,1055), (1,13886), (1,15934), (1,9795), (4,5098), (4,1516), (1,2121), (0,1643), (2,1070), (4,5616), (4,7665), (1,9294), (4,7666), (0,2672), (4,501), (2,1075), (1,14930), (4,502), (0,4210), (2,4661), (1,8791), (1,14935), (4,8187), (2,5690), (1,16473), (2,6203), (1,14429), (1,13919), (1,14431), (0,2687), (0,1664), (1,12387), (1,5222), (1,4713), (2,5706), (4,5645), (2,6731), (4,5134), (4,5646), (4,5649), (1,111), (4,4627), (0,9359), (1,8817), (1,13939), (2,3669), (1,14965), (4,5147), (4,5661), (4,6685), (4,4646), (1,13447), (1,13449), (1,5770), (1,11914), (3,1614), (0,1714), (0,10419), (1,12949), (1,15513), (1,1690), (4,5694), (4,576), (4,3650), (4,6722), (4,580), (1,1185), (1,12962), (1,11945), (3,1132), (2,5771), (1,9898), (0,3274), (4,3153), (1,1202), (4,5717), (1,15026), (1,17587), (2,4758), (1,13493), (4,6748), (4,7772), (4,4189), (2,4251), (4,606), (4,3680), (0,10461), (1,17598), (1,703), (1,704), (1,14532), (4,617), (1,16070), (4,2667), (4,6253), (4,6766), (4,2672), (4,5744), (4,2674), (2,2736), (1,11983), (1,17617), (2,2229), (2,6841), (1,12504), (4,4220), (2,7360), (4,7299), (2,4802), (1,12514), (4,5257), (1,16104), (0,2825), (4,5778), (4,7314), (1,13040), (1,12529), (1,17137), (1,4851), (1,17139), (4,5271), (2,726), (1,4853), (3,2745), (1,17143), (1,11001), (2,731), (0,3353), (1,18683), (1,766), (4,1185), (1,15615), (1,18175), (1,7425), (2,739), (0,10018), (1,11524), (4,4264), (4,4265), (4,7849), (1,15110), (1,13063), (1,777), (4,1708), (2,5866), (1,17673), (1,5386), (1,15114), (1,5388), (1,11532), (1,18188), (1,18189), (4,3765), (1,2323), (1,18707), (1,16660), (1,790), (0,2357), (0,10038), (2,762), (1,13081), (1,18202), (1,5406), (0,3903), (1,15649), (1,17697), (1,14626), (4,5831), (4,3274), (0,11080), (0,1865), (0,3917), (1,18735), (4,1747), (1,16692), (1,5942), (1,13622), (4,4318), (1,12605), (4,5345), (1,18238), (1,5442), (1,6980), (1,15172), (4,2281), (1,5447), (1,4936), (4,7403), (4,1772), (0,10601), (4,4334), (1,16203), (1,2896), (4,5363), (1,14678), (2,3384), (1,3928), (4,1788), (2,3386), (0,2936), (4,4348), (1,11610), (0,2938), (4,4351), (2,3391), (1,7007), (4,4869), (1,8034), (0,3971), (2,2886), (4,3849), (1,874), (1,15211), (4,5903), (1,1390), (4,4881), (1,18799), (1,13169), (1,16755), (4,4889), (4,4890), (4,4891), (4,6427), (1,16760), (2,3930), (1,15737), (4,1826), (1,12159), (1,3969), (1,4993), (2,3427), (1,2950), (0,2981), (1,2951), (0,2982), (4,7978), (1,4488), (1,18827), (4,1839), (0,2987), (0,2991), (0,10168), (0,956), (4,321), (0,960), (4,5956), (0,961), (0,2497), (4,6472), (4,5961), (0,971), (4,6991), (2,2959), (0,3533), (1,4526), (2,6543), (1,11694), (1,12718), (1,15791), (1,4528), (0,2001), (1,8629), (2,6551), (0,1494), (4,5467), (0,984), (1,16313), (0,985), (4,4958), (4,4959), (2,6558), (1,10685), (1,14781), (4,7011), (2,7076), (0,1508), (1,12230), (1,13769), (1,971), (4,4464), (1,5581), (4,5492), (1,5586), (2,7092), (0,4083), (4,5496), (1,9685), (1,7126), (2,1465), (1,16857), (3,924), (2,4027), (1,7130), (1,15836), (2,1470), (0,1022), (1,9696), (1,15333), (1,16869), (0,3077), (1,7143), (1,1000), (0,11271), (1,9195), (1,9710), (4,3988), (4,1941), (4,1430), (1,1014), (4,5018), (1,4087), (1,1016), (0,1561), (4,6558), (4,3488), (4,5024), (1,4094), (0,1566), (4,5026), (4,6562), (4,7074), (0,1567), (0,11295), (1,12288), (4,1445), (1,1030), (4,7081), (0,9767), (1,16905), (0,9769), (1,17418), (1,16395), (1,1036), (4,4018), (0,2615), (4,4028), (1,11290), (1,4635), (4,1471), (1,16925), (1,9759)
pequeneces	(2,548)
camutrian	(0,7039)
gusanos	(1,18406)
ayudandome	(1,9849)
violenta	(5,116), (5,5061), (2,2296), (5,3131), (5,5499), (5,5548), (5,301), (2,4410), (2,1375)
disculpaba	(1,7074)
respetables	(5,1989), (2,6677), (2,6664), (2,7337), (5,3760), (5,5856)
tenia	(2,6148), (4,6087), (0,3140), (0,9288), (0,11338), (1,15403), (2,2061), (1,11313), (4,6103), (1,16437), (0,11350), (0,7259), (1,9276), (1,10300), (4,6112), (5,5061), (5,7109), (1,15427), (5,1994), (1,15431), (1,16458), (1,17487), (5,6101), (1,6227), (1,8275), (1,6229), (1,10327), (0,11383), (2,3132), (1,13404), (1,13405), (4,4097), (1,11358), (1,7263), (2,3137), (1,13411), (1,13412), (1,17511), (1,4200), (1,2155), (1,15467), (3,2098), (3,2100), (1,4210), (1,15475), (1,4213), (1,6265), (1,8315), (1,6272), (5,7174), (1,7302), (1,3208), (5,7181), (2,3180), (1,7315), (1,12435), (1,11412), (2,3191), (4,8253), (1,15521), (2,3209), (1,7339), (0,9418), (1,14508), (2,3215), (0,11469), (5,1076), (1,6322), (0,11474), (1,11446), (5,2107), (1,16570), (4,2142), (0,7388), (5,4167), (1,9412), (1,13509), (5,2125), (1,16586), (1,10443), (1,11467), (1,2252), (0,6380), (0,7404), (3,144), (1,11470), (2,3253), (2,6325), (0,7419), (1,11487), (1,7392), (5,3173), (4,6276), (1,9442), (1,15586), (1,14563), (1,10468), (3,1192), (4,2188), (0,7432), (1,8434), (1,8436), (3,1209), (1,14584), (1,16633), (1,7421), (1,8445), (5,2183), (1,12548), (5,3211), (3,1228), (0,6442), (1,8459), (4,176), (1,4365), (1,8462), (2,7409), (1,8465), (1,10513), (1,280), (1,15644), (2,7425), (2,258), (0,10560), (2,7430), (1,9509), (2,4361), (4,207), (1,6445), (2,2321), (5,4278), (1,17717), (0,7511), (1,3385), (0,7513), (1,1339), (1,16700), (1,5438), (1,2367), (2,6433), (1,7490), (1,15684), (0,11620), (2,5416), (2,3373), (0,9581), (1,10576), (0,6513), (1,11602), (1,9555), (1,9560), (0,9592), (1,17753), (2,5435), (1,17755), (2,4413), (1,6492), (1,9565), (1,13664), (1,12645), (1,13672), (0,7561), (1,10605), (5,1267), (1,12657), (1,378), (0,6554), (1,1405), (2,1377), (1,385), (1,12677), (5,3345), (1,13710), (4,2355), (1,14739), (1,8596), (1,12692), (5,1309), (0,442), (5,7456), (0,2493), (3,1377), (0,1470), (1,7584), (2,7554), (1,16801), (0,7617), (0,5573), (1,2471), (1,5543), (1,9643), (0,5579), (0,6605), (5,312), (1,9656), (5,1342), (5,7489), (1,15806), (4,2403), (5,7494), (0,6632), (4,4462), (0,6635), (4,2416), (5,7505), (4,6513), (1,2511), (0,10735), (4,5492), (4,5493), (3,2453), (5,2392), (4,7548), (5,5471), (4,5507), (4,6532), (4,389), (1,15848), (1,7657), (1,17897), (2,2507), (1,17898), (1,15852), (1,2541), (1,15857), (4,7575), (1,15860), (4,6554), (0,10776), (0,7706), (1,13821), (1,18941), (2,7650), (2,6630), (1,15877), (0,10790), (1,4616), (4,1454), (4,8622), (4,1455), (1,17933), (1,3602), (5,6552), (1,8725), (1,7702), (1,13846), (0,9783), (1,8729), (1,8730), (1,2588), (1,16924), (0,573), (5,1443), (5,3495), (5,1448), (2,5638), (0,9796), (1,12843), (1,13868), (3,1520), (5,7602), (3,1523), (1,7730), (5,4535), (1,8755), (1,12852), (4,5595), (2,2587), (1,3648), (2,6689), (1,10816), (2,6695), (5,6604), (0,8808), (1,2638), (1,4686), (1,15950), (0,8814), (0,6770), (3,1562), (1,2649), (1,10841), (5,2530), (2,7745), (4,5639), (1,10854), (3,1580), (1,12915), (2,5718), (1,10869), (1,5754), (5,7678), (2,1628), (1,10875), (0,668), (1,6781), (1,13949), (2,1631), (0,6813), (1,9860), (1,18053), (2,617), (4,556), (1,8844), (1,9869), (2,1647), (0,11949), (4,564), (1,18065), (0,5811), (4,7736), (2,631), (1,3734), (1,12950), (1,13977), (2,635), (5,3615), (2,7805), (1,16028), (4,7744), (0,7870), (3,1634), (0,7873), (0,8899), (0,8900), (1,3752), (4,593), (4,597), (1,11954), (5,6711), (1,6837), (1,14009), (1,2746), (1,17082), (2,5789), (1,14012), (1,12990), (5,4675), (0,8926), (1,15043), (1,6856), (1,5833), (1,15050), (1,716), (4,8820), (4,1653), (1,17106), (1,723), (1,6869), (5,6745), (1,13014), (1,17114), (0,7931), (3,671), (0,2812), (0,9981), (0,6910), (1,16095), (1,737), (1,17121), (1,6882), (1,17122), (1,8937), (2,4813), (4,659), (4,660), (1,759), (4,669), (4,671), (1,4860), (4,672), (1,6911), (1,3840), (1,6913), (1,6916), (1,6923), (3,1744), (5,4756), (1,17169), (0,7985), (0,9010), (0,7987), (2,6902), (1,1815), (1,10008), (0,6971), (0,2877), (1,2850), (1,8994), (1,6950), (1,6952), (5,6832), (1,10029), (1,14126), (1,2863), (1,12080), (0,8025), (1,9018), (0,10083), (3,1800), (1,16198), (1,9032), (1,3916), (1,9036), (1,18252), (1,17233), (4,760), (1,9048), (0,8056), (1,9050), (2,4924), (1,1889), (5,1767), (1,3943), (1,7018), (1,3959), (1,7037), (2,2912), (2,2913), (5,5893), (0,7073), (5,775), (1,8068), (1,14212), (4,1842), (1,8080), (1,10129), (5,5910), (0,10161), (5,2841), (0,7093), (1,12187), (1,10143), (1,9122), (1,12196), (0,7109), (1,10151), (5,3885), (5,1841), (1,13230), (1,12207), (0,975), (1,6064), (1,7088), (0,10193), (0,10198), (5,1852), (0,7127), (2,5023), (1,7103), (0,992), (2,930), (0,7136), (0,8162), (4,874), (0,1001), (2,6059), (1,3019), (5,2896), (2,947), (1,2002), (1,3031), (2,1977), (1,12249), (0,6138), (2,6077), (4,898), (5,868), (1,6116), (0,11267), (0,11268), (3,1960), (5,2924), (1,3049), (1,13289), (1,6124), (2,2000), (1,13295), (0,13326), (2,6098), (0,10256), (1,6134), (0,7192), (1,13305), (1,16377), (4,6045), (1,15354), (1,17404), (5,6017), (1,7165), (1,17405), (5,7044), (1,13313), (1,18434), (1,13316), (5,3978), (1,14342), (4,938), (5,1931), (1,14343), (1,6152), (1,15370), (1,5132), (1,6158), (1,3088), (1,2070), (2,6135), (4,6074), (1,7193), (1,14364), (2,4094), (5,7075)
whittier	(5,474), (5,8778)
tenie	(4,379)
anegaban	(3,102)
linaje	(1,1793), (1,13508), (1,2824), (1,14728), (1,14122), (1,16621), (1,11855), (1,16624), (1,17872), (4,312), (2,439), (1,13431), (1,17175), (4,6588), (5,7614), (0,13241), (1,14043), (1,1661), (1,3102), (1,13694)
risica	(1,852)
garrida	(4,7492), (4,8420)
obtenido	(5,1061), (5,2297), (5,3788), (5,5356), (5,1119), (5,1231)
violento	(5,2149), (1,2997), (5,219), (5,1535), (2,5933)
cuentase	(5,2165)
elemento	(0,175), (2,3185), (5,5300), (5,983), (2,6470), (2,5207), (2,5213), (4,6159), (4,6160), (4,6161)
patriarcal	(2,2066), (2,6902), (2,1817)
agravaba	(5,2751)
racion	(1,16672), (0,2243), (1,16838), (0,2230), (1,9879), (1,17047), (0,363), (0,2237), (1,16446), (1,9775)
zicatuna	(0,7887), (0,8000), (0,8130), (0,7941), (0,7862), (0,7847), (0,12538), (0,7884), (0,7948), (0,7980), (0,7789), (0,7821)
estadisticos	(5,2573)
tenaz	(5,245), (5,712), (5,5385), (5,430)
cuajarejos	(4,433)
nassau	(5,5743)
cogerlos	(1,406)
garantia	(5,2948), (5,585), (5,2185), (5,1582)
condensa	(5,6409), (5,4876), (5,3917), (5,5169)
renunciado	(5,1562)
adefesios	(5,6227)
bufete	(1,12185), (2,4189)
sobresaltos	(1,2808), (1,3320), (1,5465), (1,1499), (4,4350)
apetezcan	(3,2480)
incultos	(3,2898)
embaraze	(0,1827)
endiabladas	(2,5115)
atunes	(1,11589), (1,10791)
suave	(3,1122), (3,356), (4,6501), (4,1958), (1,18711), (1,11786), (1,18411), (2,6256), (1,15807)
temerosos	(1,8720), (3,1395), (5,3113), (1,4439), (0,7751), (1,5613), (5,4578), (1,4031), (1,13823)
tuvierades	(1,2888)
embarcado	(0,12032), (1,6611), (0,5859), (1,13753), (1,4364), (1,2846), (0,5854), (1,13279)
tiemblan	(1,8216)
hordir	(4,6522), (4,7823), (4,386)
avasallando	(5,1286)
embarazo	(0,7153), (3,2583), (5,2207)
aciagos	(2,1032)
aproximada	(5,5507)
ganara	(4,6901), (4,3449), (4,5674)
nicolini	(4,238)
proveydas	(0,4047)
rendidas	(1,1428)
recobraban	(5,3483)
correligionarios	(5,1820), (5,3437)
perpinan	(4,4915)
ramplon	(2,5650)
embarcada	(1,4194)
ayudandola	(1,3748)
definiciones	(4,7282)
agravado	(5,2869)
entrandose	(1,15966)
atractivo	(2,6657), (2,2948), (5,5683)
urnas	(5,3434), (5,1756), (5,3187)
tristeza	(2,2884), (5,7339), (1,13991), (5,7405), (5,4848), (2,7374), (1,7342), (2,1237), (5,4025), (2,6166), (1,11445), (5,7354), (2,3480), (5,6397), (0,8351), (5,2245), (5,4552), (5,4560), (2,3887), (1,15509), (2,4215), (1,2841), (1,6873), (2,6011), (1,14107)
vease	(5,5958), (5,3303), (5,3176), (5,201), (5,1355), (2,6056), (2,4460), (5,3122), (0,13488), (2,980), (5,7324), (5,5248), (0,13309)
clavos	(1,9858), (2,5668), (0,10019), (1,9765), (1,5097), (4,2367), (1,9836)
ranke	(5,8617), (5,6642)
calificativos	(5,6679), (5,7723)
deteniame	(1,16482)
compralas	(4,4407)
estranos	(1,4483), (1,14099), (1,14773), (1,10630), (1,13359)
paciente	(5,4149), (5,7676), (5,5871), (5,4513)
indisciplinado	(2,6306)
embocamiento	(0,10153)
mortis	(5,4697)
regalaria	(1,9549)
tendra	(2,2113), (1,9473), (1,898), (5,1958), (2,6564), (1,17572), (1,6318), (3,1713), (1,15952), (1,977), (3,471), (2,3832), (2,6232), (1,14935), (1,891), (2,5342)
remeros	(1,3299), (1,4358), (0,8135), (0,8139)
atentado11	(5,902)
patranas	(2,6863)
guerra	(5,676), (3,2018), (5,677), (5,1189), (2,2818), (4,8132), (1,17955), (3,2534), (3,2536), (5,428), (0,13383), (5,1197), (3,1515), (5,2734), (5,4526), (5,4783), (1,1325), (0,8268), (1,1326), (3,1777), (5,3508), (5,4533), (5,438), (0,1365), (5,6843), (5,444), (1,18746), (5,5823), (5,449), (0,5980), (5,708), (2,7458), (2,4391), (2,4392), (5,1485), (5,5325), (5,206), (2,4654), (5,2770), (5,2004), (5,3544), (5,5595), (5,6619), (5,988), (5,3549), (5,3805), (5,2015), (5,226), (5,3042), (5,3044), (0,6527), (5,997), (0,2689), (5,5606), (5,7142), (0,10625), (5,3560), (3,808), (5,1770), (1,6758), (5,3565), (2,4172), (5,242), (0,6542), (0,1935), (5,5881), (1,13429), (0,8853), (5,2812), (0,7577), (3,2110), (3,2366), (5,1027), (5,7429), (5,5129), (2,1128), (5,5131), (1,4488), (5,1806), (5,2830), (0,2474), (5,5648), (5,1302), (5,3351), (5,792), (0,10677), (3,601), (1,154), (2,5503), (2,5504), (5,298), (5,1325), (5,3373), (0,1737), (5,1585), (0,2003), (0,468), (5,1338), (5,5947), (5,7485), (1,3772), (5,5702), (3,392), (1,1734), (5,5194), (0,8421), (1,17355), (5,6995), (0,7665), (3,2709), (5,2392), (5,3417), (2,4022), (5,4700), (5,7004), (3,2717), (5,96), (5,5986), (5,1636), (0,10500), (3,2985), (5,2157), (3,2990), (3,2479), (5,4466), (5,5490), (5,6515), (5,116), (0,3343), (5,1398), (5,7286), (5,5495), (5,6263), (3,1211), (5,4477), (0,6938), (5,640), (3,1214), (0,6951), (5,8847), (0,9259), (0,7725), (0,1073), (5,3222), (5,8854), (4,8127), (4,8130)
discrepancia	(5,2803)
tendre	(1,1232), (1,1683), (1,2019), (1,12115), (1,13939), (1,17571), (1,11285), (1,16469), (1,15079), (1,8922), (1,14443), (1,12365)
tened	(0,1935), (1,18470)
cristinica	(1,601)
instantes	(5,7803), (2,1484), (2,4748), (2,2095)
demagogicas	(2,5428), (2,5463)
convertirla	(5,699), (0,8263), (5,2418)
inculto	(3,1219)
lexanas	(0,4853)
lijeras	(1,9355), (1,17518)
