mudo	(2,7905), (1,15873), (1,17027), (0,6051), (0,9606), (1,3947), (1,2638), (1,10831), (2,6836), (1,12726), (1,16600), (4,8348), (1,11004), (2,5022), (4,6178)
german	(4,3800)
particulares	(2,7361), (3,2790), (0,324), (5,1514), (1,6822), (0,1095), (0,5127), (5,4535), (3,2486), (0,148), (0,9172), (3,890), (3,1658), (1,1850), (5,5055), (5,7231), (0,3484), (0,3488), (0,4576), (5,6022), (5,4621), (5,4047), (2,1966), (0,12908), (5,1878), (0,4850), (0,1908), (5,1881), (3,670), (0,316)
dijiste	(1,2232), (2,2383)
generalizarlo	(3,201)
despender	(0,2574)
aberraciones	(2,1156)
bolver	(0,714)
embarcamonos	(0,10271), (0,10458)
without	(2,8065), (5,8936), (0,13955), (2,8134), (4,8968), (1,19111), (4,9037), (0,13836), (1,18989), (5,9010), (0,14031), (1,19058), (5,8888), (4,8920), (4,8921), (0,13782), (3,3258), (3,3322), (4,8988), (5,8957), (2,8287), (2,8351), (3,3138), (0,13856), (2,8167), (3,3084), (0,13737), (1,19211), (1,19275), (4,9135), (0,13803), (2,8113), (5,9110), (5,9174), (1,19091), (3,3158), (4,9017), (4,9211), (3,3036), (2,8187), (5,8990), (1,19037), (3,3105)
subyugaba	(2,6696)
buen	(1,2081), (0,8259), (1,10276), (1,16932), (0,4678), (1,6184), (1,16936), (1,7211), (1,15403), (1,16942), (4,1496), (2,3608), (0,3159), (1,4155), (1,10812), (1,9792), (1,17985), (0,6753), (2,2598), (5,7116), (2,7210), (1,2126), (1,15438), (0,11887), (1,7761), (1,18003), (0,10356), (1,12886), (0,1654), (2,6714), (1,15449), (4,6653), (0,5241), (0,7289), (1,8794), (1,9818), (2,3132), (0,8314), (0,11901), (4,1026), (0,5247), (1,9826), (1,11362), (1,2148), (4,7175), (1,15972), (4,2568), (0,7300), (0,7302), (1,4713), (1,17003), (1,1132), (4,5647), (1,4718), (0,3728), (1,9841), (4,4629), (1,18034), (1,1139), (0,5266), (1,6772), (1,11387), (1,15484), (0,5279), (1,9856), (0,1700), (2,3176), (1,1162), (1,9867), (1,15499), (1,18060), (4,7729), (0,8365), (4,7225), (1,4248), (0,10423), (1,15002), (4,5697), (1,2214), (0,3274), (1,6321), (1,2227), (0,11987), (2,662), (0,9943), (0,13528), (0,9949), (3,643), (1,18115), (0,3811), (2,2730), (1,2762), (0,4330), (4,4719), (4,5743), (0,5868), (1,14029), (0,5358), (1,11983), (1,10448), (0,4339), (1,5844), (1,9942), (1,11478), (0,1783), (0,248), (1,3802), (0,3833), (1,11486), (2,3776), (0,6910), (2,7362), (0,6913), (1,11492), (1,14052), (4,6281), (0,5381), (1,5351), (0,6918), (0,1805), (0,12046), (4,2195), (0,5391), (4,2199), (1,10996), (0,1814), (1,7416), (1,9465), (5,4223), (0,10522), (1,13051), (2,733), (3,2238), (1,1789), (1,15613), (4,2209), (1,15103), (1,3328), (2,3809), (1,14080), (5,6789), (1,10497), (2,739), (1,4866), (1,2819), (4,2217), (1,14086), (1,17670), (1,4361), (0,4904), (5,3217), (4,1713), (0,7469), (4,1721), (1,12056), (4,2749), (1,2331), (1,16156), (2,5374), (1,9502), (1,10014), (1,14623), (1,16671), (1,18722), (2,1796), (4,202), (0,2376), (1,17705), (0,7500), (4,6353), (1,1839), (0,6478), (2,2833), (2,5393), (2,274), (1,11057), (2,1813), (1,16692), (1,5942), (2,6423), (1,10038), (0,1880), (0,345), (0,2907), (1,11068), (4,228), (2,6434), (2,6946), (4,3813), (1,16194), (0,10083), (1,1863), (0,7015), (0,5481), (0,10089), (5,3281), (4,1778), (4,755), (0,4465), (1,9554), (0,5490), (4,1785), (1,2902), (1,9558), (1,6487), (0,8056), (0,4985), (1,18267), (5,7907), (0,6531), (1,14692), (0,8069), (1,3434), (0,5002), (1,1388), (2,2893), (4,3855), (4,5905), (0,1934), (4,3350), (2,1879), (4,2329), (2,2906), (0,7064), (0,1433), (1,3451), (1,1405), (1,18301), (0,9118), (4,1827), (2,1378), (0,3490), (0,10658), (1,13699), (0,4517), (0,3496), (4,5420), (0,10664), (4,1838), (1,6027), (2,4462), (0,5036), (1,1934), (1,17295), (2,1394), (1,18833), (0,10161), (0,6067), (1,3478), (0,3511), (2,3961), (2,1402), (0,8633), (1,8092), (1,18333), (1,6046), (0,11710), (2,1923), (0,3521), (2,4483), (0,7618), (2,1929), (0,8135), (1,6571), (1,9131), (1,16300), (1,15278), (1,13743), (1,6064), (1,6065), (1,6066), (1,950), (0,1495), (0,4567), (5,829), (2,7066), (4,2400), (0,8669), (0,13277), (4,4962), (1,17345), (1,18371), (2,5542), (0,10724), (1,17351), (4,3950), (1,8652), (1,17356), (1,9166), (1,14798), (1,1999), (5,6995), (4,6003), (1,16851), (0,4595), (4,7545), (5,7002), (0,7159), (0,4088), (0,10232), (1,8667), (4,2943), (1,7649), (1,13282), (1,7652), (1,13285), (1,7658), (1,13804), (1,1005), (1,12781), (2,2511), (1,17902), (1,6129), (1,2034), (1,15348), (4,2457), (0,3605), (0,4632), (1,3579), (0,7706), (0,4638), (0,5662), (0,10784), (0,10786), (4,424), (1,10245), (0,10791), (1,9738), (4,1966), (4,3502), (2,1006), (0,10285), (1,1552), (0,6191), (1,1041), (4,8628), (1,13330), (0,7733), (1,6168), (0,4664), (1,10265), (1,10266), (1,2075), (1,10267), (1,4124), (0,7227), (0,5180)
reluce	(1,15108), (1,16054)
pandolfa	(4,3055)
ugujeta	(4,2410)
muda	(0,5696), (4,2871), (1,13236), (2,3960), (4,4703), (1,18045)
suelto	(1,7712), (0,6402), (1,16676), (1,16677), (1,18152), (1,13356), (2,6098), (0,6197), (1,11222), (4,4923), (1,16667), (1,16827), (1,10524), (1,17055)
mude	(2,7267), (0,3620), (1,1064), (1,5994), (1,16091), (1,12110)
primitivos	(0,13016)
sonetillo	(1,8117)
capotillo	(1,15921), (1,12237)
consecutivamente	(1,12200), (1,16203)
whatsoever	(5,8980), (4,4), (5,5), (3,5), (0,13826), (2,5), (1,5), (3,3128), (0,6), (1,19081), (2,8157), (4,9010)
thus	(3,3363), (4,9254), (1,19316), (2,8392), (0,14072), (5,9215)
prevenia	(3,1234), (0,11953), (0,3144), (0,13001)
quietos	(5,3620)
catacumbas	(2,1748)
imprudente	(5,2804), (5,4197), (2,3876), (5,442), (5,1562), (5,2731), (2,4441), (5,1678)
derigido	(4,287)
deshonraba	(5,680)
airosamente	(5,4065)
benemeritos	(2,5273)
ofreciendo	(0,11953), (2,744), (0,3143), (2,4620), (1,18539)
much	(3,3333), (4,9222), (1,19286), (2,8362), (0,14042), (5,9185)
subditos	(4,8259), (3,567), (1,17352), (0,1368), (0,4860), (0,3437), (0,926)
edicto	(5,5834), (5,542)
membrillos	(4,5427), (4,437), (4,3990)
entreabiertos	(2,7938)
cuaderno	(3,2275), (3,2499), (3,2855), (3,2058), (3,2538), (3,2443), (3,2316), (4,2350), (3,2446), (3,2638), (3,2159), (3,2383), (3,1872), (3,2928), (3,2065), (3,2546), (3,2803), (3,2426), (3,2364), (3,1983), (3,2144)
jaurias	(5,545)
prencipales	(0,4761)
deshiciesen	(0,10703)
ciceron	(2,2657), (2,3844), (2,2760), (2,2121), (2,3755), (2,4587), (2,2573), (2,2062), (2,3088), (2,3408), (2,2611), (2,2806), (2,2103), (2,4407), (2,3448), (2,5688), (2,2426), (2,2714), (2,2174), (2,4415), (2,2272), (2,2816)
combes	(0,2298)
enjaezado	(1,11358)
prevenir	(5,2420), (2,5826), (1,10642), (5,2279), (3,2615), (1,14966), (1,9626), (1,16298), (5,7073), (5,2947)
moxies	(4,432)
impecable	(1,17654)
committed	(3,3330), (4,9219), (1,19283), (2,8359), (0,14039), (5,9182)
levantes	(1,3161), (1,3358)
deshonrado	(1,15200), (5,5965)
sacrifican	(5,2863)
veina	(4,1083)
captandoles	(3,2658)
legisladores	(1,1669), (5,467)
digamos	(4,854), (1,1295), (4,6130)
sacrificar	(0,191), (5,1396), (2,1618), (2,2339), (5,3083), (2,6761)
suelte	(2,4639), (2,3936)
vestigios	(5,4008), (2,262), (5,2250), (3,78), (5,4226)
buey	(4,1213), (4,7070), (1,15421), (1,17021), (1,17022)
levanten	(1,8734)
suelta	(2,6100), (1,1684), (4,7143), (2,5622), (1,13030), (0,790), (1,3000), (1,9752), (1,14060)
union	(5,1957), (5,3557), (5,3494), (5,3497), (5,173), (5,302), (5,2288), (5,955), (5,188), (5,3452), (5,3518), (5,4478), (5,1279), (5,1792), (2,2014), (5,322), (5,2947), (0,13278), (5,772), (5,3334), (5,1351), (5,2439), (5,3535), (5,1616), (5,3282), (5,660), (5,1748), (5,341), (5,221), (5,3486), (5,287), (5,416), (0,509), (5,2274), (5,3106)
deshonrada	(1,8918)
recordacion	(5,528)
limpien	(4,7603)
lustrosos	(5,321)
fatigandome	(4,1444)
esteros	(3,2003)
bolvio	(0,722)
hechizo	(5,6084)
indisputable	(5,3094), (5,6603), (5,1037)
digerida	(5,7841)
excitarlo	(5,2034)
ruines	(4,4372), (4,1579), (1,1485)
novel	(2,5194), (2,5662)
perderia	(3,1556), (0,3228)
bracon	(2,6661)
descripcion	(3,1138), (0,11984), (0,3602), (5,6411), (5,4764), (3,1163), (3,2300), (5,5747)
descomunales	(1,5140)
derrotamiento	(0,2640), (0,2473)
novit	(1,8425)
punadas	(2,838)
murmuro	(2,4580), (2,6182), (2,7782), (2,1352), (5,876), (2,1517), (2,5901), (2,1043), (2,6582), (2,7606), (1,16729), (2,891), (2,5920), (1,17599)
murmura	(1,8484), (1,16500)
ofrecersele	(1,3786)
atildados	(5,4813), (2,3870)
cuidadosos	(3,1398)
dispensados	(5,4583), (5,4090)
explicarse	(3,1899)
murmure	(1,16760), (1,16856)
quicio	(1,9680), (1,9778), (1,9764), (1,10014)
consumieran	(5,6384)
empalizada	(2,7690)
llamadas	(5,3672), (2,1356), (0,12954), (0,221)
perderan	(1,8229)
dexallos	(4,8067)
manifestar	(1,6161), (3,1961), (1,4663), (5,7517), (2,3308), (0,1755), (2,462), (0,1740), (0,9116), (0,4557), (2,2352)
buio	(0,9069)
holgazan	(2,1750), (1,10504)
librote	(2,2306)
apercebi	(1,7503)
provisiones	(0,1695), (0,2818), (0,1220), (0,2664), (0,1226), (0,5546), (0,2731), (0,1964), (3,2479), (0,149), (0,2647), (4,4735), (3,2463)
encarcela	(2,2206)
combatido	(1,17712), (4,8261), (1,6437), (4,5996), (5,5043)
dareis	(0,5345), (0,5187), (0,1703), (0,4424), (0,4588), (1,11981), (0,3118), (0,2095), (0,3090), (0,2099), (0,4948), (0,2101), (0,5365), (0,4502), (0,4759), (0,4536), (0,1945), (0,4317)
explicarte	(2,3331)
ciento	(0,9987), (0,3652), (0,4167), (1,5352), (0,520), (1,2603), (4,8402), (0,10447), (0,5140), (0,11732), (0,1239), (5,7613), (4,5406), (1,7548), (5,3393), (0,9564), (5,6660), (0,3232), (0,3616), (4,421), (0,3617), (0,8609), (1,9414), (0,1126), (4,6890), (0,10726), (0,8103), (1,9481), (5,3150), (0,11753), (1,10827), (4,4463), (1,17292), (4,4721), (0,5168), (1,8209), (4,2102), (4,2107), (4,1340), (4,896), (0,5820), (5,7586), (3,289), (5,7587)
debilmente	(5,6920)
mortales	(1,14179), (1,3060), (2,462)
esteril	(5,454), (1,8147), (5,3114), (3,1033), (5,6379), (1,328), (3,1050), (3,270), (5,6768), (2,6207), (5,5811)
atribuyendolo	(5,7687)
inferiores	(4,6826), (4,7579), (5,1697)
rurosal	(0,10024)
aldeas	(1,2192), (1,932)
sabello	(4,5717), (4,1792)
ofensiva	(3,2710)
favoreciendoles	(1,4387)
wendell	(5,5954)
aretino	(4,134), (4,142)
tenemos	(2,130), (0,1472), (4,8005), (4,4806), (4,712), (4,4936), (4,3147), (2,2827), (4,3533), (1,16300), (0,2252), (0,13137), (1,10291), (2,2838), (0,2261), (1,5046), (1,5048), (1,9912), (0,3931), (1,5181), (3,1409), (0,9311), (1,17856), (4,229), (0,1123), (1,1604), (2,6825), (1,5705), (2,556), (1,12620), (2,7087), (0,10990), (2,5046), (1,6359), (2,2363), (1,1627), (4,2432), (3,1443), (0,2945), (1,11362), (4,7174), (3,2219), (2,3786), (4,8080), (5,6898), (2,4561), (4,6291), (1,1649), (1,1650), (2,2899), (0,3092), (4,7449), (4,6300), (0,921), (1,4734), (1,16254), (1,1408), (1,16256), (4,5540), (0,9378), (1,5254), (2,874), (1,780), (1,17806), (4,178), (1,5263), (0,13616), (0,3126), (4,1983), (4,4288), (4,578)
siesta	(2,7570), (1,12709), (1,18134), (4,8698), (2,7545), (1,12712), (4,2592)
libros1	(2,964)
obsolete	(5,9142), (0,13987), (3,3290), (1,19243), (4,9167), (2,8319)
exaltandose	(5,5845)
enxuta	(4,470)
octubrepuerto	(0,2159), (0,2068), (0,1981)
cumpliendole	(0,1456)
examenes	(5,4644), (5,4165), (5,3736), (5,4522), (5,1154)
honrosamente	(5,2532)
viicampana	(5,8835)
cugnet	(2,5288)
excitaron	(3,168)
combatida	(1,3061), (2,615), (1,12568)
granjear	(1,4002), (1,16005), (1,8631), (1,1208)
levantar	(1,5540), (1,14660), (1,17670), (2,1737), (5,3020), (1,969), (0,2602), (1,6795), (2,368), (5,2169), (4,1883), (1,13048), (1,10297), (1,4346), (1,6843), (4,6016), (2,1087), (1,6334)
visiones	(1,15817)
fuesele	(4,6755), (1,17910)
levantas	(1,11185), (1,10389), (1,3112)
escesivo	(1,4047)
grabarme	(1,131)
levantan	(1,6512), (1,17348), (0,153)
tornolo	(0,10642)
volbia	(0,7418)
leonardo	(1,13280)
novia	(2,3958), (2,5670), (2,2938), (5,7437), (2,2942)
suelos	(3,745)
defraudadas	(5,366), (1,11919)
ordenar	(0,607), (5,3783), (4,4300), (1,15885)
retiremonos	(2,4984), (1,16236)
limpias	(1,16416), (1,11073), (1,17092), (1,4616), (0,4460), (1,302)
novio	(4,5907), (2,5777), (2,5778), (4,5559), (2,5782), (2,2954), (5,7437)
proveheran	(0,5387)
magazine	(5,8103), (5,1948)
careciendo	(2,3143)
desechados	(1,16663)
quietud	(5,4628), (1,16819), (1,4517), (1,9445), (5,1050), (1,16923), (0,3355), (0,5259)
desfiladeros	(5,5293), (5,1299)
volbio	(0,10415), (0,6464), (0,10802), (0,8665)
aconcha	(1,7682)
dibujaban	(1,16788)
dilatase	(4,8478)
desque	(0,5050)
dudaron	(5,2661), (1,6241)
combatian	(1,14208), (1,9428)
ensayos	(0,13044), (5,4495)
approach	(2,8371), (0,14051), (5,9194), (3,3342), (4,9231), (1,19295)
precursor	(2,2002), (5,5173), (5,2543)
acuerdese	(1,6738), (4,4633)
vivan	(1,10978), (1,4531), (2,5492), (4,2279), (1,3093), (2,5558), (2,172)
colocamos	(5,6904)
lombardero	(0,9969), (0,10626)
complacencias	(2,7779)
musicas	(1,1616), (5,2084), (1,11872), (1,11553), (1,11223), (1,7304), (1,11214), (1,12335)
proyvidas	(0,1343)
musical	(2,4106)
vivas	(3,2258), (4,5363), (1,482), (2,1204), (5,1287), (2,326), (2,1081), (5,3964), (4,6171), (4,4429), (5,3711), (1,428)
patrocinarlo	(5,720)
combiene	(0,9051)
villalar	(5,6629)
gavia	(0,6304), (0,11845), (0,9768), (0,906), (4,4562), (0,11408), (0,243), (1,6649), (1,6460), (0,893), (0,9757), (0,10077), (0,10493), (0,9822)
mula	(1,1763), (1,13284), (4,4552), (2,136), (1,9513), (4,4493), (1,11884), (1,1523), (1,5753), (1,1535), (1,1539), (4,4390), (4,4391), (1,1542), (1,10951), (4,1517), (1,1548), (1,10828), (1,13580), (1,1677), (1,17359), (1,8209), (1,13393), (1,1557), (1,9879)
altura74	(0,6035)
contrahacerme	(4,6109)
arregladita	(2,5739)
embiado	(0,5717), (0,2870), (0,6150), (0,8487), (0,7465), (0,1083)
empiezan	(2,838), (2,2106), (2,190)
rescivirian	(0,983)
villalba	(1,85)
requirimientos	(0,526)
suprimiendo	(5,6260), (5,6937), (2,368)
albanil	(2,4613)
relatarse	(5,5900)
covos	(4,6144)
tibi	(4,8476)
castillos	(2,4965), (4,1662), (1,4236)
paralelo	(5,165)
absolviendolo	(5,3857)
enfardelame	(4,3913)
pensador	(5,4853), (5,4795), (5,5022), (5,5170)
veninos	(4,4073)
abaxar	(0,5688)
maquinaban	(5,603)
sobrara	(1,9776)
infima	(5,7778)
asaltos	(5,677), (3,1255), (1,7685), (1,16571)
sacrificio	(2,6833), (5,3541), (5,5926), (2,164), (2,6276), (1,7075), (5,5258), (2,7319), (2,7495), (2,7241), (2,1056)
tragamalla	(4,3186)
patrioticamente	(2,5634)
abaxan	(4,2519)
isturiz	(2,4391)
corregidores	(0,1804)
aplagaban	(4,7051)
particularly	(1,19280), (2,8356), (0,14036), (5,9179), (3,3327), (4,9216)
dareos	(4,6133)
aguerrida	(3,1941), (2,185)
remotas	(5,3258), (1,524)
canencia	(2,1929), (2,2826), (2,1932), (2,2509), (2,2318), (2,2067), (2,2518), (2,1881), (2,2777), (2,2718), (2,2274), (2,1892), (2,2149), (2,4908), (2,1773), (2,2733), (2,1906), (2,1587), (2,1780), (2,1845), (2,2807), (2,2427), (2,2429), (2,1791), (2,1920)
aguerrido	(5,5792)
aranose	(1,8708), (1,17178)
loreto	(1,7808), (1,7769)
votaban	(2,2324)
esterilidad	(1,1646), (1,783)
ardentisimos	(1,6153)
arzipielago	(0,2686)
ordenes	(5,5479), (2,133), (5,5513), (3,2441), (2,137), (1,1704), (3,2478), (5,5488), (5,5490), (5,2612), (2,3895), (3,2361), (3,2650), (3,891), (3,1403), (2,5722), (1,6041), (5,3615), (2,7581), (2,3936)
palabra	(2,1795), (0,8769), (1,15651), (5,1450), (1,6950), (2,1289), (0,13640), (2,1547), (1,6187), (1,7467), (1,16173), (4,5073), (1,6960), (4,8405), (5,439), (5,1975), (1,14389), (2,6935), (1,1336), (2,6427), (5,4031), (2,6428), (1,15675), (2,7709), (1,3389), (2,6686), (1,17471), (1,13120), (2,6182), (2,4392), (1,13897), (1,14921), (1,15434), (2,7473), (5,214), (3,2324), (1,13906), (5,472), (1,10582), (2,825), (2,5689), (2,4156), (4,255), (2,1342), (1,3167), (5,6628), (5,4581), (1,14951), (5,3564), (1,13161), (1,16745), (2,587), (5,1009), (0,13197), (3,817), (1,12403), (1,13173), (1,18550), (1,9081), (1,8827), (2,2146), (1,7041), (1,14723), (4,3367), (1,10120), (2,5226), (1,15244), (2,4206), (1,1167), (2,5232), (2,6512), (1,15247), (5,2068), (2,2674), (2,5234), (0,7858), (1,13972), (1,1942), (2,1400), (1,8855), (1,10648), (4,316), (1,18073), (5,5918), (1,13466), (1,18590), (1,18079), (2,1410), (1,11681), (1,10658), (0,195), (0,13510), (5,4656), (1,11436), (1,12463), (1,6321), (2,4243), (5,4406), (1,15538), (4,3927), (1,12724), (5,4154), (1,14006), (1,11964), (1,11965), (0,2525), (0,7135), (1,15554), (1,6853), (0,13031), (1,15560), (2,1706), (4,3692), (1,15051), (1,15563), (2,4525), (5,3922), (1,13518), (4,882), (1,13007), (5,2644), (1,9939), (0,2037), (2,5303), (2,6847), (1,5855), (1,6370), (1,5859), (1,6887), (2,2505), (5,4462), (5,1395), (1,2799), (4,2195), (2,5587), (1,5107), (1,18931), (0,6678), (1,7159), (1,9975), (1,17655), (1,7417), (2,5596), (1,12284), (1,4861), (1,12543), (5,2692), (1,15616), (2,4578), (0,10785), (2,484), (5,5511), (0,7714), (1,15619), (3,1480), (5,5259), (0,2090), (4,8366), (1,15627), (5,6288), (0,6443), (5,2450), (1,18446), (3,977), (4,5810), (2,4085), (1,6933), (1,10262), (1,15638), (4,1979), (1,4120), (0,2360), (2,7931), (2,5372), (1,9243), (1,11547), (0,2108), (2,2558), (2,5374), (1,6429)
volber	(0,10272), (0,8673), (0,8934), (0,8520), (0,8680), (0,8652), (0,6189), (0,8173), (0,6806), (0,6838), (0,6840), (0,8667), (0,8284), (0,8381)
embiaba	(0,8497), (0,7490), (0,6888)
entity	(0,13952), (3,3078), (1,19205), (4,9130), (1,19208), (4,9132), (2,8107), (5,9104), (5,9107), (0,13775), (3,3252), (3,3255), (1,19031), (2,8281), (2,8284), (5,8930), (0,13949), (4,8962)
esteras	(1,16145), (1,5381), (1,5098), (1,16236), (1,16301)
efectivamente	(5,2388), (5,6471), (5,2800), (0,13547)
ejercito	(5,5412), (2,7745), (5,3430), (1,3939), (5,5479), (5,5799), (5,6634), (1,7976), (5,1326), (5,5359), (5,5487), (2,7565), (5,5619), (1,5680), (5,7477), (5,5495), (3,1787), (2,6306), (2,5283), (2,7011), (4,166), (2,870), (1,6405), (2,2794), (5,5467), (5,2780), (5,5788), (1,603), (2,1212), (2,2048)
fatigado	(5,5752), (2,2895)
carcel	(2,7681), (1,11424), (2,5762), (2,4739), (2,7556), (1,5285), (1,8357), (2,4232), (2,1418), (2,7434), (1,2475), (2,6412), (2,6540), (1,11438), (2,1937), (2,7569), (2,7697), (1,18864), (2,1939), (1,18866), (2,4633), (2,6553), (2,7577), (2,7705), (1,2748), (2,7586), (1,11457), (2,7715), (2,6052), (1,18883), (1,17094), (2,7081), (2,1322), (2,5547), (2,2222), (1,17102), (2,6064), (1,12753), (1,18897), (2,6068), (1,12755), (5,3800), (2,6966), (2,6201), (2,5691), (2,6587), (1,1628), (2,4285), (2,8004), (1,11491), (1,17127), (2,7242), (2,2892), (2,3917), (2,7757), (2,8015), (2,7248), (1,11504), (2,4306), (2,4690), (1,17148), (1,17276), (1,2685), (2,3039), (2,4576), (2,1252), (2,5093), (2,5096), (2,7529), (2,7787), (2,1133), (2,7279), (2,1393), (2,6514), (1,17944), (1,17178), (2,1404), (4,5054), (1,17180), (2,1408), (2,6528)
embiais	(0,1244)
arrepentimiento	(1,1041), (1,15746), (1,16757), (1,5558), (2,6041), (1,8825), (1,2218), (1,13244), (1,16493)
fatigada	(1,12420)
armamento	(0,555)
ejercita	(1,12235), (1,6028)
cuitas	(5,4545)
conciertan	(1,17199)
resoluta	(1,4210)
usareis	(0,1677), (0,4526)
alpiste	(2,3729)
void	(0,13968), (3,3271), (1,19224), (4,9149), (2,8300), (5,9123)
coetaneas	(0,193)
ritual	(2,1863), (2,1759)
hondamente	(2,4002), (2,6164), (2,4342), (5,6957)
feligresas	(4,4746)
dimosle	(0,10480), (4,2357), (0,9292)
efectuaba	(2,933)
incompletos	(5,2045)
unira	(2,5283)
explicarlo	(5,4014)
cohechado	(1,17022)
jubiladas	(4,2939)
xiila	(5,8847)
musa	(2,4129), (2,4130), (2,4131), (5,6427), (1,11705)
volo	(1,8961), (1,1845), (2,5788)
estacada	(3,2392), (1,2397)
reforzar	(1,3285), (5,669)
cribelos	(1,15110)
cucapa	(3,233)
explicarme	(2,526), (2,3328)
llameis	(1,10790), (1,5178), (4,6766), (4,2434)
muro	(3,947), (2,5859), (1,5606), (3,1305), (3,1354), (3,1340), (2,7645), (3,1296)
odonnell	(5,8534), (5,4537), (5,3773), (5,2558), (5,4530), (5,3779)
fatigaba	(1,13210)
atestaciones	(3,2122), (3,191)
contrahacer	(1,10211), (1,11014)
ilustrada	(0,13026)
bringas	(2,3637)
recuerda	(5,7060), (5,4791), (5,4344), (5,780), (5,6317), (0,13673), (0,266), (5,6687), (5,1248), (2,5613), (3,2161), (5,5123)
craneo	(2,5976), (5,881)
raices	(2,689), (5,4852), (2,3170), (4,7604), (5,4278), (1,15860), (5,5873), (1,6159)
acrescentar	(0,9517)
volteriano	(5,5247)
ruinas	(3,1474), (5,6405), (5,6453), (1,2914), (5,8647), (1,2886), (5,4762), (2,7015), (3,1498), (3,2205), (2,5021)
campean	(2,1575), (1,16811)
dudarse	(3,2903), (2,6662), (3,1866), (3,2123), (3,192)
picarillo	(2,2733)
confidente	(2,1140), (5,440)
iiel	(5,8820)
recuerdo	(2,1057), (5,4453), (4,8169), (2,1800), (5,5198), (5,3761), (4,5969), (2,4560), (0,751), (2,2961), (4,5971), (4,6355), (2,2962), (5,4597), (5,4854), (2,6227), (4,2072), (5,3353), (2,7992), (5,1020), (5,2397), (2,3485)
acudiesen	(5,1613), (0,6173)
recuerde	(5,1152)
acompanandolas	(3,1663)
continuamente	(3,642), (0,2453), (5,5818), (3,1150), (3,817)
juegue	(0,2292), (1,16682)
farsantes	(2,1861), (2,5513), (1,18076)
hiperbolicas	(5,4390)
pechuga	(1,12969)
escusaria	(1,16881)
luminosa	(5,1973), (2,1671)
europea	(5,5018), (5,5882), (5,450)
sueldo	(5,1079), (5,6024), (0,4276), (0,3221), (5,6586), (1,15126), (3,649), (2,5640), (0,4391), (0,4394), (3,2993)
aplicada	(5,1764)
bellaco	(1,7970), (1,5508), (4,5961), (1,17767), (4,7787), (1,2442), (4,7981), (4,8174), (4,4560), (4,3542), (4,1658), (4,6106), (1,17431), (4,4604), (4,5151), (2,7424)
comare	(4,1064)
quemara	(0,8610), (0,10701)
enfermos	(4,180), (0,3635), (4,5383), (1,16292), (0,11590), (1,18120), (0,2266), (1,18203)
evento	(5,1480), (2,7430)
inhabitable	(3,624)
proveherse	(0,4840)
aplicado	(5,2869), (5,3984), (5,2161)
diablillo	(2,6105)
events	(5,7403)
ravegnano	(4,487)
campeon	(5,312), (2,791)
alabarderos	(2,6387)
defraudador	(1,13142)
caritativamente	(5,7785)
reusaron	(0,8980)
residencia	(1,898), (0,1217), (5,2342), (0,13025), (1,2980), (1,3429), (4,169), (1,2984), (1,2990), (5,5619), (0,1264), (5,2806), (0,1107), (5,5688), (5,6296), (5,3258), (0,1110), (5,7069), (1,3836), (0,13214)
lobrega	(4,953), (1,11079)
sueles	(1,10987)
sabrosas	(3,377), (2,3817), (1,9563)
suelen	(1,14305), (3,2021), (0,4930), (1,932), (1,165), (1,10662), (3,105), (1,9449), (0,1227), (1,9069), (1,14381), (1,17325), (3,1008), (1,3822), (1,4655), (0,5011), (0,5395), (3,1015), (1,13301), (1,2936), (1,3257), (0,1625), (0,3993), (1,1147), (3,1406), (0,2653), (1,16259), (1,16261), (1,6919), (3,330), (0,4456), (1,4617), (1,2123), (0,5290), (1,4492), (1,8781), (0,4916), (0,9077), (0,5238), (1,7063), (1,856), (1,11032), (1,9179), (1,9630), (1,16863)
adelantaron	(1,14237)
emigrados	(5,7065), (5,5147)
vols	(5,7215), (5,5650)
must	(4,9027), (3,3172), (5,8999), (2,8198), (2,8201), (0,13897), (0,13770), (3,3188), (1,19122), (4,9048), (1,19125), (2,8217), (4,9051), (5,9021), (0,13912), (5,9024), (3,3199), (3,3073), (2,8228), (2,8102), (1,19141), (4,9068), (5,9040), (3,3215), (1,19152), (1,19026), (2,8244), (4,9078), (5,9051), (5,8925), (4,8957), (0,13818), (0,13948), (1,19168), (4,9093), (5,9067), (3,3120), (0,13838), (3,3251), (2,8149), (0,13845), (2,8280), (1,19073), (3,3140), (1,19204), (4,9129), (2,8169), (4,9003), (5,8972), (3,3147), (5,9103), (0,13867), (2,8176), (0,13870), (1,19093), (4,9020), (5,8992), (1,19100), (3,3169), (0,13886)
arrastrara	(2,2764)
bellaca	(1,17843), (1,18858)
aplicaba	(5,3867), (5,2733)
abrazaronse	(1,2156), (1,13276)
retener	(2,4696)
antinomias	(5,4924)
desmedido	(2,5182)
reside	(0,4979), (0,7555), (0,1012), (5,6652), (0,3068), (0,4238)
aconsejole	(1,12161), (1,12296)
parientes	(1,1698), (1,4579), (1,14115), (4,712), (1,13029), (2,971), (4,4877), (1,4459), (1,6770), (4,1430), (3,1911), (1,2040), (1,3130), (1,14077), (2,2911), (1,16001), (1,7170), (1,9154), (1,2372), (5,7433), (1,15431), (1,15817), (1,10829), (1,6995), (1,1112), (1,93), (1,6301), (1,350), (1,6238), (1,8798), (1,14238)
recitantes	(1,18072)
descastado	(5,6923)
dilema	(5,1992), (5,1965)
protegerse	(2,1729)
desechadas	(2,955)
ovedientes	(0,2095), (0,2091)
6370	(5,8676)
juegos	(1,576), (2,4147), (1,4578), (5,3243), (1,8584), (1,8586)
proveen	(4,3510), (3,1334), (3,1161), (3,379), (0,3529), (3,1021), (3,2113)
desmedida	(1,3011)
meramente	(5,3001), (5,4509)
canonigo	(4,6723), (4,3205), (4,3269), (4,6725), (1,11650), (1,836), (4,8711), (1,18342), (1,18790), (4,3371), (4,2380), (4,3788), (4,3228), (4,3231), (4,3775), (1,4862)
profesado	(3,1876), (0,8856)
farmacia	(5,3953)
adelantarla	(3,2575)
quietar	(4,8242)
guarismos	(2,2430), (2,2510)
proveer	(0,1568), (0,3744), (0,1219), (0,3783), (0,9164), (0,1837), (0,5773), (5,3956), (0,1104), (0,5840), (0,3765), (0,3608), (0,985), (0,3770), (0,5434), (0,9178), (0,9275), (0,1821)
castanetas	(1,305), (1,11688)
interinamente	(5,5397)
organizose	(2,1088)
semana	(2,257), (4,8004), (4,5190), (4,7398), (5,7463), (1,10725), (2,4071), (4,7884), (0,2314), (1,16588), (5,3921), (5,4118), (4,4790), (1,5907), (4,7576), (1,5047), (4,7840), (2,256), (1,1503)
doncellez	(1,18797)
zapato	(1,15109), (1,8346), (1,590)
costee	(0,9948)
desconsolados	(1,6118)
disparase	(0,8457)
atezarle	(1,18567)
disparate	(1,160), (2,2646), (1,17802), (1,16188)
iiii	(0,11757)
luminoso	(5,5336), (5,2000), (5,5281)
desacorde	(2,104)
papagayo	(1,7728)
nacian	(1,12273), (1,10854), (1,11083), (5,3089)
adelantarme	(1,17360)
conventos	(5,3689)
pretendieron	(3,920)
proveheros	(0,4636)
rotundamente	(5,2395), (5,5229)
escusarme	(1,126)
ambiciosa	(5,2148)
ambicioso	(2,882), (2,1794), (2,3459), (5,6632), (5,3134), (3,1377)
sugetado	(3,460)
jubileo	(1,5061)
xenora	(4,3242), (4,3246), (4,3250)
quejaste	(1,18236)
regumque	(1,8095)
librando	(2,2275), (2,4751)
infimos	(4,8192)
escusarlo	(1,18739), (1,1771)
nacido	(5,1579), (1,12520), (2,1681), (1,1329), (5,1719), (4,6873), (1,6136), (5,6977), (1,8964), (2,1703), (1,11206), (1,13063), (1,651), (5,1999), (5,7441), (1,7822), (1,4114), (5,1431), (1,12247), (1,14039), (1,10776), (0,3130), (5,1313), (1,2589), (2,3838), (0,13308), (1,9375)
pensadas	(4,6988), (4,590)
leche	(4,4531), (4,7251), (1,15537), (1,16450), (1,14659), (4,6745), (1,16743), (1,11883)
solicitemosla	(4,4292)
suelas	(1,11250), (1,4605)
evitando	(2,6276), (5,1273)
asociarse	(5,1696)
enumerados	(5,4864)
reducirselos	(2,4597)
nacida	(4,933), (4,3496), (5,2538), (1,15110), (1,999), (1,14376), (4,3404), (5,3310), (1,13452), (1,14637), (1,274), (1,14360), (1,10650), (1,6139), (4,6593)
viuda	(1,12705), (1,10723), (4,5736), (2,7048), (4,1931), (1,12431), (2,3634), (4,985), (1,7351), (1,2712), (2,2524), (2,1533), (5,1314), (1,2367)
lecho	(4,5961), (1,1899), (1,10539), (1,14763), (4,6097), (1,14512), (1,14133), (1,12919), (1,15928), (1,8831), (4,6756), (2,7078), (1,8838), (1,6216), (4,6447), (1,13006), (4,2612), (4,3189), (1,7122), (1,8851), (4,2615), (1,13078), (4,5242), (4,4027), (1,14686)
presente26	(5,2172)
mostraronse	(1,10880)
perderse	(5,1780), (1,9265), (1,3306), (1,6638)
abertura	(1,5131)
besamiguel	(0,4101), (0,9191), (0,5848)
lazareto	(5,4435)
atahualpa	(3,2182)
lobatones	(2,2348)
tino	(5,4405), (5,6277), (5,7766), (2,3223), (5,1084), (1,18585), (1,8442)
reconciliar	(4,5511)
voto	(2,4353), (5,421), (5,5926), (1,12450), (5,3239), (4,8135), (5,1322), (1,4135), (4,7756), (4,5714), (4,2777), (1,7350), (1,14134), (4,4571), (1,12473), (5,1854), (4,4573), (4,4959), (4,7264), (4,4328), (4,6632), (4,5356), (4,6637), (4,3438), (4,4593), (1,14159), (4,5883), (4,1149), (5,3295), (4,4480), (4,5122), (4,4617), (4,6410), (5,1261), (4,3340), (2,6732), (5,6001), (4,2454), (4,4760), (1,11894), (4,2844), (4,7326), (5,768), (4,2719), (1,5757), (2,5601), (4,2724), (4,4902), (4,3495), (1,18436), (5,4747), (4,4015), (5,5908), (5,149), (5,407), (5,5913), (4,6591), (4,4288), (5,3233), (4,6720)
descargaba	(0,8527)
effort	(0,13920), (3,3333), (4,9222), (3,3223), (1,19286), (1,19176), (2,8362), (4,9101), (2,8252), (0,14042), (5,9185), (5,9075)
opuestas	(5,5046), (5,1052), (5,3116), (5,2287), (5,3281), (5,3617), (5,3330)
adjudicarme	(2,1091)
parientas	(4,771), (4,3091), (4,8660), (4,5973), (4,671)
serviremos	(1,4762)
descuidados	(0,5222), (0,4605)
galicianas	(4,3012)
ignominias	(2,7709)
proporcionar	(3,560)
retenia	(4,8243)
vota	(5,1205)
hicimos	(0,9632), (1,2084), (0,10467), (0,10917), (2,1320), (1,7567), (0,10927), (0,9424), (0,11216), (1,12433), (0,9588), (0,11286), (0,10552), (2,1051), (0,11289), (0,13533), (0,9438)
proporcionan	(2,2459)
proporcional	(5,1217)
tine	(4,877)
jacob	(1,17959)
provean	(3,2914)
vote	(2,2259), (2,2309), (2,2280)
tina	(4,2291), (4,2203), (4,2271), (4,2287), (4,2303)
postigo	(1,18711), (1,5998)
profesaba	(1,10853)
jacom	(4,4856), (4,4862)
doncellas	(4,1027), (1,11936), (1,12896), (1,14307), (1,10277), (4,1034), (1,10215), (1,13419), (1,14253), (4,785), (1,3120), (4,1173), (1,13618), (1,243), (1,10099), (1,1591), (1,10231), (1,14265), (1,1594), (1,18939), (1,9989), (1,10248), (1,9546), (1,17484), (1,7374), (1,9616), (2,6131), (1,725), (1,9237), (1,9561), (1,2586), (4,1151)
poleos	(1,17131)
instruyeron	(5,2791)
hermandad	(2,497), (2,1749), (2,1734), (2,2726), (4,6332), (1,5610), (2,525), (1,5196), (0,4860)
valdemorofeliu	(2,4370)
candelillas	(1,6079)
musicos	(1,11232), (1,5762), (1,11235), (1,9351), (1,9671), (1,18507), (1,18509), (1,18479), (1,18385), (1,8534), (4,8219), (1,8536), (1,18394), (1,14299), (1,11868), (1,18398)
santaque	(1,8097)
descuidadas	(1,5804)
tipo	(2,3224), (5,7372), (5,7359), (5,1426), (5,7379)
youll	(0,13829), (0,8)
dieran	(1,851), (1,18003), (2,6970), (1,11865)
adjudicarse	(2,2784)
electoral	(5,261), (5,3398), (5,1869), (5,1454), (5,7252), (5,3381), (5,1208), (5,2488), (5,1915), (5,3419), (5,1213), (5,1571), (5,8835)
zarabandas	(1,283), (1,11677)
pueriles	(1,2554)
empanada	(4,2903), (4,2906)
causantes	(3,1638)
sloop	(3,2346)
experimentaban	(5,693), (0,540)
carbon	(4,2163), (4,2164), (4,4087), (4,7514), (4,7517), (4,2399), (2,6125), (4,1568), (4,7520), (4,8000), (4,5665)
soliman	(4,6259), (4,2021), (4,8008), (4,681), (4,6094), (4,1008), (1,3454)
tomarian	(0,8225)
filidas	(1,16525)
ofendiste	(1,8793)
indudable	(2,4498), (5,135), (2,2036), (5,2583), (2,2046), (5,1491)
valerosamente	(5,2782)
estabamos	(0,11586), (2,1063), (4,6057), (0,6248), (4,397), (0,6761), (0,7209), (0,6891), (1,2094), (4,5591), (0,6260), (0,6294), (0,8086), (0,6969), (1,4030)
comprarles	(3,1578)
pueblezuelo	(0,6825), (0,6141)
canonice	(1,8694)
extraviada	(5,3849)
arrogante	(1,4098), (1,6914), (2,2974), (2,3198), (1,3101)
tios	(1,9013)
metropolitana	(5,2604)
remotos	(5,7414), (1,13604), (5,1977)
volara	(1,11415)
horadar	(2,3255)
encierra	(2,356), (1,11747), (5,6121), (1,10789), (5,4875), (2,844), (1,16431), (1,11730), (1,11765), (5,7834), (1,11708), (1,10269), (1,10239)
incesto	(1,4913)
sobraba	(5,164), (1,17505), (4,2143), (1,9564)
tiro	(1,4257), (0,7493), (4,523), (4,4173), (0,7499), (0,10838), (0,10391), (2,5087), (0,8606), (2,6945), (0,8607), (1,13120), (0,13151), (1,15424), (1,17088), (0,6126), (0,12911), (0,8947), (0,6324), (0,9076), (2,1463), (0,6134), (1,10775), (0,7165), (4,8578)
repletas	(5,7369), (5,6123), (5,6187)
phetonte	(4,7087)
merito	(3,258), (4,6019), (3,260), (4,6053), (5,2631), (5,6311), (2,6022), (5,6541), (0,4076), (5,6258), (4,7986), (0,13201), (3,2453), (5,7736), (2,6651), (5,3263), (2,2045), (5,3808), (4,5984), (5,7809), (5,3810), (0,12894)
desesperaba	(1,17121), (1,17779), (1,12077)
espumarajeaban	(2,430)
encierro	(2,4145), (2,6147), (2,6259), (2,7544), (2,6169), (2,6155), (2,7486), (2,7663), (2,6096)
tira	(4,4195), (2,1443), (2,2500), (4,4296), (0,10667), (1,15916), (4,1137), (4,3957), (4,4597), (4,1878), (4,4602), (4,4604), (4,605), (4,4607)
necesitaremos	(2,4343)
mantienense	(1,16356)
tiri	(4,2629)
comunicandolo	(0,4760), (1,9645)
tire	(4,4238)
suspendiese	(1,6944)
teguantepec	(0,4129), (0,4198)
cunado	(1,13697), (2,2963), (1,13802), (1,15278)
ymbiar	(0,3531)
suplir	(0,3824), (0,521), (1,11611), (1,6396), (0,8285)
abrazaronla	(1,10715)
suplio	(5,1237)
oessudueste	(0,9589)
volase	(5,5487)
comence	(1,16898), (1,13511), (4,4386)
protegerla	(5,3065)
vernos	(1,5232), (2,8034), (1,17459), (0,10741), (0,10439)
cunada	(4,2024)
tornamosles	(0,10482)
tandaya	(0,6911), (0,6976), (0,13536), (0,13537), (0,7205), (0,6887), (0,6760), (0,10312), (0,12488), (0,6762), (0,6890), (0,6764), (0,7023), (0,10191), (0,12850), (0,10867), (0,13525), (0,854), (0,6903), (0,10871), (0,6970), (0,6875), (0,6876), (0,6910)
comenco	(0,11724)
quijada	(2,257), (2,7624)
perros	(1,1888), (0,8064), (1,16229), (1,16168), (1,16232), (4,7052), (1,16938), (1,16430), (1,47), (1,16176), (1,16178), (1,17842), (1,18292), (2,4375), (1,16123), (1,16573), (1,1982), (1,16190), (1,1855), (1,17855), (0,480), (1,1857), (1,16193), (1,17540), (1,16134), (1,16583), (1,16903), (1,16266), (1,1868), (1,2061), (1,16143), (1,16591), (1,17808), (1,17554), (1,17555), (1,17557), (1,16150), (1,16599), (0,7034), (1,16158)
podrianse	(0,3880)
protegerlo	(5,5974)
escotan	(4,3043)
opuestos	(5,5669), (5,2967), (3,2537)
fealdad	(1,7104), (2,5413), (1,16788), (1,6741), (1,9189), (1,7085), (1,9181), (2,6688)
questan	(0,7841), (0,9222), (0,11578)
mazorcon	(4,4488)
germen	(2,4011)
manifiesta	(3,2802), (1,8304), (1,18496), (0,560), (4,6070), (3,2457), (1,18265), (2,860), (1,5339), (1,5563), (5,1889), (3,1600)
circunvecinos	(1,13730)
exhortandoles	(3,639)
fenecer	(5,1030), (5,7094), (0,11788)
perturbador	(1,9599)
respiradero	(2,4143)
acopiar	(5,6147)
melifluo	(1,8122)
cativando	(0,2448), (0,2744)
cabrillo62	(0,3944)
desesperada	(2,1377), (5,5401), (2,8038), (5,2730), (1,14014)
manifiesto	(1,12704), (5,2374), (1,7811), (5,1258), (1,3142), (0,4042), (5,2352), (1,12908), (1,877), (1,13741), (3,1173), (2,446), (5,8449), (0,3389), (1,13246), (1,5343)
manifieste	(2,6443)
rematada	(1,5892)
desesperado	(1,14017), (2,4037), (1,4052), (2,7417), (2,4187), (5,5810)
arrinconados	(2,1622)
meliflua	(1,9632), (1,3051)
matandoles	(1,17642)
sugiriendo	(5,1271)
crezca	(4,5287), (1,18428)
traspasaban	(2,7795), (0,6635)
jubilos	(1,15332)
pallaturreo	(3,1683)
explico	(2,7157), (2,6199), (3,2425)
rezeloso	(0,8128)
tragese	(0,8656), (0,7797), (0,7116)
omite	(0,13631), (0,13059), (0,13363), (0,13636)
servilones	(2,6529)
comunera	(2,4691), (2,6836), (1,348)
esqueleto	(2,1600)
omita	(3,2313)
adelantarse	(3,2916)
unian	(5,3445), (5,3022)
palacio	(4,6723), (1,6305), (5,6565), (1,7073), (2,2371), (1,8034), (2,325), (5,6568), (2,4870), (2,7046), (1,6885), (4,8520), (1,7017), (2,1741), (1,6766), (4,4307), (5,5748), (2,722), (2,276), (2,6613), (2,6805), (2,1240), (1,6968), (5,5760), (2,4383), (1,6783), (2,673), (2,1249), (1,6664), (2,8042), (2,241), (5,5781), (1,6995), (1,982), (2,6520), (2,378), (2,4730), (2,3771)
escondieron	(1,17794), (1,17858)
creadora	(2,7030)
sabeldo	(4,2019)
comunero	(2,7522), (2,2851), (2,5476), (2,5189), (2,2758), (2,2761), (2,5003), (2,5035), (2,5195), (2,5643), (2,2830), (2,5006), (2,1907), (2,7157), (2,4694), (2,2846), (2,5214)
perderlo	(5,1861), (5,1801)
alarmados	(5,4625)
unida	(2,986), (5,399)
empanaba	(5,4159)
explica	(0,687), (2,1829), (2,1831), (4,138), (5,5692), (5,6445), (3,93), (5,1567), (2,4412), (0,539), (5,6706)
curiosamente	(1,12551), (1,13404)
irreflexivas	(5,2872)
nicol	(4,7781), (4,7785), (4,7790), (4,7776)
perderla	(1,6897), (1,3618), (1,1027), (1,6168), (1,3145)
susueste	(0,10287), (0,11218), (0,10195), (0,9945), (0,11674), (0,11326), (0,11518)
perderle	(1,4205)
unido	(2,5972), (5,2046)
suplen	(2,3142), (1,9798)
influyera	(2,2599)
veian	(2,1986), (2,2883), (1,3619), (4,563), (0,6543), (0,8239), (1,7473), (1,7026), (1,13747), (2,6069), (4,7738), (0,7895), (5,4541), (0,10264), (0,7902)
unica	(2,5475), (5,6438), (5,2823), (2,7588), (1,2823), (1,17479), (2,969), (5,3949), (5,4142), (1,268), (1,494), (1,2222), (5,4402), (5,1044), (2,5587), (2,630), (2,6103), (5,5532), (5,3806), (1,7259), (0,12955), (4,2305), (2,1248)
fugitivo	(5,2566), (1,1555), (3,1963), (2,987)
respondemos	(2,6478)
rechazar	(5,1847), (5,7880)
sobrado	(0,6703), (5,2138), (5,5664)
unico	(5,6949), (5,3622), (3,1386), (1,16492), (5,2034), (1,5358), (5,243), (5,3060), (5,5494), (5,2488), (5,443), (2,7708), (5,1921), (5,1602), (3,2368), (5,2886), (5,4550), (5,7878), (0,163), (1,964), (2,6309), (1,6026), (4,562), (2,1392), (5,7508), (5,5205), (2,6133), (5,1434), (1,2070), (5,5082), (4,251), (2,1402), (5,5981), (5,1759), (2,2240)
costal	(1,8387), (1,4825)
arremetiesemos	(1,16344)
europeo	(3,838)
leibniz	(2,1712)
costas	(1,6625), (3,2788), (5,3431), (5,3368), (0,2438), (3,2282), (1,11433), (0,13515), (0,4044), (3,625), (1,11504), (0,11983), (0,3601), (0,11921), (0,3667), (0,4947), (0,853), (3,2297), (0,11608), (3,3006), (0,7901), (0,3679), (0,12127), (0,4001), (5,2823), (0,1253), (3,714), (0,13358), (0,5616), (0,2801), (5,5403), (3,796), (1,17182)
pansacola	(5,3471)
perderme	(1,2033)
costar	(1,18577), (1,2954)
explicaba	(5,4114)
perrillo	(1,5137)
armadas	(0,735), (0,5728), (0,5730), (0,3299), (0,3811), (1,13861), (0,2854), (0,3815), (1,6504), (0,3400), (0,3720), (0,3821), (0,4046), (0,944), (0,1363), (3,2235), (0,1114), (0,10203), (0,989), (0,3838)
pontifice	(1,7793), (5,6665), (1,7142), (1,18010), (1,7485), (5,5026)
encerrando	(2,7522)
ensalzamiento	(0,8629)
magnates	(1,1633)
calixto	(4,5054)
ganadas	(5,249)
arrastraba	(5,1815), (5,3406), (5,1121), (5,3747)
decilde	(4,2724), (4,2213), (1,1445), (4,5232)
rechazan	(5,3323)
decilda	(4,2709), (4,2610)
ensalmeis	(4,8081)
mandeis	(4,3108), (0,1950), (0,4798)
postizo	(4,878), (2,2908)
positivistas	(2,4003), (2,4175), (2,4000)
canoniza	(1,16900)
merino	(2,4641), (0,384), (0,2082), (0,1849), (0,12394)
perrilla	(1,16680)
canilef	(3,2061)
hiziese	(0,9273)
sobrabales	(1,9563)
dexasemos	(0,10499), (0,3336)
postiza	(1,17907), (1,18841)
caballeros	(2,1537), (0,4543), (1,12577), (1,14243), (1,8997), (4,205), (3,492), (1,11052), (1,15662), (2,5139), (1,2101), (5,6585), (1,12600), (2,5148), (1,10939), (0,2523), (1,574), (2,543), (1,575), (1,5697), (1,14273), (1,7619), (1,3780), (1,15691), (1,589), (1,7629), (1,15568), (1,11089), (1,14294), (1,7641), (2,5179), (2,5435), (4,1662), (2,5183), (1,14174), (4,5509), (1,1251), (2,5448), (2,6600), (1,8939), (1,14187), (1,15595), (1,12655), (4,788), (2,6484), (1,12660), (1,14196), (0,1686), (0,408), (1,14204), (4,2720), (1,10750), (1,10753), (4,5158), (4,5291), (2,4971), (1,13580), (1,11026), (0,306), (1,8987)
noviembreasiento	(0,11836)
pendia	(2,6071), (1,5100), (3,1200)
acompanadas	(5,6941)
difunto	(0,4239), (1,16032), (0,1889), (0,4578), (1,2026), (5,4623)
madurez	(2,3218), (5,5083), (5,947), (5,6451)
opportunity	(5,9108), (0,13953), (3,3256), (1,19209), (4,9133), (2,8285)
tecnico	(5,4776), (5,3243)
acantilado	(0,6149), (0,7244)
adafina	(4,2161)
accipiet	(1,8256)
tecnica	(2,4121)
vernes	(4,6282), (4,8459), (4,7309)
coronas	(1,1665), (1,11201), (4,4566), (1,484), (3,2166), (5,5560), (4,4568)
perplejidad	(2,7469), (2,7246), (1,15293), (2,2640), (2,6960), (2,7360)
recorrerlos	(2,7436)
coronar	(5,1798)
diurnas	(4,2926)
entablado	(2,3245)
polemicas	(5,4357), (5,4734), (5,4288)
disparada	(0,10688), (1,10393)
gonela	(4,7015), (4,7002), (4,7005), (4,7007), (4,7009)
riguarda	(4,5006)
volvedlos	(2,5290)
pertenecia	(0,13046), (4,684), (4,574), (5,5553), (5,7602)
saltareis	(0,2388)
empenachado	(2,5049)
gaula	(4,213)
ivformacion	(5,8826)
alzaban	(0,8485)
convento	(3,1954), (0,13391), (1,7393), (1,819), (4,3159), (0,13283), (3,2332), (3,2317), (0,12858), (2,6413), (5,3730)
griego	(4,5766), (5,3642), (1,17335), (1,3193), (0,12296), (0,9562), (2,5774), (4,3746)
dobles	(2,3206)
suegra	(4,7750), (4,7736)
eminente	(5,4635), (2,521), (5,7149), (5,4718), (5,6816), (5,4898), (5,5938)
vendellos	(0,10327)
ordinarias	(5,6970), (1,17403), (1,13742)
poderla	(1,18700)
funciones	(2,5729), (2,1652), (5,6763), (5,1664)
acostumbro	(2,2927), (0,3006)
afirma	(5,1604), (0,6415), (5,2582), (5,7670), (5,6265), (5,5211), (3,412), (5,4334), (5,6978)
cosia	(1,15089)
reduzco	(1,7463)
poderle	(0,7985), (0,8387), (1,17110), (1,9976)
confiarse	(5,3200)
veniste	(4,4600), (1,4007), (4,4795)
travestidos	(4,8756), (4,4973)
ciegos	(3,1074), (1,290), (1,850), (1,4261), (3,328), (1,8717), (3,97)
tencones	(4,8080)
volvermela	(1,18684)
salva	(1,15761), (2,1301), (1,4871), (0,13591), (2,4508), (4,112), (4,1921), (4,1985), (2,4512)
poderio	(2,7015)
confirmarse	(1,6619)
salve	(2,1385), (5,4094), (2,7279)
that	(1,19233), (4,9157), (2,8325), (5,9132), (0,13767), (0,13895), (3,3181), (1,18987), (2,8210), (1,19249), (4,9173), (5,8886), (0,14033), (4,8918), (0,13781), (5,9148), (3,3324), (3,3197), (3,3070), (1,19134), (2,8353), (2,8226), (4,9060), (2,8099), (5,9033), (0,13797), (0,13927), (3,3083), (1,19277), (1,19150), (2,8112), (1,19023), (4,9076), (0,13936), (0,14065), (0,13938), (5,9176), (5,9049), (5,8922), (4,8954), (3,3099), (3,3356), (4,9213), (3,3230), (1,19036), (0,13949), (2,8128), (2,8385), (2,8259), (5,8935), (4,8967), (3,3239), (3,3241), (2,8268), (0,13834), (1,19052), (2,8270), (1,19309), (1,19183), (4,9108), (3,3252), (4,8982), (5,8951), (5,9208), (5,9082), (2,8281), (1,19192), (4,9117), (0,13977), (1,19194), (4,9119), (4,9247), (3,3136), (5,9091), (5,9093), (2,8165), (1,19205), (4,9130), (0,13735), (0,13993), (5,9104), (3,3280), (1,19089), (2,8309), (4,9015), (3,3034), (5,8988), (0,13879), (3,3296), (2,8063)
envoltorio	(1,2417)
tirarse	(1,14180)
urdian	(2,1738)
salvo	(4,8387), (4,7110), (4,5961), (4,330), (1,3111), (5,6318), (4,3407), (4,6352), (4,2516), (4,2901), (4,3162), (5,5436), (1,4409), (5,5949), (4,1375), (4,5985), (4,7138), (5,1094), (1,10054), (2,1321), (0,2670), (0,2287), (4,3828), (0,8432), (4,629), (4,502), (4,5495), (4,6536), (0,5132), (5,3956), (0,4495), (4,7828), (1,7281), (4,7190), (4,2583), (5,3064), (5,6264), (5,7295), (4,5535), (4,672), (2,3038), (3,2241), (4,6178), (1,14464), (4,8616), (5,6795), (4,2860), (4,942), (4,943), (5,1425), (2,3055), (4,2360), (4,6201), (4,570), (5,6557), (4,319), (4,2239), (5,3872), (1,14622), (2,1280)
genero	(1,18723), (5,1709), (5,4398), (5,1199), (1,8756), (0,6613), (0,9815), (5,573), (5,5949), (0,6360), (0,3802), (0,5082), (5,7362), (3,1155), (5,6471), (5,5963), (5,6476), (4,4716), (0,5736), (1,971), (1,12235), (0,3819), (5,3665), (1,10064), (5,4437), (5,1242), (2,6845), (0,4733), (5,6115), (0,8190), (5,5225), (1,7653), (2,3271), (2,6855), (5,491), (5,6513), (0,6416), (5,2426), (0,792), (5,6909), (1,5755), (5,7167), (0,3740), (1,9599), (5,2948), (0,6691), (1,9732), (1,8197), (1,9606), (0,5288), (0,6699), (5,6161), (0,3757), (1,9614), (5,5523), (1,10641), (1,8210), (1,276), (5,2585), (1,10774), (2,761), (0,6199), (1,7065), (5,7709), (1,6170), (1,9629)
than	(4,9092), (2,8196), (5,8967), (5,9066), (3,3115), (0,13865), (3,3214), (2,8144), (1,19120), (2,8243), (4,9045), (5,9019), (0,13911), (1,19068), (3,3167), (1,19167)
inmundas	(1,2674)
retiraronse	(2,5031)
darmas	(4,8565), (4,6012)
funcionario	(2,1658), (5,5937)
murcielago	(2,7645)
insultaron	(2,165)
necesidad	(0,1088), (0,2371), (1,14117), (3,1257), (5,1196), (0,6986), (1,4396), (1,7725), (5,2228), (1,10551), (0,6488), (1,5180), (5,6336), (5,6848), (0,10846), (3,2564), (5,2503), (0,5218), (0,2661), (1,11334), (1,18246), (5,4043), (1,8264), (2,5420), (4,7665), (5,4051), (4,7666), (1,13391), (1,15958), (2,6456), (2,6969), (1,11352), (0,8056), (0,10619), (0,3452), (0,2948), (2,4680), (2,6728), (5,6380), (0,2952), (0,6281), (0,8074), (1,1134), (5,500), (0,3986), (5,5367), (1,18038), (1,5757), (4,300), (2,2154), (0,2475), (0,3755), (1,12684), (4,5682), (1,2962), (0,7094), (0,2490), (5,2338), (0,958), (1,11935), (1,12448), (1,14752), (0,7873), (0,8900), (4,2889), (0,7109), (5,1067), (0,8651), (1,14508), (0,3533), (0,9427), (0,1494), (2,1689), (1,6586), (0,8409), (3,2433), (0,7136), (0,7141), (1,18120), (4,4204), (0,4841), (1,14539), (0,7150), (1,6608), (0,3824), (1,18643), (2,2231), (0,2555), (0,7419), (0,4606), (1,15840), (1,16097), (5,1638), (1,10211), (2,3270), (3,2986), (4,4236), (1,6891), (1,14061), (5,2162), (0,7950), (0,2832), (1,6641), (0,8977), (0,2327), (0,4888), (0,4891), (1,1533), (4,5025), (1,13823), (1,12288), (2,2018), (1,4865), (1,14850), (5,3723), (4,8620), (0,1071), (0,1074), (5,2459), (3,2266), (0,5176)
ansioso	(5,314), (1,12070), (5,1068), (5,5213)
urdaneta	(0,4159), (0,576), (0,3264), (0,3139), (0,13254), (0,11978), (0,11981), (0,5326), (0,13392), (0,593), (0,5331), (0,12885), (0,726), (0,12503), (0,5338), (0,6106), (0,604), (0,13276), (0,5854), (0,608), (0,6241), (0,13281), (0,4066), (0,13413), (0,13286), (0,878), (0,3314), (0,3576), (0,13177), (0,3578), (0,9341), (0,13693), (0,12032), (0,641), (0,5889), (0,6017), (0,13316), (0,6278), (0,3210), (0,6154), (0,651), (0,3468), (0,5645), (0,654), (0,3599), (0,5653), (0,9495), (0,665), (0,5786), (0,11294), (0,5407), (0,6303), (0,3111), (0,11947), (0,5677), (0,3377), (0,691), (0,3380), (0,13236), (0,4149), (0,13239), (0,13240), (0,569), (0,13369), (0,11962), (0,11964), (0,5822)
reservo	(1,10827), (0,5517)
raza	(5,4485), (5,4806), (5,1704), (5,3882), (5,7372), (5,2414), (5,1680), (1,8493), (5,1690), (5,4283), (5,125), (2,315), (2,4540), (5,1984)
elegancia	(5,6469), (2,5731), (5,6790), (5,6717), (2,2030)
encareciendo	(2,1709)
aconsejar	(1,18244), (1,6087), (2,6526), (5,2739)
possessed	(1,19153), (2,8229), (4,9079), (5,9052), (0,13898), (3,3200)
aliviarlos	(1,15752)
quitenmelo	(1,5642)
sosten	(2,3621), (2,3144), (2,5641)
ansiosa	(5,5612), (5,3182), (5,1983), (5,2704)
desterrados	(1,2926)
desigual	(5,2728), (5,733), (5,3582), (1,14922), (5,5137), (5,7025)
rayo	(2,3569), (2,3555), (1,2309), (1,15413), (1,154)
azafran	(4,7269)
sobresaltados	(1,10545), (1,5300)
aumentaban	(1,9304), (5,4240)
consagrarse	(5,2449), (2,4814)
seydo	(0,3423), (0,2754), (0,3432), (0,3051)
jitanillas	(1,595), (1,724), (1,1285), (1,1254), (1,551), (1,585), (1,1145), (1,1257), (1,1753), (1,938), (1,2366)
cangilon	(1,18042)
amengue	(5,6440)
conoscieron	(0,7528)
continuador	(5,4716), (5,4287)
continuados	(0,13181)
encienso	(4,3312)
consagraron	(5,167)
amengua	(5,1162)
prodiga	(1,456)
chiquitos	(3,254)
hiciste	(1,16418), (1,3971), (1,17454)
tendencia	(2,2132), (5,4360), (5,5003), (5,4268)
ampararos	(1,14600)
contemplame	(4,6233)
entrestas	(0,10847)
coser	(2,4101), (4,794), (4,7264)
legado	(5,4596)
prodigo	(1,12812), (1,9375)
repulsaba	(5,3385)
honrosas	(1,14721)
reserva	(0,687), (3,1653), (5,6936), (2,7160), (0,168), (3,2459), (5,7920), (0,750), (2,992)
consorcio	(5,6312)
advenedizo	(5,6085), (2,2912)
humorista	(5,4425)
permision	(1,8624), (1,9125), (1,9094), (1,17645)
derramareis	(4,1716)
vasayo	(2,5502)
doblar	(0,6273), (1,10676), (0,6263), (0,6344), (0,11451), (5,433)
doblas	(1,3600), (1,3603), (1,3525), (1,3519), (1,3583), (1,4047)
emienda	(4,330), (4,331)
penitencia	(5,5220), (5,5243), (1,17754), (1,5563), (1,5052), (1,17437), (1,15758), (1,7487)
descompuestos	(1,382)
queridisimo	(2,585)
cousin	(5,8552), (5,4841), (5,7497), (5,5067), (5,5071), (5,5072), (5,8342), (5,4983), (5,3740), (5,5020), (5,4832), (5,4321), (5,5026), (5,8131)
sufri	(1,4690)
caracteristicos	(5,7894)
rasca	(1,8120)
perezco	(1,9682)
sufre	(1,15760), (1,18122)
expiro	(5,7545)
prohijado	(5,1837)
badajoz	(4,1198)
iguala	(5,343), (1,2824), (5,6317)
sabedor	(2,6710)
anexar	(5,2439), (5,8840), (5,2266), (5,2362), (5,2688), (5,5906)
salas	(5,7531), (2,4969), (1,9610), (2,1582), (1,10477), (2,4991), (2,6640)
retorcieron	(2,5895)
pasico	(4,1780), (4,3114), (4,1819), (4,3696), (4,6640), (4,4849)
tributando	(2,2673)
miraronle	(1,14556)
cotas	(1,18400), (0,3745)
they	(2,8324), (0,13923), (0,13992), (1,19179), (4,9104), (1,19248), (4,9172), (5,9078), (0,13746), (5,9147), (3,3226), (3,3295), (2,8255), (4,8930)
independiente	(5,3332), (5,2277), (5,4636), (5,478)
virar	(0,11186)
destrozados	(0,8043)
establecer	(2,2785), (2,5460), (2,5255), (2,6729), (2,6777), (0,856), (2,6925), (2,2783), (2,4959)
negando	(5,7686)
salbo	(0,6690), (0,6692)
qoales	(0,9246)
iguale	(1,12537), (1,18715)
muchos	(1,8226), (5,6567), (0,9797), (1,13862), (3,2025), (5,5035), (0,9798), (0,10310), (1,11303), (1,16424), (5,6061), (5,7599), (1,10799), (0,5712), (1,6705), (1,15921), (3,2548), (1,7730), (2,6164), (0,4179), (5,953), (3,1528), (0,10326), (2,2585), (1,14392), (1,17977), (0,1113), (0,9818), (1,14395), (1,1597), (5,1473), (3,2047), (1,3134), (1,575), (5,3523), (1,8768), (1,10816), (1,7233), (2,4645), (0,9827), (1,14404), (1,13381), (1,16455), (5,6607), (1,8782), (5,7130), (5,2011), (0,2166), (1,601), (3,539), (5,4061), (5,6623), (1,10844), (3,1055), (3,2083), (3,1062), (1,12900), (1,3689), (0,3721), (1,8303), (1,17519), (1,16496), (0,10384), (1,17521), (1,13427), (5,5625), (1,7285), (1,11893), (3,2105), (1,4216), (4,5661), (1,6778), (0,10396), (1,13949), (1,129), (1,16514), (1,17027), (3,1606), (0,2211), (1,7812), (1,18053), (2,6250), (1,7305), (2,5229), (0,10411), (1,11405), (1,9362), (3,2645), (1,9363), (0,691), (2,1141), (1,149), (1,6295), (0,2744), (1,3737), (2,2683), (5,543), (5,4128), (1,6301), (1,6813), (1,9374), (1,3743), (0,10430), (1,13474), (0,7362), (1,9380), (0,7364), (1,9381), (1,17574), (1,9386), (1,18092), (5,4145), (0,10445), (0,6350), (1,18607), (0,10449), (1,18098), (1,9396), (0,3799), (0,8920), (1,8379), (1,15549), (3,645), (1,3780), (1,4805), (1,1222), (1,8400), (2,3250), (1,9937), (1,9426), (1,1749), (3,2199), (5,1627), (1,6359), (0,3831), (3,1693), (0,3834), (1,14556), (3,2207), (5,4705), (1,7389), (1,7901), (0,5886), (1,16607), (5,2661), (5,7269), (1,10468), (5,4201), (0,9988), (1,10981), (1,18661), (1,10982), (0,9990), (1,8937), (5,6766), (0,9995), (1,8942), (1,17134), (1,4337), (0,10512), (1,16626), (5,7799), (3,183), (0,3353), (1,9466), (5,1663), (5,3200), (1,12540), (1,12541), (0,6430), (1,9985), (5,6280), (0,6437), (0,6438), (1,6921), (0,13096), (1,18187), (3,207), (0,1838), (0,10545), (1,7955), (1,8467), (1,788), (1,10516), (1,17688), (1,9497), (1,8474), (5,3231), (1,6428), (2,7428), (0,8515), (0,10563), (1,6437), (1,8997), (1,9510), (0,10566), (4,203), (1,1832), (5,6316), (3,1771), (1,17194), (1,9004), (2,2322), (1,17201), (1,17202), (3,249), (0,6489), (1,12090), (0,10083), (5,6345), (3,266), (0,10600), (0,7017), (5,207), (1,2379), (0,8042), (0,10602), (1,13647), (0,2929), (1,15698), (2,4404), (0,7027), (1,1879), (2,3384), (5,5339), (3,283), (1,12122), (0,7034), (1,4957), (1,5981), (0,9085), (1,7519), (0,13182), (1,14693), (5,5356), (1,11624), (3,300), (1,11627), (1,11629), (5,2803), (3,818), (0,2448), (4,5396), (0,10129), (0,9106), (0,9107), (1,8565), (1,12149), (1,8056), (5,4862), (1,17786), (5,2817), (1,382), (0,926), (3,1347), (5,5893), (0,10657), (3,325), (2,2917), (1,12168), (1,13192), (5,3341), (4,8495), (3,847), (3,1875), (5,3349), (3,340), (5,1304), (3,2905), (1,7063), (3,1882), (1,14745), (0,441), (3,863), (1,2462), (3,1889), (0,3006), (1,7583), (3,355), (1,13217), (0,10689), (5,808), (1,9125), (5,6446), (2,6028), (3,1903), (0,10188), (5,307), (3,373), (3,374), (3,1401), (5,2877), (2,3486), (3,1923), (1,17346), (2,1962), (0,10217), (1,6604), (0,4079), (3,1941), (1,10709), (5,4444), (5,7004), (5,349), (1,16859), (5,353), (1,17373), (1,14302), (0,7678), (1,8671), (0,2560), (1,4578), (0,2050), (5,1384), (0,2564), (1,12261), (3,1448), (0,10245), (5,5484), (0,7175), (2,2506), (1,4587), (5,2416), (0,2573), (1,3054), (3,1457), (5,379), (5,6524), (0,2585), (2,5595), (1,11770), (1,10749), (0,2077), (0,6685), (1,17918), (5,4995), (1,17920), (0,544), (4,8612), (0,10278), (3,1482), (3,1994), (5,7565), (3,1489), (0,13361), (0,3635), (0,3636), (0,6196), (3,2008), (1,18967), (2,6649), (2,6650), (4,6077), (1,17948), (1,17438), (2,6656)
oidores	(0,5512), (1,2989)
insensible	(5,4369)
enjugar	(1,18552)
perpenan	(1,17137)
arquitecto	(2,1555), (2,2070)
apuesto	(2,4764)
poderes	(5,7465), (5,5821), (0,2987), (2,6317)
renegados	(2,982), (4,5598)
comadre	(2,3014), (1,17527), (2,6009)
conquisto	(3,2197), (1,7823)
scrib	(1,8490)
apuesta	(4,8173), (4,8194)
ferias	(1,1027)
aprendida	(0,5280)
conquista	(0,9535), (0,66), (3,741), (0,11970), (0,12101), (1,11560), (5,6509), (0,1993), (0,266), (0,11), (3,174), (3,686), (5,5552), (0,1036), (0,2828), (0,909), (0,973), (1,11374), (0,1423), (5,2486), (5,6262), (5,6646), (0,1490), (0,13203), (0,1557), (0,3477), (0,1046), (0,13208), (0,1369), (0,11865), (0,1051), (0,1371), (5,6721), (3,2179), (0,161), (0,803), (0,999), (0,104), (0,2601), (0,11882), (0,1259), (0,12972), (0,109), (3,2192), (3,2709), (0,244), (0,826), (3,2782)
persigue	(2,1454)
peligro	(2,2689), (0,8128), (2,2698), (1,13867), (5,7472), (1,13741), (1,13870), (1,14130), (5,1336), (1,13364), (1,4405), (1,13237), (1,11447), (1,15032), (5,1854), (1,17210), (4,4322), (1,13247), (5,324), (5,2116), (1,11457), (2,7459), (2,7461), (5,1737), (1,3142), (2,3751), (1,10054), (1,11463), (5,592), (3,1679), (5,3539), (1,12495), (0,5615), (1,11607), (2,5949), (1,9054), (5,995), (0,1918), (1,14944), (1,13153), (2,5189), (1,11495), (2,7241), (2,3146), (1,17769), (1,2157), (1,3181), (5,3826), (1,12143), (1,13809), (5,246), (5,7415), (1,17269), (2,5592), (5,1021), (1,1019), (2,1249), (5,1800), (1,7685), (1,13839), (0,432), (1,14738), (1,6549), (4,1210), (1,1815), (1,13847), (4,1211), (1,14363), (1,668)
excepcion	(5,4884), (2,6673), (3,2789), (2,6006), (5,7097), (2,4025), (5,4077), (5,3871), (2,605), (2,2670), (2,2992)
primitivas	(5,5124), (5,2009), (5,4544)
ejercicios	(1,7361), (1,2194), (1,6083), (1,16515), (1,180), (5,2011), (5,4109), (1,18185), (1,4253), (1,18542), (1,18095)
devuelve	(2,1292)
aprendido	(2,7684), (1,6253)
duerme	(4,8292), (1,10177), (2,7557), (2,422), (4,5962), (4,3120), (4,1780), (4,6100), (1,9780), (2,7544), (1,11223), (4,6812), (4,5791), (4,7807), (4,5793), (1,8287)
duerma	(3,2963), (1,12961), (4,3134), (0,2381)
doblon	(1,1122), (1,1516), (1,1469), (1,1390)
insuperable	(5,3604), (0,13618), (5,3054), (5,623), (5,4368)
samuel	(5,4450)
conservarlas	(0,2751)
email	(2,8226), (0,14018), (0,14082), (1,19268), (5,9225), (0,13895), (4,9197), (3,3373), (4,9198), (5,9167), (4,9265), (1,19150), (3,3315), (2,8402), (4,9076), (5,9049), (2,8344), (3,3197), (1,19326)
llegamos	(0,6337), (0,9857), (0,6338), (0,9218), (0,9219), (0,6213), (0,3974), (0,6860), (0,10510), (0,9936), (0,9233), (1,17394), (0,10648), (0,10457), (1,3261), (0,10588), (0,9823), (0,7652), (0,9765), (0,9769), (0,10219), (0,10475), (0,10478), (0,9842), (0,10674), (0,9843), (0,9780), (0,11449), (1,3357), (1,17503)
hampa	(1,10788)
sensual	(1,7132)
duermo	(4,6808), (4,6761), (1,18700), (1,13182)
norma	(5,7092), (5,4050), (5,2323)
declaraesos	(3,2092)
firmadosilvestre	(3,387)
horadadas	(1,13404)
inmediata	(3,1410), (5,4134), (5,4630), (2,6099), (5,1481), (5,330), (2,3112), (5,5579), (5,2748), (3,1244), (2,1437), (0,158)
tranchallo	(4,4534)
saldo	(2,2751)
amarillez	(1,15721)
inconciliables	(5,1823)
ainas	(0,10479)
bollicios	(0,2199), (0,2107)
empenitos	(2,552)
palenque	(5,1906)
juanelo	(1,11108)
compressed	(2,8193), (4,9043), (5,9016), (0,13862), (3,3164), (1,19117)
meretrix	(4,8476)
agujetas	(4,6107)
letores	(4,302), (4,8497)
inmediato	(3,1572), (5,3350), (5,1656), (5,1801), (3,2103), (3,1386), (5,2188), (2,3563), (5,3454), (3,158), (5,7265), (5,1859)
sarragan	(0,12833)
rutina	(5,7744)
perspicua	(2,5269)
reasonable	(5,9031), (0,13877), (3,3179), (1,19132), (2,8208), (4,9058)
generations	(3,3300), (1,19250), (4,9174), (2,8326), (4,9176), (1,19253), (2,8329), (5,9149), (0,13994), (5,9152), (0,13997), (3,3297)
perspicuo	(2,5069)
combatiente	(5,487)
rules	(2,8066), (0,13744), (5,8889), (4,8921), (3,3037), (0,13738), (4,8928), (1,18990)
zentinela	(0,8683)
recepcion	(2,2410)
refregar	(1,11689)
reparadora	(2,3998)
desatino	(2,5222), (1,13127), (1,3407)
turbioso	(5,6219)
caramuzales	(1,4039)
hornachuelos	(4,5112)
devuelto	(5,2507)
arcadia	(1,16484)
this	(2,3), (3,3044), (3,3045), (4,9158), (2,6), (5,9129), (2,9), (5,9133), (3,3057), (1,18991), (3,3060), (0,13907), (2,22), (3,3063), (1,18997), (1,18998), (2,8216), (0,13912), (3,3069), (3,3071), (3,3073), (3,3), (1,19010), (3,3077), (3,6), (1,19013), (3,9), (3,3082), (1,19016), (3,3084), (3,3086), (2,8238), (1,19022), (0,13934), (1,19024), (1,19026), (2,8244), (0,13939), (1,19030), (3,28), (0,13945), (3,3101), (1,19035), (3,3103), (1,19037), (1,19039), (4,3), (3,3108), (4,6), (3,3110), (3,3112), (0,13958), (2,8266), (0,13964), (2,8271), (0,13965), (1,19054), (1,19056), (4,20), (0,13968), (3,3126), (2,8277), (1,19061), (3,3129), (0,13974), (1,19063), (4,27), (1,19065), (3,3132), (0,13978), (5,3), (2,8290), (5,6), (5,9222), (5,9), (2,8296), (1,19079), (2,8297), (1,19082), (2,8300), (4,9262), (3,3151), (1,19085), (3,3154), (2,8306), (3,3157), (3,3158), (2,8310), (5,27), (3,3163), (1,19104), (1,19107), (1,19110), (1,19111), (1,19116), (3,3187), (1,19140), (3,3209), (3,3215), (1,19162), (0,14079), (1,19168), (3,3237), (3,3242), (3,3248), (2,8399), (1,19190), (3,3261), (1,19195), (3,3267), (1,19201), (3,3268), (3,3271), (3,3277), (1,19214), (3,3281), (1,19220), (1,19221), (1,19224), (1,19230), (1,19234), (4,8903), (4,8905), (4,8906), (4,8911), (5,8890), (4,8922), (4,8927), (5,8896), (4,8928), (5,8897), (4,8940), (5,8909), (4,8943), (5,8912), (4,8946), (5,8915), (5,8921), (4,8953), (5,8923), (4,8955), (5,8925), (4,8957), (5,8929), (4,8961), (5,8934), (4,8966), (5,8936), (4,8968), (5,8938), (4,8970), (3,3370), (5,8953), (4,8985), (4,8986), (5,8955), (4,8987), (0,13719), (0,13721), (0,13722), (1,19323), (4,8991), (5,8960), (4,8993), (5,8962), (4,8995), (5,8964), (0,13727), (0,13739), (4,9009), (5,8978), (0,13743), (4,9012), (5,8981), (0,13744), (5,8984), (0,13754), (0,13757), (0,13760), (2,8067), (4,9030), (4,9033), (5,9003), (0,13766), (2,8073), (2,8074), (4,9036), (0,13768), (4,9037), (5,9006), (0,13770), (5,9009), (5,9010), (4,9042), (0,13774), (5,9015), (2,8086), (0,13780), (0,13782), (2,8089), (0,13784), (2,8092), (2,8098), (2,8100), (2,8102), (4,9066), (0,13799), (2,8106), (0,13801), (5,9039), (2,8111), (0,13806), (2,8113), (0,13808), (2,8115), (0,13810), (4,9088), (2,8130), (5,9061), (0,13824), (4,9093), (2,8132), (0,13827), (0,4), (5,9067), (0,13830), (0,7), (2,8137), (0,9), (2,8139), (2,8141), (0,23), (4,9115), (2,8155), (0,13849), (2,8158), (4,9120), (5,9089), (0,13852), (0,30), (2,8161), (0,13855), (0,13856), (5,9094), (1,3), (4,9126), (1,6), (0,13861), (5,9100), (1,9), (4,9139), (2,8180), (1,21), (5,9113), (2,8183), (4,9145), (4,9146), (2,8186), (2,8187), (4,9149), (5,9119), (3,3038), (5,9120), (0,13885), (2,8192), (4,9154), (5,9123)
aplicacion	(0,143), (5,2708), (1,17024), (5,2374), (5,1047), (3,2712), (5,4362), (5,523), (5,2748), (5,2194), (0,158), (5,2499)
prescripciones	(5,491)
establecio	(5,4181), (2,983), (5,6333), (2,5324), (5,5025)
estemos	(2,6449), (1,11104), (4,7205), (1,12055)
know	(2,8369), (0,14049), (5,9192), (3,3340), (4,9229), (1,19293)
plebeyo	(2,5590)
untarse	(1,17627)
chasquido	(2,1491)
urrao	(0,6884), (0,6874), (0,12507)
reduzga	(1,18199)
quisiera	(4,1859), (1,8737), (3,228), (4,1094), (1,1831), (4,1868), (1,15403), (1,4911), (1,13231), (1,15919), (4,5593), (1,7094), (5,4926), (1,17595), (1,1216), (0,2911), (1,16962), (4,1767), (1,5446), (1,968), (4,5227), (1,9931), (1,3916), (4,6128), (1,14029), (5,6994), (0,6768), (4,2422), (1,5846), (1,16599), (1,17624), (1,12633), (2,4539), (1,9309), (4,6529), (1,11871), (1,9443), (1,9450), (4,2574), (1,2284), (4,1044), (4,7444), (1,2162), (0,10385), (1,15474), (4,791), (1,6900), (4,2840), (2,2648), (1,4727), (4,2079), (1,3196), (1,126), (2,1887), (1,4225), (1,13442), (1,4228), (1,13444), (1,2694), (1,18950), (1,11271), (1,18824), (1,15369), (2,4462), (1,6157), (2,3698), (2,5746), (2,5747), (1,17170), (1,10899), (2,4597), (1,10262), (2,6008), (1,10904), (1,17561), (1,10522), (1,2459)
ventajosas	(5,2523)
gasto	(1,12193), (1,15877), (1,4871), (0,263), (1,14248), (0,13032), (4,6255), (5,1364), (1,10900), (1,18197), (1,12566), (3,863), (2,5632)
quisiere	(1,10273), (1,16737), (1,2340), (4,2312), (1,4710), (1,18793), (1,16363), (4,8212), (4,8276), (0,2962), (0,2963), (1,2039), (4,7964), (1,3899), (4,8350), (4,5663), (1,1213), (1,3902), (0,3102), (4,3620), (1,1607), (4,8490), (4,8364), (1,973), (1,911), (1,1682), (1,15762), (4,2871), (0,2549), (1,13079), (1,14935), (1,10201), (1,12317)
apana	(4,5628)
tirantes	(2,5932)
agradaba	(2,6353), (5,405), (2,6291), (2,632)
amarillas	(1,4753), (1,16371), (2,1062), (1,5477), (1,15048), (1,4617)
gaste	(4,7831), (0,3260)
ordenasen	(1,10193)
tiberina	(4,6924), (4,6782)
prosperidad	(5,182), (5,7303), (5,1400), (4,397), (4,6576), (5,3651)
escoltas	(3,2941), (3,2959)
erubescit	(4,292)
displicente	(2,4149)
accesos	(5,7348), (2,3908), (5,4240)
anadiendolos	(5,5117)
conquistarlo	(5,4286)
gasta	(1,11461), (4,5961), (3,861), (1,15836)
robustecida	(5,2536)
terco	(5,7067)
embotan	(1,16641)
sobresalia	(5,3929)
jazmines	(1,8147), (1,10998)
extraordinarios	(5,1465), (5,4316), (5,368), (5,3586)
decimos	(0,1215), (4,8307), (0,1200), (0,13139), (0,1335), (2,6474), (1,16969), (2,6476), (1,828)
esparrago	(1,11882)
bramo	(2,6421)
pidieronle	(1,11632)
habidos	(0,5192)
matantes	(1,18398)
quisiese	(4,6979), (1,17249), (1,6435), (4,2375), (4,6151), (0,2761), (1,15210), (1,16427), (1,4268), (1,17328), (0,7760), (0,4881), (0,8657), (1,10866), (0,4882), (1,7157), (4,4185), (1,4471), (1,2168), (3,2620), (0,10777), (0,7775), (1,2372), (0,7780), (1,18055), (1,3912), (1,4360), (0,1003), (1,4813), (1,15822), (1,13520), (1,13648), (1,10194), (1,16402), (4,8320), (1,15517), (4,8322)
paludea	(5,7348)
alemaniscos	(0,7860)
aprendian	(5,4053)
impropias	(5,7916)
karoli	(0,445)
ninerias	(2,5281), (1,9571), (1,10889)
funcionar	(5,1223), (5,4554)
horacio	(2,6962), (1,18139), (2,1712)
funcionan	(5,1541), (2,7014)
aposentadores	(1,7722)
miraronse	(1,5693)
sesenta	(3,290), (2,4353), (5,2598), (5,5990), (0,3650), (5,1386), (0,3845), (0,11781), (0,11782), (0,9101), (0,9549), (4,7058), (4,8402), (0,11727), (0,11791), (5,6389), (0,9042), (5,312), (0,3923), (4,6680), (0,4182), (0,13527), (4,6748), (5,3198), (0,3481), (0,3999), (0,3680), (0,11745), (0,5795), (5,2827), (2,2025), (5,4556), (1,5000), (0,11751), (0,11754), (4,1455), (0,3569), (4,7862), (1,18195), (0,9907), (0,3318), (1,17431), (2,250), (0,7864), (0,10616), (5,7586), (0,13309), (3,289)
viboras	(1,17969), (1,8299)
contrasenas	(1,7203)
salir	(2,2049), (1,9760), (1,17440), (1,15649), (5,6827), (1,3118), (0,1870), (4,6610), (0,2384), (2,2073), (2,7961), (2,4122), (5,4544), (2,1822), (0,10589), (1,13886), (4,6882), (5,5571), (1,12609), (1,4420), (0,3174), (2,3883), (0,2922), (1,6988), (1,5710), (0,6263), (0,7033), (5,4831), (4,5887), (1,3421), (5,4065), (4,8193), (4,1538), (1,3935), (0,5246), (1,8289), (1,17249), (1,2146), (0,11905), (3,293), (1,16995), (1,2149), (1,8293), (4,4617), (2,331), (5,5102), (2,2892), (0,2955), (2,592), (4,5394), (1,6000), (0,6799), (5,4085), (1,5234), (2,7765), (2,857), (1,12409), (4,6685), (3,573), (4,7198), (1,10877), (0,157), (1,8063), (4,8739), (0,10399), (1,5250), (0,10145), (1,18052), (1,135), (5,2062), (4,5933), (2,8044), (0,10666), (0,6572), (1,16014), (1,4753), (1,9619), (4,2871), (1,1942), (2,633), (0,11959), (0,11450), (3,1887), (0,1982), (4,5700), (5,7717), (1,932), (1,7846), (3,1641), (1,6311), (1,2478), (0,2516), (1,12725), (3,2938), (1,9144), (2,7066), (2,2715), (3,2429), (1,1725), (1,7870), (1,8642), (2,164), (1,966), (3,1421), (1,8396), (4,7030), (1,13275), (4,8834), (3,2467), (1,5857), (2,4551), (1,17383), (2,4553), (2,717), (2,5581), (5,4209), (1,6637), (1,1007), (4,7314), (4,4245), (5,6521), (1,14327), (4,4769), (2,6115), (3,1991), (5,2186), (1,9226), (0,10794), (0,13099), (4,3504), (1,3597), (0,4908), (1,13326), (3,1233), (1,12303), (1,2065), (1,11025), (1,14865), (1,15634), (1,11028), (1,6934), (1,7191), (3,2013), (3,2269), (1,10271)
cuatrines	(4,2102), (4,4575), (4,5745)
salio	(0,8000), (0,12099), (2,4870), (5,6057), (0,5957), (0,6981), (1,8998), (1,12582), (1,11051), (2,4366), (3,2289), (1,305), (1,7473), (0,8533), (0,13397), (3,764), (1,11079), (5,7628), (0,2409), (0,6508), (0,7021), (1,5713), (0,2418), (1,2905), (2,7994), (1,7514), (1,10587), (1,12127), (2,3905), (0,13439), (2,3396), (1,12131), (1,15973), (0,9350), (5,7148), (0,6536), (1,4202), (1,11629), (2,594), (2,5971), (0,6803), (1,5753), (0,11929), (0,412), (0,6557), (0,7328), (0,161), (5,7174), (2,3944), (1,3464), (1,4747), (1,396), (1,15502), (0,5807), (4,1080), (0,6836), (1,17301), (1,409), (1,9884), (1,3485), (1,9374), (1,18590), (1,5793), (0,13249), (1,9123), (1,11427), (1,15524), (1,18340), (1,2470), (1,423), (5,3633), (2,7569), (1,5301), (1,14012), (1,8638), (1,14017), (0,6625), (1,15555), (1,10692), (5,7498), (1,9677), (1,15053), (1,15565), (1,2769), (0,8945), (1,7382), (4,7293), (0,6649), (1,10458), (2,4285), (2,4286), (4,7040), (1,5086), (3,929), (4,8837), (4,7815), (1,2534), (0,8969), (1,5355), (0,6156), (4,145), (1,2800), (1,11504), (4,8855), (3,952), (1,7670), (3,954), (1,5115), (1,5627), (0,6170), (1,11260), (1,7167), (4,166), (4,7591), (1,7940), (0,13348), (0,12072), (1,11274), (1,267), (5,4752), (2,7663), (5,6035), (5,6291), (1,11279), (1,10768), (1,2833), (4,8116), (3,2260), (2,7924), (1,10519), (2,249), (1,2585), (5,6557), (1,283), (0,12090), (1,14876), (0,9533), (1,17183)
terna	(0,10432), (0,9825), (4,7112), (0,5829), (0,5544), (0,10985), (0,7339), (0,10925), (0,5424), (0,6225), (0,9204), (0,9268), (0,4085), (0,9846), (0,9944), (0,10616), (0,3547), (0,5564), (0,1949), (0,5662)
httppglaforg	(4,9226), (4,9200)
terne	(4,8148), (4,5653), (4,4204), (4,6223), (4,1728)
sensatez	(2,6956)
tenacidad	(1,6929), (5,2056)
preciosa	(1,1058), (1,2598), (1,1577), (1,2601), (1,555), (1,2604), (5,7089), (1,1583), (1,561), (1,1075), (1,2613), (1,571), (1,574), (1,1089), (1,578), (1,2626), (1,581), (1,1093), (1,2629), (1,587), (1,1100), (1,2639), (1,595), (1,1109), (1,2646), (1,599), (1,2140), (1,606), (1,2654), (1,608), (1,610), (1,2659), (1,623), (1,626), (1,2678), (1,2685), (1,2175), (1,1664), (1,1154), (1,643), (1,1667), (1,1156), (1,1162), (1,2700), (1,1165), (1,2706), (1,1173), (1,2197), (1,662), (4,2617), (1,2199), (1,1177), (1,1183), (2,3718), (1,1702), (1,1195), (1,1709), (1,2222), (1,1200), (1,2736), (1,1202), (1,692), (1,2228), (1,697), (1,2234), (1,2237), (1,1214), (1,703), (1,1219), (2,5797), (1,2245), (1,2249), (1,2764), (1,2253), (1,1230), (1,2770), (1,1235), (1,2771), (1,1237), (1,726), (1,727), (1,1751), (1,1752), (1,2270), (1,736), (1,1761), (1,1252), (2,201), (4,4751), (1,749), (1,1266), (1,2804), (4,8343), (1,1782), (2,3287), (1,761), (1,1273), (1,2809), (1,2300), (1,1277), (1,2814), (1,2820), (1,1285), (5,2185), (1,266), (1,267), (1,2315), (1,2831), (1,784), (1,1297), (1,787), (1,283), (1,796), (1,1829), (1,1318), (1,2854), (1,295), (1,299), (1,2859), (1,2861), (1,1838), (1,303), (1,1841), (1,2354), (1,2355), (5,4282), (1,312), (1,2872), (1,2365), (1,1361), (1,1363), (1,1366), (2,3385), (1,1374), (1,863), (1,1887), (1,1381), (1,870), (1,1895), (1,1898), (1,1387), (1,365), (1,2414), (1,1903), (1,882), (1,886), (1,1398), (1,375), (1,888), (1,1912), (1,1401), (1,1404), (1,381), (1,1920), (1,1922), (1,1411), (1,902), (1,392), (1,904), (1,1416), (1,1928), (4,7468), (1,907), (1,403), (1,2453), (1,406), (1,2455), (1,923), (1,1947), (1,926), (1,1438), (1,1440), (1,1955), (1,2469), (1,935), (1,2472), (1,2477), (1,2478), (1,1967), (1,1457), (1,1969), (1,947), (1,953), (1,1467), (1,2491), (1,956), (1,1469), (5,4420), (1,969), (1,2514), (1,2516), (1,1493), (5,3929), (1,1497), (1,987), (1,1501), (1,2017), (1,997), (1,1512), (1,2537), (2,3534), (1,1524), (1,2552), (2,3554), (1,2057), (1,1046), (1,1048), (1,2585), (1,538), (1,541)
terms	(3,3042), (2,5), (0,13896), (1,18990), (1,18995), (3,3062), (0,13907), (5,8889), (4,8922), (3,3066), (0,13911), (5,8894), (3,3071), (3,3073), (2,8227), (3,5), (3,3077), (1,19015), (3,3082), (3,3084), (1,19019), (3,3086), (2,8238), (4,8945), (5,8914), (1,19024), (2,8243), (5,8918), (1,19026), (4,8950), (1,19030), (5,8923), (4,8955), (5,8925), (4,8957), (3,3101), (1,19035), (3,3103), (5,8929), (1,19037), (4,8961), (1,19039), (4,5), (5,8934), (4,8966), (3,3110), (5,8936), (4,8968), (5,8938), (4,8970), (1,19054), (1,19056), (4,8984), (5,8953), (3,3128), (4,8986), (5,8955), (1,19063), (4,8993), (5,8962), (5,5), (1,19081), (3,3148), (0,13738), (3,3154), (4,9011), (5,8980), (3,3160), (1,19101), (0,13759), (2,8066), (4,9028), (1,19107), (5,9000), (0,13763), (2,8071), (4,9033), (0,13768), (1,19113), (5,9006), (0,13770), (4,9039), (0,13774), (5,9012), (0,13780), (0,13782), (0,13784), (2,8091), (3,3198), (2,8095), (2,8100), (2,8102), (3,3209), (0,13799), (2,8106), (0,13801), (3,3214), (2,8111), (1,19151), (2,8113), (0,13808), (2,8115), (4,9077), (5,9050), (1,19162), (4,9088), (1,19167), (2,8130), (4,9092), (5,9061), (2,8132), (0,13827), (5,9066), (0,6), (2,8139), (0,13846), (2,8157), (0,13852), (0,13858), (1,5), (2,8177), (2,8183), (3,3037), (2,8189)
amainaron	(1,4257)
permitiendo	(1,13929)
bozal	(2,850), (2,852)
contemplaba	(2,1476), (2,3372), (1,9435), (1,15851)
sucumbir	(5,1565)
afectaban	(5,1368), (5,1968)
azadas	(3,864)
fusta	(0,383), (0,7073), (0,900), (0,261), (0,2917), (0,11846), (0,907), (0,1995), (0,11852), (0,941), (0,1582), (0,1998), (0,243), (0,1594), (0,894)
precioso	(2,3619), (2,7891), (3,2873), (3,1274), (5,973), (2,7306), (2,731), (5,6576), (5,5730)
redopelo	(1,1796)
extranar	(5,2244), (5,6087), (2,7354), (5,6927), (2,4462)
dependia	(5,2430)
honrosos	(1,15697), (1,3772), (1,14943)
braga	(4,1637)
flanco	(5,2050)
viril	(5,5256), (5,3103), (5,2033)
familiares	(2,7411), (4,4296), (3,1054), (2,5517)
raros	(5,2661), (4,102), (2,3145), (1,3016), (4,66), (5,6739)
amonesto	(5,4588)
argos	(1,384), (1,4723), (1,14915), (1,9608)
vueltose	(0,8856)
extranas	(5,7916), (4,8513)
noticiosos	(3,1258), (3,2720)
complimiento	(0,2496)
dieciseis	(2,4135)
tomandolos	(1,13827)
dependio	(5,1150)
norte	(3,485), (5,2472), (0,11076), (0,11077), (5,1963), (5,3499), (0,11082), (0,5966), (0,11086), (5,180), (3,1014), (0,11098), (0,11356), (0,7261), (0,10846), (5,1476), (0,11359), (0,11104), (0,9825), (0,10850), (0,11106), (0,3939), (0,11107), (5,717), (0,10856), (0,3689), (0,6761), (0,10857), (0,11113), (5,2767), (0,11115), (0,5741), (3,1299), (0,11632), (0,5746), (5,5337), (5,475), (0,9593), (0,10874), (5,6624), (0,5761), (0,10884), (0,10886), (0,6793), (0,10889), (0,10890), (0,6283), (0,10125), (0,10894), (5,3061), (0,11152), (0,11154), (0,10901), (5,3067), (0,11158), (0,9880), (5,255), (0,11677), (0,11422), (5,520), (5,1033), (0,11684), (5,522), (0,10661), (0,10918), (0,10151), (5,7181), (5,273), (0,11437), (0,11693), (5,1811), (0,10926), (0,4020), (5,1820), (5,1054), (5,543), (0,1210), (0,4027), (5,3366), (0,11201), (3,2406), (5,555), (5,2348), (0,8391), (5,1071), (5,1839), (5,2096), (0,9676), (0,11213), (5,307), (3,372), (0,11218), (3,1148), (1,706), (5,2118), (0,11490), (5,7498), (0,10214), (5,590), (5,1358), (0,11242), (0,13549), (5,1363), (0,7663), (0,13554), (5,346), (3,2203), (5,2142), (1,3291), (5,608), (1,18654), (0,11264), (0,11524), (0,11526), (5,3180), (0,3849), (5,112), (5,626), (3,945), (5,3187), (0,13582), (0,11028), (0,10520), (0,11034), (0,10524), (5,645), (3,2243), (0,13345), (0,11044), (5,4490), (5,140), (5,652), (0,11047), (0,10282), (5,400), (0,3883), (5,2961), (0,2351), (0,9775), (0,9776), (3,469), (0,5682), (5,152), (1,13850), (0,6204), (3,2272)
danada	(1,3569), (4,5816), (4,5807)
north	(3,3314), (0,14017), (1,19267), (2,8343), (4,9197), (5,9166)
racionales	(4,7077)
interesables	(0,768)
pontificia	(5,3715)
camotuan	(0,7192), (0,12200), (0,7193), (0,7194), (0,7195)
tempranas	(2,3691)
embiase	(0,3776), (0,7634), (0,5620), (0,7781), (0,7111)
ayudan	(4,3380), (4,1576), (4,4874), (4,5291), (1,8222), (1,8511)
ciegan	(1,18688)
course	(5,8950), (4,8982), (0,13796), (3,3098), (1,19051), (2,8127)
hortelano	(4,6867)
ayudas	(2,3463), (2,4556)
zurcido	(5,7887)
ayudar	(0,6511), (1,13632), (4,5828), (4,5544), (1,15003), (3,2046), (1,17212), (0,5276)
platerias	(2,278)
expulsare	(2,2283)
adiciones	(5,7865), (5,4766), (5,4755)
faltabales	(2,7029)
conquistaria	(1,18537)
inconviniente	(0,1949)
digales	(2,4881), (2,4868), (2,7564)
embiare	(0,3791), (0,1729), (0,1902)
acumulada	(5,3552)
ascondidos	(0,1400)
habremos	(4,2019), (4,3155), (1,17848)
percepcion	(5,1944)
tijera	(1,4645), (1,4717)
obligan	(1,12400), (2,6280), (1,13479)
palabrejas	(2,6601)
vergas	(0,10145)
mariposa	(2,4485), (2,4889), (2,4572), (1,10365)
obligar	(1,4672), (3,2887), (1,6302), (1,4671)
addresses	(3,3349), (4,9238), (5,8473), (1,19302), (2,8378), (0,14058), (5,9201)
salen	(4,1347), (1,17376), (3,1028), (1,261), (2,2057), (1,17866), (3,1009), (3,1329), (4,6260), (1,15508), (3,2040), (4,4249), (4,5465), (1,7798), (4,4476), (4,1630), (0,9949)
apuradas	(4,2937)
fremont	(5,1477), (5,8231), (5,1352), (5,1337), (5,1290), (5,1326), (5,1297)
valencianos	(1,18634)
carnestolendas	(0,10300)
utilizando	(5,4998)
tirasen	(0,7535), (1,7949)
tolerante	(5,4386)
sondandolo	(0,4633)
tengamos	(2,2179), (0,3938), (2,2359), (1,879)
costa	(1,16933), (0,11846), (0,7243), (0,5196), (0,11852), (0,5709), (0,8271), (0,11856), (3,2552), (1,16440), (0,7260), (0,96), (0,10849), (2,549), (0,10851), (0,10852), (4,2027), (0,3688), (0,4200), (5,7630), (1,3150), (0,10863), (0,3188), (0,10870), (0,10871), (0,10873), (3,543), (0,8322), (0,1157), (0,4231), (0,10376), (0,1161), (0,1164), (0,7311), (0,4243), (0,1176), (0,4248), (3,572), (4,5664), (0,11420), (0,8350), (0,1183), (0,11424), (0,6305), (0,6309), (0,11430), (0,3240), (3,2637), (3,1104), (0,11440), (0,3762), (0,10933), (0,5814), (0,11447), (0,3256), (0,1209), (3,2142), (0,10939), (0,8380), (0,11453), (5,3107), (0,7358), (0,7361), (0,6339), (0,7364), (0,12997), (0,8390), (0,9414), (0,12998), (0,6343), (0,6857), (0,6859), (1,14508), (0,6349), (0,7373), (5,4148), (0,6866), (0,7382), (0,11478), (0,11480), (0,9950), (0,13535), (3,643), (0,6368), (0,3304), (0,12010), (0,3307), (0,13548), (0,13038), (0,244), (0,10485), (0,10487), (0,8442), (0,8956), (0,7934), (2,2244), (4,1159), (0,264), (1,1773), (0,10519), (0,795), (0,10524), (0,7453), (0,11549), (0,7455), (0,10527), (0,11557), (3,2261), (0,11576), (0,3897), (1,13594), (0,3898), (0,3900), (0,12604), (0,9533), (0,10559), (0,3904), (1,18211), (0,10563), (0,10564), (0,12100), (0,3910), (0,10571), (0,1357), (0,3917), (5,2229), (0,3920), (0,7507), (1,6456), (0,7001), (1,17210), (0,7002), (1,8507), (0,3932), (0,3935), (0,3939), (0,3941), (0,3943), (0,7015), (3,2827), (0,3945), (0,2410), (0,3948), (0,10606), (5,1748), (0,10609), (0,9589), (0,3960), (0,10618), (0,894), (4,5894), (3,807), (0,900), (0,10629), (0,4999), (1,7529), (0,909), (0,7058), (5,249), (0,1429), (0,11671), (0,933), (0,10661), (0,10662), (0,6567), (0,6569), (0,941), (5,1299), (0,944), (0,954), (0,4026), (0,10174), (0,959), (5,2340), (0,10176), (0,12738), (3,2921), (0,12751), (3,2931), (0,10194), (0,5589), (3,890), (0,10200), (3,2430), (3,2943), (0,12765), (3,2949), (3,2952), (1,4038), (0,10214), (0,2537), (1,17882), (0,7678), (0,7683), (1,8165), (0,10247), (0,3080), (0,10248), (3,943), (5,6002), (3,945), (0,6671), (0,1560), (0,2586), (0,2589), (0,2592), (1,3586), (3,1477), (0,4131), (0,10280), (0,10281), (0,10282), (0,1068), (0,7217), (0,13361), (0,5170), (0,1078), (5,7584)
fetaran	(4,4706)
zascandiles	(2,5513)
tratemos	(0,3018), (2,4688)
congregaron	(5,1195)
mentirosas	(2,2552)
coste	(0,13032), (4,5678)
porquerones	(1,18513), (4,4359)
barrida	(1,10972)
virey	(0,11967), (3,2436), (1,3428), (1,3365), (3,1416), (1,3366), (1,3594), (3,2350), (1,3468), (3,2483), (0,13328), (0,2417), (0,3473), (3,2999), (0,5556), (3,2360), (3,1627), (0,11928), (3,2397), (1,2974), (1,4287)
motejaste	(4,5305)
chiquitas	(2,5281)
monopolios	(5,2605)
suntuoso	(1,14248)
cossa	(0,9283)
ignacio	(3,1619), (5,5111), (3,1632), (3,1185), (3,1873)
balanzas	(0,5072)
dependen	(2,2114)
salga	(3,2019), (2,7363), (1,2980), (1,1068), (0,2827), (2,334), (4,4880), (1,5677), (2,5071), (0,4877), (3,1396), (0,2385), (0,4177), (1,2675), (0,2387), (1,11642), (4,4770), (1,11654), (4,3114), (2,7528), (1,14600), (2,2476), (1,3410), (1,14994), (1,18139), (0,2941)
suntuosa	(1,15593)
barriga	(1,17729), (1,16371), (0,9909), (1,2153)
conoscieran	(0,7565)
ordinarios	(5,1756), (1,1916), (1,7868), (5,4514)
ensuciar	(2,2724)
deveras	(3,845)
concreta	(0,120)
salgo	(4,6691), (2,4036), (4,1514), (1,15738), (4,7407), (4,2640)
perecido	(0,800), (5,2786)
concreto	(0,208), (5,1758), (2,2619), (5,5235)
sexta	(0,1374)
agrandaron	(5,4811)
avistando	(0,95)
rebienta	(0,3712)
encinar	(1,2111)
encinas	(3,2148), (1,1853), (3,2063)
costs	(0,13935), (1,19232), (4,9156), (2,8308), (3,3238), (5,9131), (1,19191), (4,9116), (0,13976), (2,8267), (3,3279), (5,9090)
sacudido	(5,4279), (1,872)
costo	(4,4650), (2,1098), (4,5405), (4,2399), (5,4225), (5,2179)
sexto	(4,7044), (2,2380)
cantores	(5,7765)
digalas	(4,8114)
botillera	(4,3528)
quebrarian	(1,7897)
equivalencia	(0,2283)
sacudida	(5,2291)
bartolo	(2,3698), (2,1827), (1,18312)
salia	(1,16485), (1,15719), (1,15466), (1,3439), (0,11470), (4,8788), (5,1848), (1,9588), (1,15220), (1,11254), (2,153), (2,5211), (1,7292), (1,18045), (1,17214), (1,13439), (4,5859), (1,7936), (2,7718), (2,4331), (1,4811), (2,621), (2,5357), (5,3985), (0,6637), (1,11024), (1,7252), (1,17045), (1,7000), (4,445), (2,1659)
virgo	(4,2933), (4,2934)
destrozadas	(2,5457)
jareta	(0,9992)
salid	(1,18459), (1,14334), (1,15375), (1,17439)
buba	(4,7040)
