irritados	(2,2275), (2,952)
balbano	(4,5902)
nieve	(3,1076), (2,3718), (1,2310), (1,18342), (3,329), (1,8455), (4,877), (1,15802), (1,7403), (3,1760), (1,2591)
interpuso	(5,5623)
posibles	(2,4947), (0,6946), (1,7891), (3,679), (1,15669), (0,8709), (1,2522), (1,13258), (3,2269), (2,4365), (1,15437)
higado	(2,1815)
socorriesen	(1,14539)
boltar	(4,8213)
fundiciones	(0,13045), (0,1337)
benton	(5,1317), (5,8421), (5,1322), (5,8031), (5,1330), (5,1331)
renunciaria	(5,3626)
aguijando	(1,14497)
denuncian	(0,166)
denunciar	(5,5547), (5,717)
navegaba	(1,4401), (5,1834)
prometas	(1,8772), (4,8170)
consultor	(2,1830)
tomose	(0,6904), (0,7336), (0,9996), (0,8749)
abdencia	(0,5762)
presura	(4,8463)
nieto	(1,352), (0,3039), (0,2787), (0,389), (1,9094), (1,9126), (0,6156), (1,8974), (1,9047), (0,2711), (0,1848), (0,12408), (1,346), (1,9050), (1,9114), (5,4447)
monografias	(5,6540)
escarmentase	(3,95)
fundaron	(3,2690)
veislo	(4,5555), (4,6487), (4,4922), (4,2236), (4,2268), (4,4556), (4,2239), (4,2193), (4,3713), (4,482), (4,5762)
atribuir	(5,7188), (5,7750)
primer	(5,678), (5,170), (4,2250), (2,2573), (2,2574), (0,4176), (2,2071), (2,536), (2,2072), (5,957), (1,13373), (5,1730), (2,5414), (5,1227), (1,13385), (5,3534), (5,4046), (0,108), (5,219), (0,125), (5,2275), (5,3300), (2,6728), (5,1777), (5,3313), (5,5106), (2,4690), (5,7163), (2,7772), (5,5633), (1,6013), (5,2562), (1,1409), (5,6149), (1,17284), (0,2980), (5,6669), (3,1872), (4,4657), (1,16270), (2,4466), (5,2070), (2,1652), (1,8599), (5,284), (5,4636), (0,12985), (1,7835), (1,18844), (5,4391), (1,5283), (5,1331), (1,5041), (5,6453), (4,2133), (5,3382), (5,567), (1,5045), (0,219), (5,3904), (1,5057), (5,6213), (2,7587), (5,5704), (2,3238), (5,4173), (1,18380), (2,1198), (1,13005), (2,687), (0,496), (5,4704), (4,2176), (0,773), (0,1285), (5,4715), (2,972), (5,5747), (1,1523), (2,2007), (2,5592), (5,381), (5,1662), (1,17914), (2,5084), (5,3968), (2,5854), (5,3973), (5,4745), (5,4751), (5,1936), (1,11532), (1,11534), (5,6550), (5,3228), (1,11800), (5,3743)
borrascas	(1,7745), (2,4343), (1,7739), (5,146)
cabellos	(2,1606), (1,7402), (1,3051), (2,6736), (1,3121), (4,8535), (1,11252), (1,18356), (1,11257), (4,861), (4,867), (1,13568), (1,3777), (2,6692), (4,874), (4,1454), (1,3019), (1,13133), (1,8143), (1,9615), (1,9232), (4,6260), (1,7761), (1,1426), (1,3604), (1,3095), (1,6295), (1,9304), (1,11610), (2,6844), (0,9914), (1,16093)
fingimiento	(1,4083), (1,4239)
overo	(4,5967), (1,8445)
prendiole	(1,17258)
manual	(5,6720), (5,7779)
milan	(1,7680), (4,2566), (1,15110), (1,457), (1,7769), (1,7836), (1,18350)
transcendera	(2,6716)
perseguirnos	(4,8464)
veisla	(4,3396), (4,2187), (4,2571), (4,4635), (4,3532), (1,6718), (4,1666)
timoteo	(2,6333)
genova2	(1,8372)
ayudole	(2,1444)
habana	(5,3685), (5,4550), (5,3815), (5,3720), (5,2506), (5,4682), (5,4842), (5,3756), (5,5036), (5,3597), (5,5102), (5,4592), (5,3891), (5,3767), (5,3799), (5,5112), (5,4827), (5,3869), (5,7104)
arriar	(5,3045)
agradezcoos	(0,3583)
perfecta	(5,5162), (1,3017), (5,2320), (1,3023), (5,1620), (1,15985), (5,1942), (5,6998), (5,3095), (5,5210), (5,5626), (0,504), (4,382), (5,928), (5,6882), (5,3491)
arrias	(0,3699), (0,3653), (0,3734), (0,3705), (0,3676), (0,3692), (0,3694)
huellas	(5,4101), (5,4009), (5,5678)
lovatone	(2,1543)
prometen	(0,8960), (4,3525), (1,1028), (3,2808), (1,13450), (1,1628), (1,13164), (4,3600)
prometer	(1,15618), (1,16978), (1,13075), (1,3895), (1,14971)
navegada	(0,13611)
corpulentos	(3,1509), (3,1084), (3,334), (3,351)
soportaba	(5,3776)
encantamento	(1,18844)
arriba	(3,738), (0,8514), (0,3651), (1,2343), (0,11079), (2,6932), (1,15411), (0,1620), (1,15413), (0,11096), (1,10042), (4,6370), (0,9824), (1,2114), (4,6629), (0,7271), (4,5872), (4,241), (4,3569), (1,10319), (0,10862), (0,10863), (3,788), (4,1013), (0,10611), (1,12374), (2,825), (1,11609), (1,11867), (0,10366), (2,3394), (0,11648), (0,2696), (2,332), (0,11148), (4,532), (0,6290), (0,9874), (3,823), (0,9876), (4,1305), (0,6037), (0,10393), (0,8860), (1,2689), (4,7974), (0,11170), (0,11682), (4,2858), (4,6186), (4,1325), (0,6825), (1,12427), (0,11690), (4,4143), (0,6064), (0,11696), (0,10163), (0,10419), (1,11414), (1,14486), (4,6973), (4,8001), (0,10174), (0,9925), (0,10185), (0,10445), (4,596), (0,9936), (0,1234), (0,9682), (0,11478), (0,10712), (2,1950), (4,7776), (0,10716), (4,7009), (4,7265), (0,6880), (0,11488), (4,7781), (0,11494), (4,3691), (4,7787), (0,11498), (0,6124), (2,6065), (0,5106), (1,10455), (4,3453), (0,11002), (0,6912), (0,11521), (0,11014), (0,2823), (0,11528), (0,11018), (0,11530), (5,626), (0,11537), (4,3734), (0,6930), (0,10517), (0,6934), (0,8215), (4,7580), (0,6936), (4,7070), (0,11547), (4,7586), (0,11295), (0,4128), (0,10018), (4,6824), (0,5924), (0,11557), (0,47), (1,10261), (0,10038)
oleadas	(5,3469)
carretero	(1,16999), (1,8218)
llamaban	(2,1537), (2,1985), (1,5793), (1,5602), (1,17250), (5,231), (2,133), (2,6661), (2,2311), (2,138), (5,5231), (2,2318), (5,2417), (2,1681), (2,5141), (1,11900), (2,4511), (2,6757), (1,14022), (1,4041), (3,973), (1,6156), (0,6766), (1,11664), (2,629), (2,5429), (1,16406), (2,124), (2,1916), (5,4576), (0,6331), (1,12765), (2,127), (5,611)
obliga	(0,625), (2,1571), (1,2931), (1,14947), (1,11588), (2,3862), (1,5270), (0,139), (0,700), (1,14781)
supersticiosamente	(5,1779)
flexibilidad	(2,1313), (2,6749)
fieltro	(1,10380)
publicacion	(0,223), (5,1076), (0,13631), (0,209), (0,497), (1,5955), (5,4553), (0,136), (4,175), (0,13115), (4,224), (5,4722)
illam	(1,8259)
arribo	(0,11923), (0,13444), (0,213), (0,773), (0,5958), (0,2439), (1,6457), (0,7529), (0,12091)
invasion	(5,2775), (5,4178)
reiteracion	(2,2684)
atribuia	(5,1817)
franceses	(5,6516), (5,997), (0,4017), (5,6134), (2,965), (4,2168), (2,5273), (0,616), (2,666), (4,1039), (4,7184), (5,4995)
vermes	(4,2104)
obligo	(0,449), (1,10850), (3,1478), (2,3381), (0,2484), (1,6821), (0,2037), (1,18038), (0,2023), (1,11786), (1,14138)
preferido	(5,2341), (5,3256), (5,6110), (5,1376)
habilidad	(1,17504), (1,5219), (5,2089), (1,7653), (0,4423), (5,4780), (5,7277), (1,16809), (2,6987), (0,4172), (1,16622), (1,16686), (5,563), (1,5999), (1,9711), (5,5432), (1,4726), (5,7613), (5,5887), (5,5827), (5,6915), (5,1289), (5,1417), (5,270), (5,2641), (1,10893), (0,4274), (5,2207), (5,611)
alfiler	(2,4531), (4,5397), (4,456), (5,7450)
requerilla	(0,2345)
enrede	(1,3094)
dexaba	(4,1881), (4,1042)
falkner	(3,999)
laudables	(5,596)
evacuaron	(4,167)
presuto	(1,8947), (4,1567)
democracia	(5,4807), (2,168)
semiplena	(3,2418)
unturas	(1,17696), (1,17514), (1,17629), (1,17677)
dexistes	(4,6891), (4,6416)
dundonald2	(5,5483)
desborde	(2,309)
afeito	(4,7347), (4,6277), (4,5608), (4,7336), (4,8778), (4,6268)
dormi	(4,1876), (4,1787), (1,16427), (4,1856), (4,1904)
haria	(1,4130), (1,12194), (1,3747), (1,4259), (1,3879), (1,6952), (0,4168), (0,8776), (0,8522), (0,7115), (1,7213), (0,8524), (1,3250), (0,8529), (1,14386), (4,342), (4,6742), (5,440), (1,4149), (0,8022), (4,4188), (3,2939), (1,11321), (1,17721), (4,6365), (0,6496), (4,8178), (0,7535), (1,10577), (1,9942), (0,6521), (1,5723), (1,8283), (1,6247), (0,9481), (4,8087), (4,4760), (1,5497), (5,6914), (0,6942), (0,8480), (4,7975), (3,713), (3,2634), (4,4909), (0,1450), (1,13201), (1,6548), (1,10132), (0,6838), (1,18590)
iremos	(0,3967), (4,1284), (2,903), (4,2330), (2,6476), (2,2333), (0,3948)
pornemos	(4,4474)
zabordaron	(0,8593)
jirones	(2,6100)
contribui	(2,2771)
crimenes	(2,6785), (2,5545)
navegado	(0,7617), (5,3354), (0,3909), (0,11639), (0,5608), (0,731), (1,3292), (3,2176), (0,11630)
desdenarme	(1,3055)
hoviese	(0,2885)
patrimonio	(0,4529), (1,9378), (0,1059), (2,3176), (5,3211), (5,5771), (0,4536), (0,5532), (0,4622)
creamos	(1,17811), (3,2232)
limpiamente	(1,17139), (1,16805)
holmes	(5,8329), (5,5954)
reflexiva	(5,4950)
enredo	(1,18592)
hoviere	(0,1379), (0,1129), (0,1833), (0,5930), (0,1227), (0,1387), (0,1165), (0,2733), (0,1231), (0,1392), (0,1813), (0,279), (0,1529), (0,1403)
inaugurarse	(5,3550)
rodelas	(0,4453), (0,10584), (0,9962)
united	(2,3), (2,7), (3,3048), (1,18987), (2,8077), (1,18988), (5,8886), (5,8887), (4,8919), (4,8920), (0,14040), (1,19001), (5,8900), (0,13791), (3,3), (3,3331), (0,13793), (3,7), (2,8360), (0,14055), (3,3346), (0,13807), (3,3093), (1,19284), (3,3095), (2,8375), (0,13813), (2,8122), (2,8124), (5,9183), (4,9220), (0,13824), (3,3109), (1,19299), (0,4), (0,13829), (1,19046), (1,19048), (0,8), (3,3115), (2,8138), (5,9198), (5,8945), (0,13836), (4,8977), (2,8144), (4,8978), (5,8947), (4,8979), (4,9235), (3,3126), (1,19062), (3,3131), (2,8155), (1,19068), (4,8992), (5,8961), (5,3), (2,8160), (3,3138), (4,8997), (1,3), (5,7), (5,8967), (2,8167), (1,7), (1,19079), (0,13735), (0,13736), (1,19084), (5,8978), (5,8983), (1,19091), (0,13747), (5,7321), (4,9017), (3,3034), (5,7324), (3,3035), (5,8990), (2,8063), (2,8064)
pelada	(1,17907), (0,11431)
detenellos	(0,3229)
cabezuela	(4,211), (4,243), (4,153), (4,221)
primas	(1,7306), (1,15690), (4,671)
miles	(5,1064), (5,1465), (2,429), (2,5421)
cielos	(2,3398), (1,11880), (1,7818), (1,11085), (1,2289), (1,14774), (1,14071), (1,2328), (1,9306), (1,5531), (1,12445), (2,1855), (2,2015)
entendiese	(0,5599), (0,6767), (0,8879), (0,7200), (1,6883), (0,7350), (0,11623), (0,5626), (0,7451)
aparentemente	(5,2692), (5,2199), (5,1050), (2,2056)
compadecer	(2,5817)
tiramos	(0,10628)
hares	(4,7790)
afeita	(4,8086)
afeite	(4,7344)
guatemalac	(0,11859)
emendado	(4,6269)
forjar	(5,7606)
viviese	(5,7204), (3,204)
trocar	(1,1032), (1,10940)
pesados	(0,806), (1,16888)
ingratas	(1,4563)
monarca	(1,2816), (5,5781), (5,6565), (3,2420), (3,1243), (5,5758)
indiscreto	(1,1945)
sangrarian	(0,8822)
entendiera	(1,3237), (1,13061), (1,8185), (4,6525), (1,11885)
angelina	(4,5189), (4,5110), (4,5017), (4,5089), (4,5105)
arqueologicas	(0,13027)
medrosa	(1,15261)
iluminaciones	(2,1210)
arreglada	(3,2533)
vercelesas	(4,3019)
alrededores	(5,2778)
visorrey	(0,3008), (0,1989), (0,3590), (0,971), (0,4236), (0,3341), (0,9357), (0,4302), (0,912), (0,2512), (0,1553), (0,5841), (0,3154), (0,3346), (0,3411), (0,980), (0,4693), (0,2710), (0,3030), (0,4247), (0,3163), (0,990), (0,2975), (0,4256), (0,4384), (0,929), (0,3428), (0,1317), (0,2727), (0,5991), (0,11944), (0,1449), (0,3049), (0,9514), (0,4076), (0,1007), (0,2736), (0,5808), (0,1457), (0,1463), (0,4087), (0,3064), (0,3321), (0,2811), (0,3067), (0,4091), (0,3581)
gallardos	(1,1531)
porqueron	(4,6333), (1,18894)
viviere	(4,835), (4,6512)
viviera	(4,444), (4,417), (1,10639)
sirviesen	(1,6753), (1,6274), (1,10636)
delicada	(5,3028), (1,2242), (1,7910), (1,16198), (4,8540), (5,2095)
empero	(0,3391), (1,18880), (1,3522), (0,5191), (5,494), (0,11629), (0,3758), (5,1236), (5,7668), (5,2421), (1,16308), (5,6874), (5,3520)
vagamundo	(4,8820), (4,6554), (1,11512)
socalinas	(1,18201), (1,16367)
discricion	(4,2563), (4,4660), (4,2141)
acogieronle	(1,4748)
imposturas	(5,6644), (3,247)
arrebataron	(0,6591)
vagamunda	(1,8384), (1,17379)
delicado	(4,196), (0,480), (4,8901), (4,136), (1,16198), (1,1928), (4,12), (1,9323), (1,3053), (2,3695), (2,592), (4,243), (5,6232), (4,152), (3,2519), (4,156), (4,221), (4,190), (4,1), (2,6495), (4,226)
aceptaba	(5,498), (1,7150)
peldanos	(5,1004)
continuarian	(5,1491)
agradezcote	(1,2232), (1,4106)
rrubrica	(0,9088)
saborucos	(0,13514)
conocerlos	(0,5007), (0,103), (5,2894)
medroso	(2,1620), (4,8098)
gansadas	(2,4697)
descolgo	(0,7396)
ondulante	(2,2021)
modales	(2,5562), (2,6687)
callado	(1,17152), (5,2312), (1,18756), (1,8711), (4,5340), (4,2478), (2,3292)
pelare	(4,1940)
argumentando	(2,4008)
espartano	(5,4160), (5,4161)
franceso3	(4,187)
mozuela	(1,367)
insurrectos	(5,5143)
desmemoriada	(4,5097)
prepararse	(2,5058), (2,6586), (5,3502)
atroz	(2,1683), (2,2228), (2,2293)
aviendo	(0,3103), (0,704), (0,9067)
milio	(4,5319)
suspensas	(1,10045)
remitidas	(3,2636)
reunidos	(5,1141), (2,678), (2,6935), (2,2425), (5,7436), (5,5760), (5,6160)
kelly	(5,7830), (5,8221)
figurose	(5,6200)
flagrante	(5,1707)
derramando	(1,3649), (1,14562), (1,4022), (2,4264), (1,15576), (1,10605), (1,2510), (1,8990), (1,9103)
grasientos	(1,1128)
villania	(2,4826)
caigan	(4,7637), (2,5510)
dexado	(4,1431), (4,3936)
pareceres	(0,3295), (0,13427), (0,5764), (1,6550), (0,13413), (0,5676)
lvcomo	(4,8829)
haran	(0,4545), (0,4547), (4,8140), (0,1613), (1,8494), (1,14254), (0,5776), (1,10355), (0,1688), (0,1689), (2,478), (0,1885), (0,4573), (4,995), (4,5994), (0,3563), (4,4720), (2,4656), (2,5488), (0,3823), (1,15761), (3,1944), (2,5176), (0,951), (1,5848), (2,4734)
inquisidores	(1,17591)
aceptada	(5,3509)
aticas	(2,6304)
atoando	(0,6481)
haras	(2,4497), (2,4593), (1,5575), (4,1595), (1,5450), (2,4492)
temeran	(2,5235)
enmendar	(1,4661), (1,16473)
individuos	(2,2113), (5,2598), (3,166), (2,5701), (5,1516), (5,3180), (5,1713), (5,1266), (2,1424), (2,6673), (5,1466), (2,7127), (2,1176), (5,3523), (2,5347), (2,6628), (5,1610), (5,3466), (5,5972), (5,2773), (5,3866), (2,2425), (5,1885), (5,2913), (2,3199)
garrado	(0,6174)
pensaredes	(0,1728)
mozuelo	(4,3226), (4,1585)
removed	(2,8146), (5,8950), (4,8982), (4,9000), (5,8969), (0,13796), (3,3098), (0,13815), (3,3117), (1,19051), (2,8127), (1,19070)
bofetones	(2,6459)
legitimamente	(3,2896), (5,1699)
defraudaban	(0,8251)
remover	(3,2313)
canonizose	(1,17165)
arrebatarlo	(5,7096), (5,4457)
arcediano	(2,7236), (2,1128), (2,7146), (2,6255)
femenino	(4,8568), (1,9606), (4,4716)
registrara	(3,880)
sarac	(4,8107)
texer	(4,6326), (4,447), (0,5115), (4,385)
contando	(5,7434), (5,3499), (1,7465), (3,2094), (2,2430), (2,5950)
heterodoxos	(5,6916), (5,7816), (5,4574), (5,8319), (5,5232), (5,5249), (5,6834)
examinara	(2,5120)
adquiriendo	(0,4943), (5,1661), (3,2605)
cominico	(4,432)
leidas	(5,1301), (5,1601)
magabilens	(0,12352), (0,13572)
dormistes	(4,725)
aceptado	(2,7345), (5,390), (2,2419), (0,3267), (5,6556)
empeno	(5,2340), (0,3395), (3,743), (3,1384), (2,2567), (0,3401), (5,687), (5,2991), (0,3146), (0,3403), (3,881), (0,5586), (0,3413), (0,12889), (0,4961), (5,7750), (3,395), (5,5198), (5,2646), (3,1429), (3,1685), (3,662), (0,506), (0,4730), (3,671), (5,4065), (0,4991), (0,3207), (0,5640), (5,3054), (2,2893), (0,5647), (3,1204), (5,2296), (0,5652), (5,5376), (0,542), (5,3075), (5,4358), (2,996), (5,6281), (1,7557), (3,843), (0,4008), (2,3180), (5,2704), (5,2705), (2,3318), (0,11956), (2,2687)
movera	(1,8495)
guras	(1,5193)
femenina	(2,4526)
florete	(1,18969)
movere	(2,5711)
duelos	(4,4776), (5,5449), (4,2313), (4,5481), (1,16038), (1,17704), (4,940), (4,6093), (4,785), (4,4791), (4,1048), (4,1914), (5,193)
empene	(3,2646), (4,4954)
asquerosas	(2,5596), (1,17582)
celosos	(1,1957), (1,3847), (1,13722), (1,1499), (2,3420)
presume	(4,3571), (3,1844)
inllevable	(1,8406)
empena	(2,7093), (2,7095), (5,5867)
presuma	(1,16959)
presumo	(2,5684), (2,1145)
read	(2,8099), (1,19010), (2,8260), (0,13767), (4,8940), (5,8909), (0,13928), (3,3057), (1,19023), (1,19184), (4,9108), (2,8086), (5,8922), (4,8954), (5,9083), (0,13754), (3,3070), (3,3231)
debajo	(5,165), (1,10789), (1,10151), (1,2216), (1,10152), (1,12460), (1,5167), (0,8014), (1,11576), (0,2137), (1,5180), (1,5186), (1,963), (1,7620), (1,14532), (1,1989), (2,7591), (1,8136), (0,8552), (1,14921), (1,16841), (0,8425), (1,1740), (1,8268), (1,12237), (1,13518), (1,14930), (1,16853), (2,6071), (1,18135), (1,10969), (1,4698), (1,6491), (1,94), (1,4318), (0,7805), (2,6080), (1,6752), (1,8928), (1,14178), (1,15076), (1,2022), (1,103), (1,14312), (1,18409), (1,4586), (1,2540), (0,8848), (0,7318), (2,2013), (3,2751), (1,1662), (1,8063), (1,14723), (1,136), (1,12552), (1,3081), (0,6571), (3,976), (1,15890), (1,10131), (1,16277), (1,6552), (4,8251), (1,10264), (1,7705), (0,8376), (1,9753), (1,10265), (1,154), (1,2588)
galatea	(1,145)
publicarse	(0,5361), (5,4012), (0,1786)
real	(5,7588), (5,2470), (0,4673), (1,6691), (4,1483), (0,8775), (0,74), (0,592), (0,4179), (0,84), (0,7252), (0,1109), (0,9307), (0,9309), (5,4036), (2,35), (0,4194), (3,2567), (2,4647), (0,8808), (0,3177), (1,7755), (1,7756), (2,1076), (1,17492), (0,3188), (0,8309), (0,4215), (0,8312), (5,7646), (0,7801), (1,97), (0,4736), (0,4226), (5,7148), (0,4749), (0,4238), (0,5774), (0,9358), (1,1649), (0,3728), (0,8848), (0,9360), (0,1681), (0,4248), (0,667), (0,4764), (0,4256), (0,5795), (1,18056), (0,8874), (0,3245), (0,5806), (0,4786), (0,5810), (0,8882), (0,5813), (3,604), (0,3260), (0,5311), (0,5823), (0,712), (5,6703), (3,2670), (1,18605), (2,1167), (3,626), (0,4305), (0,5842), (3,630), (1,17590), (0,3288), (0,4824), (2,7323), (0,8923), (1,8382), (0,4322), (0,5347), (0,4324), (0,8932), (0,12004), (0,4325), (0,4330), (0,5357), (0,8945), (0,5876), (0,3317), (0,3318), (0,5367), (1,7897), (3,2206), (0,5885), (0,4862), (0,3327), (5,6759), (0,3332), (5,6762), (0,3335), (0,3336), (2,1227), (0,5899), (0,8460), (0,5902), (0,12048), (5,5750), (4,669), (0,795), (5,3714), (1,767), (0,8990), (0,3360), (0,12064), (0,3362), (0,5410), (1,774), (0,3367), (0,3371), (1,1805), (3,2770), (0,5427), (3,2267), (5,8863), (1,18205), (0,4413), (0,5438), (1,15137), (0,4426), (0,8011), (0,5453), (1,6960), (0,8528), (3,1787), (0,3416), (0,5464), (0,13147), (1,1854), (2,7459), (0,5482), (0,5483), (0,5996), (0,8559), (5,4821), (5,4836), (0,6018), (3,2342), (0,4995), (0,1924), (0,5509), (0,6021), (1,874), (1,877), (0,5004), (1,879), (0,7571), (5,6907), (5,7931), (3,2362), (0,3484), (2,3934), (0,5532), (0,5533), (5,1797), (3,2372), (0,5539), (0,5547), (0,4525), (1,12176), (0,4528), (0,4529), (4,6453), (0,4530), (1,18838), (0,5046), (0,952), (0,4536), (0,5563), (0,4542), (3,2915), (0,11712), (0,9153), (0,5571), (4,8521), (1,14247), (0,968), (1,2988), (0,9168), (3,2421), (0,9171), (0,5077), (0,9173), (0,4061), (0,5086), (0,4063), (0,5602), (2,6053), (0,5603), (0,5092), (0,9188), (3,2441), (3,2444), (0,9198), (0,5617), (0,1011), (3,2458), (1,15835), (0,8699), (0,3068), (0,9215), (0,5120), (0,5634), (2,5573), (3,423), (3,2985), (0,5642), (3,2990), (0,15), (0,4623), (0,5135), (0,8207), (3,2995), (3,2998), (3,3000), (0,5142), (3,2492), (0,10780), (3,1987), (0,5664), (3,2501), (0,1060), (0,5161), (0,558), (0,10801), (0,5170), (0,8755), (1,17943), (3,2528)
humido	(1,8278)
poesia	(1,1186), (2,4164), (1,1188), (5,4586), (5,6382), (1,18154), (1,10797), (5,6261), (5,6325), (5,6454), (1,1205), (2,4118), (5,6458), (5,6335), (5,6919), (1,8131), (5,4363), (5,6991), (5,4369), (1,18068), (1,8085), (1,1178), (1,11866), (2,4156), (5,6431), (5,6304), (5,6241), (5,7970)
sinceros	(5,7316), (5,6623)
vuelven	(3,2882), (2,4881), (1,450), (5,6742), (2,4868), (1,13348), (1,14452), (1,933), (1,16359), (1,16391), (1,17847), (1,17694)
inscripcion	(2,6004)
trasnochado	(4,4811), (2,3226)
convence	(1,5270)
alternativas	(2,6159)
villanas	(1,10510)
vuelves	(1,1683)
bienaventuranza	(1,16797)
completan	(5,5287), (0,219)
presentaba	(2,1666), (2,5203), (5,5062), (5,775), (2,3642), (5,623), (5,1906), (2,4064)
alejasen	(1,1775)
cortaban	(2,782)
arrima	(1,8137)
completar	(5,5590), (5,5351), (5,5386), (0,185), (5,6206), (5,3634)
arrebatarle	(5,7166)
completas	(5,3974), (5,5997), (5,6210)
dexais	(4,6246), (4,6266)
arrime	(3,2949)
llamaronle	(1,2495)
gallardia	(1,3504), (1,15793), (1,7381), (1,6328), (1,2906), (0,12970), (1,12940), (1,3102)
prometia	(1,9825), (1,2997), (1,8808), (1,3593), (1,13706), (1,4155), (0,8555)
cultivandose	(0,9379)
desalojaron	(3,2293)
mdlxiiii	(0,9206)
predica	(4,2090), (4,2092), (2,1835)
cicatuna	(0,7749), (0,7735)
combinacion	(5,2488), (5,2331), (5,3999)
abstengan	(5,6280)
arrimo	(1,9744), (1,2773), (2,4808), (1,479), (1,12927)
celebraron	(5,7444), (0,12963), (2,6296), (0,248), (0,11837)
seminario	(5,3633)
predico	(5,694)
prometio	(3,1794), (1,4866), (0,7234), (1,5541), (4,7400), (1,7590), (4,7533), (0,8458), (0,8172), (4,7505), (1,1711), (4,3282), (2,4528), (0,5518), (4,7668), (4,3158), (1,6932), (1,3893), (0,8020), (4,7389), (0,6841), (4,7681)
andavan	(0,10580), (0,9817), (0,9803), (0,10654)
rece	(1,12085)
satisfaciendo	(1,15456), (1,13242)
millo	(0,7072), (0,8673), (0,8642), (0,8898), (0,8616), (0,8651), (0,10795), (0,8365), (0,10638), (0,6194), (0,8661), (0,7031), (0,8668), (0,8670), (0,10718)
apoteosis	(5,6230), (5,2007), (5,5584)
debilitaron	(0,13250)
oyense	(2,1576)
desposadas	(1,14166)
mantua	(4,7085), (2,1552), (1,15215)
sardo	(4,8868), (4,8075)
conferencias	(2,3257), (3,1228)
callaba	(2,1105), (4,1507), (1,2435), (1,8612), (1,6197), (1,10326), (2,7064), (2,3051), (1,13466), (1,12269), (1,3278), (1,12974)
urdiales	(1,10832)
lumbres	(1,14419), (0,8919)
milla	(4,6779)
taberneros	(2,5314)
superfidelidad	(0,2935)
armar	(3,2053), (1,4211), (4,5216), (3,416)
armas	(0,8256), (5,2727), (1,2084), (5,3496), (2,7685), (1,10532), (3,2535), (3,2539), (4,6607), (0,588), (5,3505), (0,4428), (0,1869), (0,334), (1,3119), (2,5138), (4,6612), (0,1619), (4,6615), (2,7701), (1,6965), (3,2041), (3,1274), (0,9815), (5,3774), (0,5214), (0,5217), (1,13380), (0,5220), (0,1637), (0,4453), (0,361), (0,4457), (0,5225), (0,4204), (1,6733), (1,16973), (3,528), (5,2770), (1,1104), (1,6994), (3,1814), (0,10099), (0,11891), (0,13173), (1,4440), (1,7000), (0,632), (3,1563), (3,1309), (4,6143), (1,14174), (3,1313), (1,1121), (1,6753), (0,12929), (5,488), (3,1575), (3,1585), (1,6511), (3,1077), (2,5204), (0,10131), (0,4500), (0,6548), (3,1338), (0,8600), (3,2108), (3,1597), (3,2109), (0,3738), (0,3740), (5,267), (2,4969), (1,6539), (2,5229), (0,3244), (2,4976), (0,7854), (0,9391), (3,1108), (5,5144), (1,2454), (5,3866), (1,14746), (3,2653), (0,4286), (0,4799), (1,4258), (1,7845), (1,6566), (3,1897), (2,6284), (1,7853), (0,1999), (3,1651), (5,6197), (0,465), (0,2257), (0,467), (0,469), (0,1497), (3,2940), (1,10939), (0,4315), (2,6305), (0,9951), (1,14277), (4,5998), (1,8651), (2,4013), (2,7853), (4,8563), (0,4336), (3,1943), (0,2292), (5,2393), (3,2968), (3,1433), (3,2713), (0,8951), (0,6393), (3,2461), (0,6394), (1,4316), (0,4347), (3,416), (0,4358), (1,4328), (2,3531), (0,2314), (0,4364), (3,2224), (5,3955), (5,2938), (2,5079), (5,4986), (1,6648), (0,6938), (5,1922), (0,4126), (5,1924), (0,2338), (5,3207), (0,6947), (0,1572), (1,6661), (0,9510), (0,9256), (0,6441), (0,298), (0,6957), (2,6640), (1,6675), (0,4147), (0,8500), (0,6199), (0,1592), (2,3834), (3,1501), (2,5120)
embajadores	(2,5540), (2,6569)
aureola	(5,973), (5,1981), (5,3998)
arman	(0,6703)
faltriquera	(2,273), (4,3765), (4,3193)
sedicion	(2,4953)
narices	(4,7252), (1,10161), (1,17108), (2,5414), (2,282), (4,8447), (2,2750), (4,5618)
damasco	(4,581), (4,3598)
respetabilidad	(2,308), (5,1561)
identification	(2,8338), (4,9188), (5,9161), (0,14009), (3,3309), (1,19262)
suplicandole	(1,13648), (1,18876)
divinos	(0,1745)
zaharena	(1,10995), (1,11883)
lacerarlas	(1,96)
catecumeno	(2,1627)
suplicandola	(1,7099)
pelayo	(5,6788), (5,6279), (2,6757), (5,4333), (5,7053), (2,6987), (5,6894), (2,6829), (5,7825), (2,6930), (5,6806), (5,7766), (2,6964), (2,6901), (5,7833), (5,7770), (2,6872), (5,6331), (5,5245), (2,6938), (5,8477), (5,4575), (2,6784)
ecuanimidad	(5,4188), (5,7389)
estadme	(1,14627)
containing	(3,3154), (1,19107), (2,8183), (4,9033), (5,9006), (0,13852)
pesadas	(4,1724)
cristalino	(1,11803)
notomia	(1,17728), (1,5654)
contandome	(3,1193)
dexame	(4,805), (4,2918), (4,3527), (4,5353), (4,6730), (4,1803), (4,4939), (4,892), (4,2302), (4,8094), (4,1728), (4,1410)
gustar	(1,12952), (1,14443), (1,1724)
arrojose	(2,1458)
frecuentando	(3,1255)
demand	(5,9109), (0,13954), (3,3257), (1,19210), (4,9135), (2,8286)
regocijos	(1,4578), (1,1850)
demana	(4,1060)
colgadla	(4,5560)
hormiguero	(2,2485), (2,496)
plazia	(0,7117)
mantos	(1,5363)
vuelvan	(1,1446), (0,4679), (0,3195), (2,1839)
acimentados	(3,2009)
borrado	(5,2994)
monasterio	(1,7264), (1,7361), (1,18052), (1,7366), (1,10634), (1,11470), (1,12559), (1,7571), (1,13715), (1,7383), (1,9624), (1,7385), (1,7259), (1,11164), (1,7293), (1,7294), (1,18046)
destar	(0,7635)
permitiesen	(5,3993)
destas	(4,4163), (0,7615), (1,10272), (1,166), (0,6853), (1,14505), (1,16686), (1,14257), (0,979), (0,3029), (1,16697), (1,12477), (0,7646), (0,4960), (1,17092), (0,13543), (0,8041), (1,10954), (0,7659), (1,18252), (0,8045), (1,3408), (0,7279), (0,8304), (1,1491), (0,8307), (0,2677), (1,17623), (0,2680), (0,7672), (4,5629), (0,7804), (0,8957), (4,6406), (1,9060), (0,4740), (1,5099), (0,2955), (0,7695), (1,10736), (0,11536), (1,1138), (1,11384), (1,14072), (0,9115), (0,9371), (0,2593), (0,6433), (1,17673), (0,7595), (0,10285), (0,11569), (1,11411), (0,11570), (0,4791), (0,10936), (0,11448), (0,2875), (1,3996), (0,6715), (0,4797), (0,7741), (1,3231)
tachonado	(1,451), (1,17068)
inclita	(4,214), (4,235), (4,8620)
inventariar	(0,1658)
consumio	(4,7847), (5,5081), (1,13560)
traimos	(0,10333)
consumia	(2,931), (5,314)
contandole	(1,7056), (1,14208), (4,5861), (1,9123), (4,8791)
vuelvas	(1,15570), (2,3929)
pertenesciente	(0,4272), (0,4330)
niego	(2,737), (1,17606), (2,4441)
reliquia	(1,1232), (1,16530), (1,3333)
armador	(0,330), (0,12925)
armados	(0,4895), (0,9506), (0,9507), (1,14325), (1,6758), (1,14887), (1,14745), (5,639), (0,9963), (0,10205), (0,13038)
causaba	(1,10113), (2,662), (5,4541), (3,1216), (4,6001)
gustan	(2,3585), (2,3635)
comarcas	(0,4742), (0,1803), (0,13006)
consumir	(1,9379), (1,13123)
dosel	(2,1841)
niega	(0,2930), (1,13589), (1,2440)
plancha	(2,1605), (2,1882), (0,10665), (1,4444), (2,5024)
takes	(3,3332), (4,9221), (1,19285), (2,8361), (0,14041), (5,9184)
burladora	(1,17842)
galvan	(0,12278), (0,13130)
galvao	(0,2581), (0,12280)
imaginose	(1,7894)
compadrazgo	(2,1751)
filantropia	(2,2136), (2,2648)
llevarla6	(2,5496)
rege	(1,8256)
atribuya	(1,6200)
tirando	(3,1011), (3,1031), (1,4026), (1,6507), (0,6458), (0,6954), (0,7533), (2,6848)
resguardaba	(2,5181)
anomalias	(5,1712)
puyeque	(3,1988), (3,2008)
atribuye	(5,7405), (4,6799)
presentado	(2,2097), (5,4836), (5,4821), (2,5012), (3,2841), (1,6280), (0,2808), (2,5132), (2,6316), (2,2384)
rego	(0,3065)
estados	(5,3494), (5,1963), (5,7342), (5,2992), (5,1205), (5,3509), (5,1463), (5,186), (5,444), (5,3021), (5,2767), (5,3536), (5,3283), (5,2517), (5,2518), (5,216), (5,5848), (5,3035), (5,3547), (5,2268), (5,2528), (5,2274), (5,1507), (5,3301), (5,2534), (5,3558), (5,1512), (5,2795), (5,3563), (5,2288), (5,5107), (5,3061), (5,248), (5,504), (5,2553), (5,3067), (5,255), (5,1281), (5,1537), (5,772), (5,5892), (5,1541), (5,3081), (5,5898), (5,1804), (5,2316), (5,7181), (5,2575), (5,1809), (5,2833), (5,5906), (5,2580), (5,1048), (5,287), (5,1312), (5,1574), (5,3366), (2,2183), (5,2353), (5,3379), (5,7219), (5,3637), (5,7224), (5,2617), (5,7481), (5,3392), (5,5702), (5,1351), (5,3402), (5,3658), (5,1611), (5,3148), (5,1357), (5,1102), (5,5454), (5,338), (5,2899), (5,1876), (5,6740), (5,85), (5,7253), (5,5720), (5,7256), (5,3419), (5,93), (5,605), (0,5886), (5,1892), (5,103), (5,7527), (5,2152), (5,4456), (5,1132), (5,3180), (5,8812), (5,3437), (5,111), (5,624), (5,4465), (5,7793), (5,3442), (5,4466), (5,2419), (5,1910), (5,2170), (5,1915), (5,124), (5,3453), (5,126), (5,2945), (5,3457), (5,644), (5,3460), (5,2949), (5,3463), (5,4487), (5,137), (5,4490), (5,140), (5,2701), (5,8845), (5,914), (5,3474), (5,659), (5,2455), (5,664), (5,1432), (5,3481), (5,3482), (5,1180), (5,4508), (5,2974), (5,3231), (5,417), (5,3490), (5,163)
atribuyo	(5,3926), (5,7597)
dexala	(4,3754), (4,4846), (4,4079)
enarbolando	(2,5282), (0,4218)
banquetes	(0,4927), (0,338), (2,4518), (0,11894)
riendose	(1,2420)
durmamos	(1,11944)
garrama	(1,938)
probablemente	(5,1094), (0,13122), (5,4425), (5,6089), (5,7308), (5,7628), (5,5007), (2,1133), (5,7824), (5,7154), (5,6195), (5,1396), (5,3605), (2,6930), (5,6518), (5,5497), (5,6746), (5,2203), (5,766), (0,698), (5,5919)
fisonomias	(2,5203)
presentada	(1,3751), (0,2551)
holandes	(5,5961), (5,5953), (5,5714)
causado	(1,3392), (2,5233), (5,4616), (3,2184), (1,13401), (1,9946), (5,7824), (3,2591), (5,4626)
fabiana	(1,3159), (1,3212)
mayocarta	(0,12063), (0,11958), (0,11990), (0,12070), (0,12056), (0,12076)
senalareis	(0,1599), (0,4272), (0,1880), (0,4568)
concertadas	(0,4467), (1,18229), (1,7897)
escapaste	(1,4006)
azucar	(4,7268), (1,12193), (4,1610), (4,683), (1,9563), (5,176), (0,11485), (4,5890)
acroceraunos	(1,4398)
gizola	(0,11411), (0,10980)
debate	(2,5377), (5,2136), (5,315), (2,5530), (2,5405), (2,5375)
vulnerable	(5,2900)
causada	(5,2407), (2,5541)
imprudentes12	(5,916)
magestadfrancisco	(0,3593)
primos	(0,6192), (2,4804), (0,6196)
reja	(2,6117), (1,582), (1,11174), (2,234), (1,9033), (1,8842), (1,11211), (1,11218), (2,4731), (1,8890), (1,9722), (1,573), (1,574)
asistente	(1,17313), (1,7586), (5,5447), (1,17317), (1,17159), (1,17223), (1,7370), (1,7434), (1,7596), (1,7597), (1,7578), (1,17308), (1,7453), (1,17310), (1,10975)
garrafa	(4,3593)
avezado	(5,3288)
colgados	(1,10646), (1,6299), (1,2780), (1,4126)
asentaren	(0,2752)
gastado	(0,800), (5,5573), (0,5664), (1,9378), (1,5507), (0,5059), (0,11779), (1,4614), (0,11751), (0,8073), (0,12041), (0,11787), (0,1260), (5,4472), (0,5843), (3,2199), (0,11765), (0,11705), (0,957), (4,7650), (1,7551)
pontezuelo	(3,360)
frondosos	(5,3931)
reir	(2,162), (5,806), (4,6597), (4,4360), (2,5159), (1,18087), (2,177), (2,4148), (2,4981), (1,16468), (5,5565), (1,5689), (0,3001), (2,5566), (2,7550), (4,5921)
alegraron	(1,9882), (1,3950)
temido	(1,9011), (5,2986), (3,1069)
miembro	(5,3252), (5,2037), (5,3701), (4,7941), (5,891), (4,3292), (4,8525), (5,7343), (5,3811)
socarron	(1,11485), (1,17439)
llevemela	(4,7538)
gastada	(5,3015)
dexara	(4,7110), (4,7352), (4,1977), (4,1915), (0,2488), (4,3184)
opinar	(5,7167)
musculos	(2,5931), (5,703)
recrecieren	(0,2957)
dexare	(4,5358)
alambicado	(2,4708)
reia	(2,2673)
temida	(1,6545), (1,13558)
creencias	(5,5783)
asombraronse	(2,920)
despiadadamente	(2,6948)
poetas	(5,6884), (1,289), (1,8100), (5,6766), (5,7984), (1,8109), (5,7986), (1,11887), (1,1203), (1,2869), (1,18038), (1,14263), (1,3782), (1,3018), (2,4140), (1,8139), (5,6803), (1,8080), (1,8081), (5,7766), (1,8083), (1,8084), (1,12884), (1,8150), (5,8862), (1,14299), (2,7038), (5,6306), (5,3811), (5,6755)
prepararon	(0,129), (0,826), (5,243)
haraslo	(1,3873)
bautizado	(0,8422)
adelantos	(5,3736), (5,6555), (5,5090)
celosia	(1,18519), (1,18313)
fantasmas	(5,6407), (1,18581), (5,8193), (5,6450)
arriva	(0,10275)
desmedraron	(4,6698)
tendiendose	(1,10147)
galvez	(5,4720), (5,8242)
callaban	(2,6781), (2,3728)
agradecellas	(1,14148)
sendero	(5,4150)
bienestar	(5,2143)
rebuelto	(0,7726)
bautizada	(5,4529)
septiembreavisos	(0,11881)
canongia	(1,18554)
extirpar	(5,2229), (5,5830), (5,223), (2,368)
aduanare	(4,2031)
plazos	(5,234)
encargarles	(3,1229)
rebuelta	(0,7764)
caireles	(4,1705)
illmo	(0,5991)
moriria	(5,944), (4,2418)
guiaria	(0,7230)
hablalles	(0,10564)
pendencia	(1,11138), (1,14243), (1,15203), (1,17219), (1,17251), (1,18852), (1,2085), (1,13765), (1,14853), (1,15979), (1,14540), (1,17260), (1,13837), (1,14480), (1,17232), (1,14610), (1,14612), (1,4758), (1,11416), (1,15256), (1,15161), (1,14558), (1,14239), (1,14527)
velador	(2,3725)
vituperable	(5,3090)
pedidlas	(1,15303)
altisonante	(2,547), (5,6859)
quedito	(1,10086)
geog	(0,13131)
mencion	(4,118), (0,13117), (0,4846)
gastara	(0,3090), (0,3197)
inclina	(1,11568), (2,1183)
desgarrada	(5,3538)
tovistes	(4,6570)
gastare	(1,14429)
mercaderes	(0,7920), (4,8581), (0,5154), (5,2538), (0,3494), (4,5690), (1,16711), (4,555), (1,16713), (0,5163)
rescibais	(0,3562), (0,3165)
temian	(5,2601), (3,2248), (0,9957), (1,3306), (1,4252), (0,7675), (1,6270)
contray	(1,18358)
traedmelo	(4,8206)
contrae	(0,118), (0,206)
gent	(4,1108)
inclino	(5,6057), (3,396), (1,10668)
debaxo	(4,5252), (4,4357), (4,8838), (0,9476), (4,8235), (4,7566), (4,6097), (4,6801), (4,1778), (0,2992), (4,6100), (4,6612), (4,4470), (0,1876), (4,5016), (4,6362), (4,6778), (4,6620), (4,5021), (0,3929), (4,7293), (4,2402)
tostadas	(0,9951)
incitando	(2,7230)
plazas	(1,467), (3,2986), (1,8634), (2,144), (3,2913), (2,6640)
resplandece	(1,8131)
delicati	(4,198)
masara	(1,15113)
mueren	(0,3615), (4,6935), (0,3636), (4,4875), (1,17884), (1,17597), (1,16607)
remo	(1,3169), (1,3234), (0,7508), (0,10612), (1,4246), (1,3159), (1,4265), (1,4428), (4,817), (1,3247)
vizayas	(0,12868), (0,213)
harta	(4,6691), (4,1893), (4,1896), (1,16293), (4,1898), (1,5191), (4,1900), (1,10057), (1,1326), (4,6705), (4,5490), (4,2355), (1,5264), (4,757), (4,1910), (4,1914), (4,1788), (4,8288)
avizorado	(1,17230)
alimaniscos	(0,8023)
consuelese	(2,6236)
sofocar	(2,6299), (2,2204)
encarnadas	(1,15922), (2,6730)
iniquidad	(2,5555), (5,3623), (2,422), (2,6843), (5,3841)
saque	(1,15749), (1,12680), (2,4330), (1,17066), (1,17739), (1,4684), (1,17132), (2,7954), (2,7797), (1,4693), (1,17111), (4,317), (4,2141), (0,2267), (4,5665)
empece	(4,5050)
muerda	(2,850), (2,852)
harto	(0,9983), (4,7492), (1,9701), (1,15077), (0,11592), (0,8649), (0,10698), (0,10384), (4,8216), (3,763), (1,14971), (4,2016), (5,2305), (0,3932), (4,5792), (1,14531), (1,16451), (0,6952), (0,9001), (0,10154), (2,2669), (1,15436), (4,1521), (0,10416), (1,4754), (0,10612), (1,3287), (0,3259), (0,6974)
fallaredes	(0,2104)
muerde	(2,214)
arcedianos	(1,12187)
lugares	(1,13217), (0,1410), (0,12546), (0,1411), (1,12966), (5,5484), (1,7720), (1,44), (1,14252), (5,754), (0,2448), (5,2229), (0,1171), (1,10164), (3,2296), (0,5143), (0,2586), (1,13500), (2,2720), (0,2590), (0,13214), (1,7488), (1,17350), (0,2598), (2,3880), (0,13030), (2,1580), (1,1803), (1,2192), (0,2481), (5,6614), (4,378), (0,1398), (3,2137), (0,1399), (5,2589), (0,2744), (1,2909), (5,5985)
viviamos	(1,15777)
candidatura	(5,3284), (5,1448), (5,2346), (5,2187), (5,1742), (5,1903), (5,2337), (5,2434), (5,3218), (5,3362), (5,2083)
mimado	(2,1887)
enfermedad	(1,16096), (1,6177), (5,4456), (2,5638), (1,13673), (1,17523), (2,920), (4,7066), (5,316), (1,9848), (4,5919), (5,385), (4,3363), (1,10817), (1,2242), (1,3714), (1,4228), (1,6212), (1,15684), (5,4554), (1,12424), (1,4239), (4,8499), (1,17042), (1,8595), (1,7892), (4,8377), (1,10585), (4,8831), (0,4604), (1,6173), (1,16094)
endebles	(5,5071)
oveja	(4,3971), (1,16578), (2,5691), (2,5712)
comienza	(4,357), (2,1956), (4,3335), (4,5607), (4,8776), (5,5805), (4,8174), (4,8720), (5,7217), (4,7057), (5,2707), (5,7251), (5,6391), (5,3576), (5,5753), (5,3578), (5,6075), (2,669), (1,16892)
levita	(2,6945), (2,5394)
liberalidad	(1,7552), (0,7583), (1,12256), (1,12258), (0,7586), (1,15204), (1,4582), (1,4168), (1,4553), (1,7466), (3,269), (1,6635), (1,6540), (1,7246), (1,7471), (1,6544), (1,18041), (1,12250), (1,16922), (0,8091), (1,4479), (1,4511), (1,6687), (1,10623)
cifra	(5,1092), (5,4692), (5,1093), (5,3670), (5,6310), (5,2951), (5,265), (5,554), (5,1805), (3,1580), (5,6446)
desprestigio	(2,1753), (0,557)
aguardamos	(0,10246), (0,10679), (0,10637)
desgarraba	(2,3983)
piernas	(2,1313), (1,5139), (0,10098), (1,17699), (1,15721), (1,2154), (2,3723), (2,6156), (0,6587), (1,5134)
resolvian	(5,1398)
indicandole	(2,1000)
arreglara	(2,4238)
aceptase	(1,7697)
envaino	(1,2450)
reos	(5,5148), (2,3936)
separan	(0,690)
nescesitados	(0,9257)
recordara	(2,3346)
gastase	(0,3716)
ejecutivas	(2,6313)
disparado	(1,5803)
procurador	(1,5186), (1,1123), (4,3159), (3,2842), (4,380)
griega	(1,10865), (1,3465), (4,5564), (4,5538), (4,5618), (1,16959)
negativamente	(2,3426)
quemada	(3,1759)
encarece	(5,6858), (0,262)
fisonomia	(2,5649), (2,2898), (2,2067), (5,7400), (2,2026), (2,3738), (2,2669), (5,4241), (5,7330)
definido	(5,3478), (5,686)
mudados	(0,7285)
arrastrado	(5,5396), (5,2892), (2,7119)
atose	(4,7009)
adormece	(1,2299)
empeoraba	(1,16016)
quemado	(4,4835), (4,2356), (2,5318), (2,5319), (0,8986), (2,5310)
tiza	(2,6084), (2,7590), (2,6105)
palabritas	(5,6829)
advirtieronselo	(1,16975)
acudieron	(0,6175), (1,11776), (1,1251), (5,1544), (1,582), (1,2152), (0,7272), (1,6413), (1,11278), (1,7055), (1,17776), (1,7859), (1,11412), (1,17780), (1,9269), (1,4440), (1,1530), (1,2426), (1,5500), (0,6654)
llevarlos	(1,14772), (1,17102)
pertenecio	(4,162)
judiciales	(0,2840), (5,1759)
saints	(5,77)
peruano	(5,5572), (5,5477)
rugian	(2,2289)
antipan	(3,1602)
particularizar	(1,17937)
ejerciendo	(0,10816), (0,12112), (2,428)
dieren	(0,3920), (0,4714), (1,6205)
sonoros	(2,4148)
cantaridas	(2,839)
lastimosamente	(5,1764), (5,6260), (1,18136)
tardarian	(5,516)
oques	(0,13056)
denuesto	(5,807), (5,4985)
rugido	(2,5926), (2,316)
fiscalizaciones	(2,2037)
mercantilmente	(5,3039)
gacetero	(5,6677)
banqueros	(4,3531), (4,1250)
traducciones	(5,6742), (5,4393), (5,5715)
vernia	(0,8546), (0,7782), (0,8518), (0,8840), (0,6890), (0,10762), (0,10731), (0,8493), (4,2419), (4,4184), (0,7765), (0,8469), (0,10679), (0,8539), (4,6688), (0,8766)
rampin	(4,7174), (4,7697), (4,8084), (4,7957), (4,1623), (4,1241), (4,6617), (4,2397), (4,1758), (4,6111), (4,6624), (4,8674), (4,8229), (4,8678), (4,8233), (4,8297), (4,8682), (4,7724), (4,6253), (4,8877), (4,2351), (4,1587), (4,4791), (4,6328), (4,6392), (4,7032), (4,6587), (4,7931), (4,1213), (4,1982), (4,7934), (4,7807)
xvii	(0,12735), (5,7813), (0,12833), (4,2342), (0,12387), (0,12772), (5,7627), (3,170), (0,12711), (0,12557), (0,12624), (0,12561), (0,12725), (0,12727), (2,4605), (5,6819)
definida	(5,2164), (5,4477)
rondadores	(2,6112)
opimos	(3,87)
impulsaban	(5,5969)
atomo	(1,4937)
humanitarios	(2,7118)
minuciosamente	(5,3718), (5,7608), (2,2903), (5,5370), (5,5867), (5,894), (5,2910), (5,7422)
ensanchaba	(5,3934), (5,4945)
dieres	(1,13248)
sobrevino	(1,10688), (2,3107), (0,13444), (1,14746), (2,4108), (1,17260), (5,4178)
jodios	(4,1175), (4,1037), (4,2258)
beginning	(1,19104), (2,8180), (4,9030), (5,9003), (0,13849), (3,3151)
coletos	(3,1338), (3,1312), (1,10959)
galeonsete	(0,9564)
deleite	(1,15618), (1,9191), (1,10471), (1,8088), (2,3162), (1,15849), (1,17674), (1,17707)
caporal	(1,146)
templallas	(1,6642)
oistes	(4,6042)
poseemos	(5,7248), (2,3999), (5,5506), (5,6482)
imaginativos	(1,15363)
santa	(0,2113), (5,7463), (1,5030), (2,5512), (4,4427), (5,7084), (2,778), (3,1003), (1,5033), (1,298), (0,1354), (3,2285), (1,300), (0,5835), (0,1740), (4,7248), (0,2253), (0,4557), (4,8406), (1,7604), (1,311), (0,1750), (2,665), (3,2172), (1,7354), (0,1756), (2,5536), (1,7489), (4,6501), (1,7362), (0,9313), (0,13153), (2,2725), (1,4678), (1,328), (1,5064), (0,1769), (0,5994), (1,15822), (0,12913), (5,8664), (4,6521), (0,11125), (5,5211), (1,7258), (1,12635), (1,7262), (1,13278), (1,17759), (0,2178), (2,5573), (0,9475), (0,6020), (1,12135), (0,4621), (0,8335), (4,6166), (2,4952), (2,7256), (0,5271), (1,15096), (5,4093), (0,4505), (0,5273), (0,1434), (4,3231), (0,3357), (0,12829), (4,8612), (0,5281), (0,418), (0,11426), (4,6184), (0,2085), (1,18694), (4,6187), (1,7432), (2,2794), (2,2155), (4,6191), (1,17165), (0,11439), (0,8626), (0,8629), (0,8631), (0,3514), (1,10268)
santo	(0,12479), (2,2180), (4,5830), (0,13123), (1,4649), (5,3762), (0,13390), (4,5971), (3,755), (4,5973), (5,4407), (4,729), (5,3658), (4,6382), (2,1584), (0,10990), (0,10992), (1,6234), (1,7259), (5,3680), (5,5220), (0,12799), (2,7876), (1,18151), (1,7784), (2,1100), (0,8845), (1,8561), (5,2807), (5,3959), (4,3095), (5,4600), (1,502), (5,5243), (1,18553), (0,9500), (1,11135), (0,415), (1,7296), (1,7808), (0,12831), (2,2787), (1,1027), (1,901), (0,4516), (1,5389), (5,5906), (4,8116), (5,5784), (1,10269)
recetado	(1,8274)
inhabitadas	(3,1714)
notice	(3,3363), (4,9254), (2,8165), (5,9096), (2,8392), (3,3244), (0,13834), (2,8273), (1,19089), (4,9015), (1,19316), (0,13941), (5,8988), (0,14072), (5,9215), (1,19197), (3,3136), (4,9122)
componerles	(1,18388)
septiembrerelacion	(0,5671)
patriota	(2,6433), (2,610), (2,5315), (2,868), (2,5291), (2,5068), (5,6063), (2,5486), (2,144), (2,436), (5,7197), (5,4383), (5,7202)
raspadillo	(1,5224)
salieredes	(1,14338), (0,1349)
diganme	(1,4978), (1,4966)
tiralle	(1,7956)
energicos	(5,596), (5,4813)
hiziere	(0,9119)
retablo	(1,17752)
continuaban	(5,590)
deleita	(1,1192)
estubierdes	(0,4914)
animosos	(4,6213), (5,3118)
hiziera	(0,798)
silogismo	(4,7843)
detengais	(4,5029)
emparentado	(5,7604), (3,729), (5,7616)
manejarse	(5,4513)
creando	(5,605), (5,7359)
muscular	(5,2008), (5,3259), (0,12970), (5,897)
decreto	(3,1842), (2,421), (5,4170), (5,4688), (2,687), (3,1856)
geograficos	(0,12546), (0,13144), (0,13548)
reembarcarse	(5,7094)
alumbra	(1,1430), (0,13081)
atronadoras	(2,5522)
aconseje	(4,4207)
arias	(2,4679), (2,6827)
volaba	(1,3350), (1,9355)
leonora	(1,10145), (1,10402), (1,10658), (1,10023), (1,10669), (1,10160), (1,10544), (1,10418), (1,10291), (1,10549), (1,10677), (1,10295), (1,10558), (1,10303), (1,9536), (1,10689), (1,9540), (1,10182), (1,10310), (1,9543), (1,9544), (1,9546), (1,10700), (1,10190), (1,10575), (1,10703), (1,10706), (1,10325), (1,9559), (1,10072), (1,10200), (1,9569), (1,10466), (1,10723), (1,10084), (1,10597), (1,10727), (1,10601), (1,10474), (1,10091), (1,10480), (1,10738), (1,9466), (1,10496), (1,9992), (1,9482), (1,10509), (1,9615), (1,10128), (1,9490), (1,10521), (1,9498), (1,10523), (1,10142), (1,10655)
aconsejo	(1,18017), (1,7026), (1,4985), (1,4140)
estudiaban	(5,4108), (1,16701)
jodias	(4,1944), (4,6285)
recetaba	(1,8272), (1,8248)
vivais	(4,1092), (4,3909), (4,858), (4,749)
decreta	(2,3118)
proximo	(0,624), (5,1029), (5,1349), (5,6070)
alumbre	(0,4517), (4,7691)
estranjero	(1,14500), (1,12901), (1,11673), (1,7547), (1,7404), (1,7437)
vellaco	(0,7912)
suenan	(1,3818)
atormentar	(4,8612), (2,1323)
fetido	(2,7777)
sacudirse	(5,4507)
vellaca	(0,10498)
desbancar	(2,3190)
xamela	(0,11575)
desesperase	(1,4141)
comento	(1,7731)
numeracion	(0,13142)
reconozcan	(3,2560)
contrahicistes	(4,4146)
arida	(0,150), (2,4107), (2,4958)
sirvieran	(2,1211)
edificios	(3,146), (1,7777), (2,6051), (5,3464), (3,1143), (3,745), (3,368)
despachose	(0,3490)
canilla	(4,6080)
could	(2,8385), (0,14065), (5,9208), (3,3356), (4,9247), (1,19309)
espiritada	(1,1087)
evacuo	(3,2515)
alcaide	(1,3362), (2,7557), (2,4998), (2,5031), (2,5192), (2,7528), (4,5387), (2,5129), (2,5131), (2,5005), (2,7248), (2,7570), (2,5080), (2,7544), (2,7257), (2,7579), (2,7486), (2,5120)
movimientos	(2,3735), (5,6460), (1,6840), (5,4509), (1,8431)
pendon	(2,6791)
opimio	(2,193), (2,163), (2,148), (2,150)
candados	(1,2217), (0,4920)
cuadruple	(5,763)
hacedera	(0,544)
jenofonte	(5,5302), (5,8359)
corredores	(0,8596), (1,3943), (1,6664), (1,12184), (1,11274), (1,12172), (1,3150), (1,17886), (1,10191)
corrientes	(5,4996), (0,4831), (0,11519), (1,261), (3,1098), (0,7495), (0,10919), (0,11560), (0,6094), (0,7504), (0,9589), (5,2303), (0,8442), (0,12602), (0,8379), (0,7357), (0,11517), (0,11549)
cedazo	(1,17403)
comente	(0,2859)
stuart	(5,8493), (5,4258)
prudentemente	(0,4865), (2,1077), (5,7884), (5,989)
sombria	(5,2949), (5,3370)
impidieron	(5,1423)
anular	(5,216), (5,674)
govierne	(0,5684), (0,5689), (0,2300)
atronadores	(2,5261)
charities	(3,3331), (4,9220), (1,19284), (2,8360), (0,14040), (5,9183)
sombrio	(5,2592), (2,6013), (2,2895)
govierna	(0,2349), (0,2302)
rugiente	(2,7706)
promulgacion	(5,336)
rincon	(1,4961), (2,4419), (1,4963), (5,680), (1,5157), (1,5030), (1,5094), (1,4968), (2,842), (1,4841), (1,4778), (1,4845), (1,5101), (1,17715), (1,4981), (1,5175), (1,4920), (2,7641), (1,5178), (1,4859), (5,4609), (1,4733), (5,4674), (1,11073), (1,4738), (1,4866), (1,5122), (1,5124), (1,4677), (1,4741), (1,1286), (1,4744), (4,1900), (1,9353), (1,5002), (1,4875), (1,4876), (1,5069), (3,1233), (1,4882), (1,5011), (1,4762), (1,5082)
comieron	(0,483), (1,12846), (1,1759)
evangelicos	(3,643)
auditorios	(5,2128), (5,2227)
solilla	(2,4227)
babion	(4,1769)
competian	(1,3778)
baxios	(0,4837)
coronel	(3,2537), (3,2476), (3,2543), (3,2423), (3,2425), (3,1788), (3,2494), (4,8864), (3,2502), (3,2504), (3,1865), (3,2571), (3,268), (3,2636), (4,7853), (3,2445), (2,1201), (3,2515), (4,7796), (3,2453), (5,2779), (4,7996), (3,2524), (3,2142), (3,2273)
diligentes	(1,8225), (1,8229), (0,2122)
villanesca	(1,4705)
huelguen	(0,4756), (0,156)
problema	(5,3000), (5,954), (5,1370), (5,1898), (5,5404), (5,2286), (5,2576), (5,994), (5,1986), (5,7698)
vastimentos	(0,1568), (0,1665), (0,1572), (0,1604), (0,1595)
repulsas	(1,15106)
veitia	(0,13582)
agibilibus	(4,7207)
sesuda	(2,4541)
trillada	(0,10533), (5,4898)
surtas	(0,7076), (0,7399)
brebemente	(0,8502)
vecinas	(4,1141), (1,8020), (5,3665), (3,2257)
encausados	(5,3871)
vernan	(4,6053), (4,5654), (0,5268), (4,5673), (4,5676), (4,5679), (4,5680), (4,7984), (0,3309)
sesudo	(2,3816)
nacion	(1,673), (5,550), (1,3235), (3,744), (5,1196), (4,7115), (1,14504), (5,1069), (4,6348), (3,2797), (3,2162), (3,501), (3,763), (3,2684), (3,2687), (3,1666), (5,2372), (5,3530), (3,1801), (5,7375), (1,15691), (2,686), (2,6702), (5,4308), (5,3157), (4,3061), (2,2100), (2,439), (2,7738), (4,8572), (5,3423), (2,5564), (2,7100), (5,6625), (5,7267), (5,1512), (5,2536), (1,14948), (3,2985), (5,5739), (0,5768), (5,3439), (1,3436), (5,7281), (5,3314), (5,2294), (5,3446), (5,2551), (3,953), (5,3583), (2,349), (5,7554), (3,2881), (5,3463), (5,4487), (4,8618), (1,264), (5,3212), (5,1679), (2,365), (5,273), (3,2255), (1,15117), (2,5487), (3,1106), (3,2774), (5,5916), (5,2462), (2,6140), (2,125), (3,2911), (1,4253), (3,737), (5,6819)
cibuy	(0,10656), (0,10660), (0,10661), (0,10615), (0,10663), (0,12620), (0,10654)
inatacable	(5,1620)
nuestros	(3,1253), (1,6691), (3,2024), (5,7596), (0,2377), (0,7499), (1,14127), (0,1362), (3,2808), (0,1368), (3,2043), (0,9816), (4,3807), (3,2814), (5,7872), (1,5181), (1,5182), (4,994), (1,5186), (1,11586), (3,2053), (0,1380), (0,6501), (5,6603), (0,8038), (0,1383), (0,10599), (0,1384), (1,5194), (3,2061), (1,1872), (1,5201), (1,1618), (1,343), (1,1112), (1,7009), (0,10625), (1,16742), (3,2858), (4,7947), (5,6132), (0,1169), (3,1333), (0,6546), (0,1172), (1,15221), (0,10134), (5,4863), (2,5470), (1,5762), (4,296), (3,2895), (0,7084), (2,2420), (3,2902), (2,4985), (0,955), (2,5245), (2,1662), (4,8263), (0,10693), (2,1928), (1,1960), (0,3019), (3,2419), (0,1237), (1,2999), (4,8282), (1,10937), (1,7611), (0,734), (0,1247), (0,8671), (0,9443), (0,8420), (3,1420), (3,2188), (4,7280), (3,2192), (3,1428), (4,2171), (1,16089), (4,2174), (1,3549), (2,7103), (3,676), (0,1283), (3,680), (1,3303), (2,6349), (1,17644), (4,8080), (1,5617), (4,7573), (3,2746), (0,9239), (1,17656), (0,8217), (1,2043), (2,2268), (4,6304), (0,7964), (0,7968), (0,3107), (1,1032), (0,2603), (4,691), (5,7831), (0,2617), (0,1342), (0,9278)
dieron	(1,13344), (1,4388), (0,7491), (1,1575), (3,1514), (1,13355), (0,9043), (1,9274), (4,737), (0,7517), (1,6464), (0,8799), (2,4646), (1,6472), (0,7272), (1,3146), (1,10826), (0,3946), (4,7663), (1,14414), (4,1266), (0,10356), (1,7254), (1,11095), (1,11096), (1,11864), (0,121), (1,9562), (1,17243), (1,17755), (3,798), (0,8315), (3,2593), (3,803), (0,10112), (1,5481), (0,10123), (1,9325), (0,8333), (1,9326), (0,8847), (1,3957), (1,1398), (0,2454), (1,2427), (1,7548), (1,10876), (0,8862), (0,10656), (1,17283), (1,9349), (1,12934), (0,3751), (0,10919), (0,8363), (1,3470), (1,4753), (1,3220), (5,1305), (1,11414), (0,7862), (3,1882), (4,7996), (1,10138), (0,8378), (0,446), (1,16802), (0,3266), (1,14246), (1,16806), (1,4778), (1,5037), (1,9391), (1,4277), (0,8660), (1,4790), (1,14263), (1,17336), (1,18106), (1,6588), (1,1469), (0,8672), (3,1926), (1,15044), (1,717), (1,14290), (0,10738), (1,6612), (1,17876), (0,4856), (0,7928), (4,7037), (0,8699), (4,5506), (0,3071), (1,4577), (1,6625), (1,4578), (1,3045), (3,426), (4,3468), (1,15337), (4,3469), (0,6409), (4,3470), (0,9227), (0,10507), (3,1711), (4,6544), (0,8204), (1,4335), (0,10767), (1,7667), (0,6675), (1,7668), (1,7924), (0,10771), (0,7189), (1,1528), (0,6168), (0,6680), (4,8863), (3,2240), (0,6949), (1,13320), (1,11017), (1,8461), (1,1806), (4,6585), (0,10551), (1,2842), (1,4378), (0,6459), (0,7997)
tostados	(0,10011), (0,10012)
decencia	(1,3586), (1,9300)
sintomas	(5,5988), (5,935), (5,5539)
entablada	(1,17732)
purarauque	(3,1758)
abusar	(5,565), (5,296), (5,521)
realidad	(1,18272), (5,2535), (5,4327), (5,2346), (2,2057), (5,6445), (5,367), (5,2930), (3,2418), (5,2101), (2,6290), (5,1208), (5,1081), (5,6780), (4,160), (5,4033), (5,6594), (5,1156), (5,581), (5,647), (3,1864), (2,2791), (3,2891), (3,2252), (5,3345), (5,469), (3,1107), (5,2198), (5,7255), (5,1880), (3,1689), (5,7707), (5,926), (5,5918), (5,352), (5,2592)
megico	(3,738), (3,646), (3,872), (3,736)
vindanao	(0,13600), (0,7217), (0,7218), (0,7650), (0,13603), (0,12921), (0,7214), (0,7454)
amaneciendo	(1,4244)
mimbre	(0,10031), (1,17404), (1,17215)
blandura	(2,6290), (1,16641), (5,3016), (1,11851)
cuidadoso	(1,171)
proxima	(5,4085), (5,2374), (5,3016), (5,1497), (3,1496), (5,3738), (5,7021), (0,12024), (5,1391), (0,5802), (5,1904), (5,7504)
encogiendo	(1,9554)
tahur	(1,8579)
vivame	(1,18721), (1,18722)
internacional	(5,6166), (5,8154)
ondulaciones	(2,3734)
acompanados	(2,673), (5,3732), (3,2323), (3,1732), (3,1751), (3,1710), (1,18846), (3,1553)
abrazole	(1,9945), (1,18921), (1,15501), (2,1439)
gaula4	(4,209)
ingeniosamente	(5,6953)
metafisicos	(5,4325)
dubdeis	(4,8210)
govierno	(0,2543), (0,2676), (0,2826), (0,13212)
abrazola	(1,10714)
proofreading	(1,21), (4,26), (5,27), (3,27), (4,8910), (0,29), (0,13726)
octubre	(0,3999), (5,3365), (5,2758), (0,12897), (5,3817), (0,3845), (0,11592), (0,5577), (5,3378), (5,3442), (5,5748), (3,1363), (5,6039), (0,2163), (0,1461), (0,348), (2,415), (0,11581), (0,2046)
quemaban	(5,1415)
pardios	(4,7496)
capellania	(1,4917), (1,4923)
absolverian	(3,906)
determinarse	(1,6838), (1,8696)
sanes	(4,8117)
entreabiertas	(2,2000)
breciana	(4,7116)
insensata	(5,7029), (5,2895)
lecciones	(5,4341), (5,3911), (2,343), (2,391), (5,5259), (5,4300), (1,14856), (5,4642)
desvirtuarlo	(2,2116)
desgracias	(1,6373), (1,2889), (1,4009), (1,4041), (1,4075), (2,4015), (1,8623), (1,13073), (1,16113), (1,17649), (1,16147), (1,12308), (1,18165), (1,14998), (1,2935), (1,14778), (1,861)
metodo	(2,6321), (5,743), (5,5288), (5,5049), (5,3706), (5,7804), (5,4992), (0,13707), (5,4050)
sembro	(0,477)
relvun	(3,1996)
adalid	(5,3006), (1,4829)
magnatum	(1,8257)
tetis	(1,16486)
encaminando	(0,835), (1,15610)
fatigare	(4,2272)
inteligencia	(3,2435), (2,1859), (5,2024), (5,1451), (5,4940), (2,1548), (5,4143), (5,5617), (2,7470), (5,2290), (2,4080), (5,3606), (4,374), (3,2645), (3,1848), (5,1404), (5,4064), (5,4546)
sembre	(4,5596)
decididos	(2,6699), (5,3347)
publicaron	(5,7129), (1,9275)
lagartixa	(4,5253), (4,3729)
versiculo	(5,1952)
convenga	(1,1188), (0,1219), (0,4995), (0,4422), (0,4746), (0,3280), (1,4086), (0,9173), (0,5078), (3,2362), (1,12475), (3,2430), (0,3419), (0,1822), (0,4574), (0,4837), (1,9096), (0,1201), (0,5300), (0,4341), (0,5047), (0,952), (0,4281), (1,1052), (0,4411), (0,4668)
insensato	(5,3967), (5,7522)
comenzo	(1,17441), (0,10691), (1,7463), (1,9258), (2,3214), (1,13487), (1,9265), (1,18611), (1,18739), (1,9016), (1,10168), (1,18748), (1,17341), (0,6111), (1,7105), (1,3906), (1,6211), (1,12355), (1,3782), (1,17735), (0,10471), (1,11208), (1,7881), (5,1742), (1,10186), (0,6509), (1,4943), (1,9679), (1,10319), (1,4307), (0,7538), (1,3285), (0,8693), (1,9558), (1,12246), (1,13014), (4,7034), (0,8694), (1,18136), (1,6489), (0,7032), (5,3299), (5,484), (4,3332), (5,2027), (5,5099), (1,6633), (4,8716), (1,5738), (5,4722), (4,7057), (0,8589), (1,4463), (4,7058), (1,8689), (1,9844), (1,15989), (4,6683), (1,11640), (1,6779), (1,9467), (5,6146), (1,13440), (1,18048), (1,2433), (4,550), (0,8996), (1,5766), (1,6792), (1,7690), (1,7053), (1,13199), (1,7313), (0,6579), (1,18837), (5,1818), (1,9494), (5,6683), (1,14359), (1,15768), (1,6425), (0,6584), (0,7992), (0,9016), (1,12825), (1,18843), (1,9885), (1,11295)
incluida	(5,5876)
aculla	(1,10068), (1,16534), (1,15287), (1,10798)
suponiendose	(3,463)
suponian	(5,2408), (5,4105), (5,3963), (2,6250)
maravillo	(4,5974), (4,760), (4,3992), (1,16551), (4,5979), (4,957), (1,16348)
mauricio	(2,3106)
governabamos	(0,11344), (0,11330), (0,9614)
explicaria	(2,3249)
orosco	(0,12413)
pordiosera	(5,3666)
maravilla	(0,9023), (1,1320), (1,1578), (1,2283), (1,16109), (1,14127), (0,6415), (1,1203), (1,16372), (5,3641), (1,6325), (1,16251), (4,931), (4,932), (1,16138), (1,16714), (1,4427), (4,431), (0,6700), (5,4498), (2,2032), (4,435), (4,2228), (4,4724), (1,17941), (1,8088), (1,11226)
maraville	(4,521), (4,5946), (4,3842)
nielada	(2,3535)
duelan	(4,5784), (4,7596)
desdenada	(1,7867)
agradecera	(5,5640)
abrazaban	(0,6591), (1,729)
agradecere	(2,5759)
desgarraria	(2,1703)
infieles	(3,2868), (0,3220), (0,4708), (0,1768), (0,1769), (0,3466), (0,5274), (0,8634), (0,3435), (3,1647)
condensarse	(5,2311), (2,4071)
ganados	(3,1154), (3,2978), (3,375), (3,2024), (3,1882), (3,1325), (3,2111), (0,3837), (4,5970)
secretas	(3,1193), (1,4663), (4,2939), (2,4426), (2,3099), (1,14459), (1,604), (2,4397), (2,1326), (1,15454)
habitual	(5,5924), (5,7766), (5,1096), (5,4252), (5,974), (2,6299), (5,7440), (2,2574), (5,3937), (5,7347)
bandurria	(1,18399)
ensanchara	(1,5576)
convenir	(1,13875), (0,13707), (0,3565), (0,4013)
dirigido	(5,2900), (5,4373), (5,1034), (2,5400), (0,1783), (2,5388), (5,7105), (0,5357)
disiparon	(5,355)
rencores	(5,7125), (4,5511), (5,6060)
sanan	(4,7584)
sanas	(1,15104), (1,12162), (4,6335), (1,8540)
comprendera	(2,4933), (0,13683), (2,5660), (0,13675), (5,802), (2,6175)
serenos	(5,2872)
bromazo	(2,5667)
sanar	(1,4385), (4,6484), (4,6487), (4,5785), (4,5786), (4,7613)
whenever	(1,19074), (2,8150), (4,9004), (5,8973), (0,13819), (3,3121)
sombras	(5,6406), (5,5415), (1,18246), (2,6173), (1,1613), (5,355)
hervor	(1,14276), (0,1749)
enterezas	(1,15106)
aseverando	(3,2157)
habituar	(5,4052)
quirinal	(1,7791)
venimos	(4,6245), (0,9826), (1,11909), (4,8137), (0,10629), (1,5159), (2,6376), (0,10694), (0,10279), (0,10599), (1,12586), (4,8080), (0,6956), (4,4307), (4,2709), (0,9234), (0,9778), (0,10805), (0,10456), (5,3198), (0,10105), (2,3804), (0,10298), (0,10556)
desautorizarlo	(5,1133)
aconsejaronnos	(1,2092)
ciclo	(5,3578)
dificultoso	(1,16755), (1,3846)
berganza	(1,16421), (1,17190), (1,18217), (1,18219), (1,16941), (1,48), (1,16689), (1,16945), (1,17457), (1,16691), (1,17973), (1,17208), (1,16954), (1,18236), (1,16957), (1,18238), (1,18241), (1,16962), (1,16710), (1,16968), (1,18250), (1,16971), (1,16204), (1,16208), (1,16721), (1,16471), (1,16727), (1,16731), (1,16988), (1,16993), (1,16227), (1,18277), (1,17002), (1,16235), (1,16240), (1,16754), (1,17011), (1,16244), (1,16500), (1,16503), (1,16250), (1,17019), (1,16768), (1,16514), (1,17026), (1,17800), (1,16266), (1,17802), (1,17036), (1,16792), (1,16281), (1,16537), (1,16539), (1,16287), (1,16799), (1,16544), (1,16292), (1,16549), (1,16556), (1,16306), (1,16562), (1,18101), (1,16568), (1,18105), (1,17082), (1,16315), (1,17340), (1,17852), (1,16321), (1,17864), (1,16330), (1,16847), (1,18128), (1,16337), (1,18134), (1,16856), (1,16348), (1,16606), (1,16351), (1,16613), (1,17382), (1,16873), (1,17386), (1,16879), (1,16629), (1,16885), (1,16887), (1,249), (1,16633), (1,16381), (1,16894), (1,16898), (1,16901), (1,16905), (1,16394), (1,16910), (1,16144), (1,16401), (1,16659), (1,16151), (1,16919)
cauquenes	(3,2783)
lamento	(5,832)
subjetiva	(5,6458)
jarcia	(0,3520)
besaronle	(1,6006)
limpios	(1,14656), (1,1891), (1,12116), (1,4743), (1,4823), (1,1423), (1,6207)
raton	(4,5720)
suscita	(5,4408)
tomandonos	(1,7531)
predominio	(5,1784), (5,489), (5,5019), (5,2735), (5,1281)
padecia	(2,4014), (2,2863)
vital	(5,4882)
padrino	(1,14737), (1,15682), (1,14712), (2,2987), (2,4251), (2,4252), (4,6959), (2,3071)
ratos	(1,17696), (2,994), (1,3075), (2,7916), (0,6541), (0,6542), (1,10064), (1,5462), (2,6171), (5,6335), (2,3229), (2,2430), (2,2431)
determinaron	(1,7939), (0,8802), (1,14275), (3,1254), (1,7109), (1,15436), (1,4334), (1,11374), (2,5328), (3,1748), (0,8273), (3,1269), (1,4820), (0,7539), (0,10387), (1,2169), (0,8382)
dirigida	(0,5424), (5,3792), (5,6528), (5,6672)
dexallas	(0,1826)
extinguiendose	(5,1007)
geometria	(5,3971)
calumnian	(2,2514)
cucharica	(4,8034)
sanct	(0,3111), (0,5879)
cavilacion	(2,4169)
ganaremos	(4,4658)
brevemente	(1,2977), (2,964), (0,2339), (1,4006), (5,6891), (5,6093), (1,18377), (1,2635), (2,7436), (1,10572), (5,4564), (2,7569), (1,14225), (5,7672), (1,3322)
calumniar	(1,16733)
dificultosa	(1,3568), (1,9649)
estabalas	(1,724)
calumnias	(3,917), (5,7319), (2,7227), (2,7230)
crestomatia	(5,7159)
sietec	(4,3557), (4,3573), (4,3561), (4,3578), (4,3565), (4,3551), (4,3569)
cargazon	(1,4802)
conviertan	(0,5282), (1,2532)
paladion	(5,628)
sainetes	(2,1679)
tornaviaje	(0,2671), (0,2947)
tropiezo	(5,4234), (1,14990)
duelen	(1,10245), (4,7594), (4,7596)
propaganda	(2,1719), (5,747), (5,4428), (5,594)
significole	(0,9465)
dirigian	(2,2674), (5,7513)
honora	(1,8255)
paladar	(2,1898), (1,4522), (1,3388)
navarro	(3,2028)
esclavistas	(5,1188), (5,3492), (5,4502), (5,2953), (5,186), (5,1387), (5,430), (5,4465), (5,914), (5,2371)
gobernadores	(5,3764), (5,5824), (3,639)
tropieza	(1,16503)
astolfo	(1,103)
convenia	(1,6439), (1,13863), (4,5707), (1,6057), (1,9129), (1,2028), (1,13292), (4,8784), (0,8397), (0,718), (0,720), (1,7283), (0,11987), (0,3604), (3,1531), (0,8410), (1,13308), (1,8957), (2,4959), (0,8542), (0,8288), (1,4226), (0,930), (1,10627), (1,3461), (5,3531), (1,12489), (3,1229), (1,6347), (5,7632), (4,624), (1,10510), (1,1039), (0,7599), (3,1235), (0,7346), (0,6260), (0,312), (5,925), (0,6266), (0,7420)
sonoras	(1,16522)
comparatively	(5,2549)
arrugada	(2,264), (2,251)
apresados	(3,972)
jaquima	(1,17908)
reynapor	(0,1444)
jehova	(2,2146)
incomodidades	(1,8949), (1,10762), (3,1214)
rabiosamente	(2,7642), (2,4171)
llenose	(2,7682)
arrugado	(2,4885)
maltratado	(4,168), (1,6022)
socorro	(4,6980), (5,230), (0,962), (3,426), (0,6600), (0,9032), (1,2155), (4,527), (0,9167), (0,789), (0,8343), (2,1247), (0,417), (0,9505), (0,13153), (1,14403), (0,9316), (3,1288), (0,4391), (0,12839), (0,4776), (0,8296), (0,9256), (0,4393), (0,4779), (3,719), (0,9262), (5,3668), (0,12912), (0,949), (0,5814), (0,2871), (1,14233), (0,8569), (4,6017), (1,14879)
diganle	(1,12752)
morcillas	(4,4267)
disculpas	(1,13154), (1,7316), (1,14727), (1,7099)
provisional	(0,753)
socorre	(0,959)
corrales	(0,12632), (0,9865), (0,10396), (1,16669), (2,2159)
reflexiones	(3,2424), (5,5338), (3,1852), (5,2705)
arise	(1,19233), (4,9157), (2,8309), (5,9132), (0,13977), (3,3280)
anhelo	(2,1505), (5,4968), (2,998), (5,5050), (5,380), (2,4091), (5,7806), (5,2431)
jabon	(2,6360)
padecen	(1,2676), (2,2202)
padecer	(5,5655), (1,16836), (3,2461), (1,18271)
leidos	(5,4325), (1,11959), (5,6686), (2,7052)
desposados	(1,9363), (1,14262), (1,2877), (1,14110), (1,14238)
descendencia	(3,562), (1,9362), (1,14251)
presbiterio	(2,1980)
ruecas	(4,1595)
comunmente	(2,1650), (1,148), (1,6804), (3,840), (2,6312), (1,16232), (2,636), (2,2031), (1,9630)
tercetos	(5,6204), (5,6211)
vecinos	(1,18405), (0,1095), (1,2152), (3,2602), (0,1737), (2,655), (4,4691), (3,1846), (2,663), (4,1885), (2,604), (2,733), (3,448), (3,1153), (1,12930), (3,2953), (2,745), (1,12937), (0,1326), (1,15823), (1,14419), (1,980), (1,981), (5,2777), (1,10837), (3,922), (3,158)
estremecia	(1,10162), (2,7741)
sanos	(1,1423)
diesen	(0,8895), (0,8130), (1,12965), (0,8267), (1,12204), (4,7001), (0,8789), (0,6359), (4,7007), (1,7486), (0,8797), (0,9444), (0,6886), (1,10953), (0,6377), (0,6381), (0,6893), (1,13265), (4,8181), (0,6011), (0,7295), (1,6630), (0,8197), (0,6406), (1,12912), (0,11664), (1,7922), (1,7926), (1,6775), (0,7447), (0,6424), (0,8217), (0,8221), (3,1217), (0,8225), (0,8226), (1,14468), (0,8103), (1,8457), (1,12426), (0,7083), (1,9484), (0,8877), (1,11663), (0,5295), (1,7440), (0,8880), (1,7708), (1,16671)
proyectaron	(5,242)
permanecido	(5,3206), (2,5043), (2,6836), (5,3836)
mujercillas	(1,16358), (1,17084)
fletes	(0,5169)
ladrido	(1,9606)
dilatado	(3,2195), (1,15255), (5,144), (0,3627), (3,1439), (1,2590)
instruyesen	(2,7747)
enmudece	(1,3404)
regimientos	(2,6450), (0,10001), (0,10002)
henchimos	(0,10383)
conexion	(5,4167), (5,1178), (0,221)
estremecio	(1,4405), (2,3737), (1,10171), (2,7741)
dilatada	(1,3232), (5,6296), (0,6020), (3,1737), (5,1293), (0,13448), (3,1743)
nornorueste	(0,10195), (0,10519), (0,9945), (0,10281)
untura	(1,10548), (1,17722)
torciendo	(1,3167)
zarazas	(1,17051)
estimulados	(5,2729), (1,13547)
pilatos	(2,7129)
estafiles	(4,8092)
postrimeria	(1,18569)
huido	(3,965), (4,7516)
predicar	(1,16629)
dieses	(1,9091)
ejercido	(5,137)
predican	(5,5173), (0,9315)
enmendaban	(1,4603)
discordia	(2,5347), (5,3129), (0,3017), (5,3040), (0,462)
recintos	(2,4969)
acompanandolos	(1,4203)
huida	(3,343), (1,15563), (1,15564)
nacemos	(3,2759)
clearly	(0,13889), (3,3191), (1,19144), (2,8220), (4,9070), (5,9043)
ejercida	(5,3033)
redundaban	(1,17350)
tafetan	(1,9505), (1,4450), (1,3491), (1,6651), (1,10031)
negociaciones	(5,2500), (5,5868), (5,2509), (5,2703)
teoria	(5,3014), (4,6038), (5,187), (5,204), (5,192)
peinado	(2,3288), (1,11255)
cacicazgo	(3,405)
fortuna	(4,8516), (5,4903), (1,17830), (1,16427), (5,4017), (1,17069), (2,1040), (1,17073), (5,5814), (3,117), (1,17075), (4,6364), (4,8285), (1,2107), (1,6203), (1,10556), (2,3230), (1,13503), (5,2372), (5,6213), (2,3107), (5,5831), (1,11844), (2,3110), (1,11589), (1,13509), (1,13256), (1,14922), (4,8303), (5,7761), (1,11854), (1,12623), (5,4694), (4,8438), (1,18136), (1,18264), (5,2141), (4,638), (1,14044), (5,4706), (5,3555), (5,6372), (1,9187), (5,5352), (0,772), (5,1257), (5,3820), (1,11880), (4,5644), (4,7182), (5,4977), (5,1778), (2,976), (5,5364), (0,2832), (1,9074), (5,7800), (4,1048), (4,924), (1,7417), (1,6906), (0,5915), (5,7297), (2,1887), (5,1539), (3,2242), (4,8355), (1,2946), (2,3045), (5,7433), (5,652), (5,6028), (1,3213), (5,6545), (1,3343), (4,8371), (5,3733), (5,5527), (5,1816), (1,4116), (1,4372), (5,281), (4,313), (5,1435), (5,4635), (1,8983), (1,16919), (5,2205), (5,3872), (5,4641), (5,3362)
cagustan	(0,13573), (0,12328)
irreverente	(2,2569)
resolver	(5,2438), (2,5572), (5,332), (5,3052), (5,2286), (5,3184), (2,6990), (5,1588), (5,4276), (5,3285), (5,2358), (3,2708), (5,4056), (5,2106), (5,1563), (3,2362), (5,7715)
afirmandoselo	(1,13085)
recuesto	(1,2898), (1,14163), (1,16214), (1,14185), (1,3005)
canonjia	(2,2562), (2,6415), (2,6416)
reflexionar	(2,5034)
asaltan	(5,5384), (5,6990)
renunciando	(1,7728), (2,2444), (2,6303)
albricias	(1,2625), (1,10177), (1,15281), (4,7750), (1,2548), (1,15300), (1,15317), (1,15307), (1,10413), (1,14237), (1,15311)
pedazos	(5,4201), (1,16359), (1,3305), (1,9963), (1,17006), (1,6511), (5,1082), (2,281), (1,4024), (1,13624), (2,5914), (4,1567), (5,2689), (0,7967), (5,4421), (1,16577), (1,18049), (0,7970), (5,2825), (0,6631), (4,6643), (1,17040), (1,18258), (2,5177), (1,17625), (0,9977), (1,10335)
pisotee	(2,865)
suspendidos	(5,7529)
registraba	(2,3563)
disiparia	(5,4694)
ingrata	(1,3213), (4,7552), (4,4897), (4,4898), (1,4063), (5,6083)
nuestras	(0,1345), (1,17956), (0,3013), (3,2794), (0,1363), (0,343), (2,1177), (1,14777), (1,5179), (1,7611), (1,14653), (1,1600), (2,2340), (4,231), (2,6949), (0,1252), (0,1253), (0,1254), (1,5192), (1,2889), (2,557), (1,1740), (1,12620), (3,1560), (1,17882), (0,11899), (1,3297), (0,2568), (1,4074), (1,17516), (1,1134), (1,17395), (5,4091), (1,16253), (2,863), (0,2847), (0,1057), (0,1955), (1,4485), (1,14599), (0,6695), (1,1033), (0,10668), (0,6319), (1,17044), (0,7476), (3,2395), (0,955), (1,2204), (1,17692)
contante	(5,2480)
replacement	(3,3234), (2,8263), (0,13957), (3,3247), (0,13903), (3,3253), (2,8276), (1,19187), (4,9112), (2,8282), (3,3260), (5,9086), (2,8289), (1,19200), (4,9125), (3,3205), (1,19206), (5,9099), (4,9131), (2,8234), (0,13931), (5,9105), (1,19213), (4,9138), (5,9112), (1,19158), (4,9084), (0,13944), (5,9057), (0,13950)
cossas	(0,9277)
verdadera	(1,15264), (5,677), (2,1794), (1,5537), (5,6438), (1,13477), (2,1544), (2,1802), (1,1962), (1,7343), (2,1554), (2,3091), (5,6457), (3,2812), (5,4807), (1,8131), (0,5740), (5,7377), (3,2576), (0,7917), (1,9295), (0,7792), (1,3410), (0,9074), (1,9045), (0,4981), (0,9077), (1,8919), (5,1246), (0,8826), (5,4577), (2,6975), (5,3043), (3,2594), (1,18272), (1,1382), (5,1899), (1,13165), (0,2190), (2,1874), (3,1974), (5,3448), (0,8855), (0,7833), (1,15996), (1,3965), (2,2785), (5,4228), (1,12544), (1,6402), (2,1636), (5,2823), (1,17545), (5,7567), (1,13966), (2,2801), (2,2162), (5,4118), (1,2708), (0,13619), (5,4889), (1,7573), (1,7574), (1,12695), (3,2267), (5,287), (1,10270), (1,17822), (2,6272)
caverna	(2,1688), (2,4314), (2,1551)
deshizo	(3,809), (3,669), (1,18525), (1,16495)
determinaria	(0,810)
ingrato	(4,3941), (2,4102), (1,5525), (2,2537), (1,13037)
manuel	(3,2530), (3,1699), (5,3814), (2,2825), (3,172), (3,2992), (3,2548), (3,2365), (2,5599), (3,2305), (3,2369), (2,5601), (2,2851), (2,2660), (3,2565), (3,1416), (5,5196), (0,12263), (2,7472), (3,2066), (2,7089), (2,4914), (2,7159), (3,2393), (2,7800), (3,2971), (2,5308), (3,2145), (2,2688), (0,13182)
subterfugios	(5,1848)
lavando	(1,1888), (4,1444), (1,3219)
abdiencia	(0,5996)
verdadero	(0,11649), (5,1768), (0,9475), (1,7143), (2,1225), (1,3752), (5,5294), (5,6190), (1,7339), (1,6188), (5,818), (1,18542), (1,111), (0,8846), (5,5172), (1,1330), (1,7989), (1,17845), (2,7319), (1,1335), (1,8824), (1,9658), (5,4418), (2,3808), (5,5379), (1,14079), (4,227), (2,7457), (1,7425), (5,263), (5,5192), (4,7143), (1,1350), (1,9094), (1,11528), (5,4429), (1,3402), (1,3406), (5,3922), (0,11697), (1,9172), (2,2039), (1,3995), (1,8923), (4,192), (1,13917), (1,13983)
espolearlo	(5,986)
equivalia	(5,606), (5,2417)
adoptar	(3,2423), (2,5322)
estremecer	(2,3797), (2,315)
maduros	(1,3104)
hervir	(4,2323)
resolvia	(3,1554), (5,6213), (5,1673), (2,6312), (5,1758), (5,2192)
ambrosinas	(4,7526)
maquinalmente	(2,3433), (2,7369)
resolvio	(2,7041), (2,3860), (5,714), (2,7737), (1,8860)
encantadora	(5,811)
huian	(0,7728), (0,7675)
fealdades	(2,4064)
mandela	(4,3237)
ejercian	(5,7234)
livcomo	(4,8826)
mandele	(4,6084)
registrado	(0,9280), (0,13617)
quantidad	(0,5104), (0,4945), (0,5123), (0,5111), (0,5146), (0,5402), (0,4781)
incompletas	(5,3588), (5,2895), (5,5505)
fortuno	(0,10141)
camisas	(1,4789), (4,3420), (4,7676), (4,7677), (1,4798), (1,15886)
conciertos	(3,2723), (1,15221), (0,5061), (1,1960), (0,4904), (1,18601), (1,14282), (1,9214)
maltratada	(5,948), (1,8489)
desconocidos	(3,2435), (2,4174), (5,5618)
registrada	(1,9420)
oyesedes	(1,13882)
oculares	(3,135)
goceis	(4,1848), (4,921), (4,5289), (4,826), (4,3440)
mandeme	(4,3703)
cozinan	(0,6709)
paladin	(5,5816)
perpetuarse	(2,6442)
dichiendo	(0,9908)
transfigura	(2,4767)
