hierve	(4,7079), (34,7079)
solitarios	(5,6614), (11,7661), (35,6614), (10,7661), (25,7661), (24,7661), (18,7661), (17,7661)
response	(16,6991), (21,15093), (23,10553), (14,5969), (7,10091), (8,48524), (21,8250), (14,5972), (23,10110), (7,15093), (16,1376), (9,10553), (15,53631), (21,14151), (7,8250), (9,10110), (23,6991), (21,5969), (14,10091), (15,48524), (21,5972), (7,14151), (9,6991), (14,15093), (23,1376), (16,10553), (22,53631), (7,5969), (14,8250), (7,5972), (16,10110), (21,10091), (22,48524), (9,1376), (8,53631), (14,14151)
frenillos	(4,5784), (34,5784)
responsive	(23,10678), (8,18909), (16,10678), (22,18909), (9,10678), (15,18909)
informarian	(0,8137), (30,8137)
menjunge	(4,6303), (34,6303)
asegurandolo	(1,2248), (31,2248)
dunwhite	(6,1482), (20,1482), (13,1482)
rival	(35,5570), (13,238), (0,836), (24,21788), (8,27340), (22,12251), (5,3309), (8,3345), (8,41617), (8,44305), (18,21788), (5,5488), (35,6162), (5,2166), (35,2452), (26,10092), (10,21788), (8,12251), (5,1658), (20,238), (5,5570), (15,27340), (35,2209), (35,5539), (12,10092), (15,3345), (15,41617), (15,44305), (25,21788), (30,836), (6,238), (35,3309), (17,21788), (15,12251), (35,5488), (5,6162), (5,2452), (11,21788), (35,2166), (22,27340), (35,1658), (19,10092), (22,3345), (22,41617), (22,44305), (5,2209), (5,5539)
trangues113	(0,10755), (30,10755)
recosida	(1,13618), (31,13618)
